Total Initial Robots: 10
Formation Type: 1
Insertion Auction


[DATA]
0, 0, 
1, 0, 
2, 0, 0, 
3, 0, 0, 
4, 0, 0, 
5, 0, 0, 0, 
6, 0, 0, 0, 
7, 0, 0, 0, 
8, 0, 0, 0.00156035, 
9, 0, 0, 0.00483337, 
10, 0, 0, 0.00979483, 
11, 0, 0, 0.0160166, 
12, 0, 0, 0.0230569, 
13, 0, 0, 0.0306147, 
14, 0, 0, 0.0385074, 
15, 0, 0, 0.0466282, 
16, 0, 0, 0.054908, 
17, 0, 0, 0.0633033, 
18, 0, 0, 0.0717849, 
19, 0, 0, 0.0803325, 
20, 0, 0, 0.0889317, 
21, 0, 0, 0.0975719, 
22, 0, 0, 0.106245, 
23, 0, 0, 0.114945, 
24, 0, 0, 0.123667, 
25, 0, 0, 0.132406, 
26, 0, 0, 0.141161, 
27, 0, 0, 0.149927, 
28, 0, 0, 0.158704, 
29, 0, 0, 0.167488, 
30, 0, 0, 0.176278, 
31, 0, 0, 0.185073, 
32, 0, 0, 0.19387, 0, 
33, 0, 0, 0.202669, 0, 
34, 0, 0, 0.211467, 0, 
35, 0, 0, 0.220263, 0, 
36, 0, 0, 0.229056, 0.00205982, 
37, 0, 0, 0.237841, 0.00507393, 
38, 0, 0, 0.246619, 0.00880477, 
39, 0, 0, 0.255383, 0.013063, 
40, 0, 0, 0.264132, 0.0177157, 
41, 0, 0, 0.272858, 0.0226713, 
42, 0, 0, 0.281554, 0.0278657, 
43, 0, 0, 0.290207, 0.0332531, 
44, 0, 0, 0.298797, 0.0388001, 
45, 0, 0, 0.307291, 0.0444813, 
46, 0, 0, 0.315628, 0.0502774, 
47, 0, 0, 0.323674, 0.0561731, 
48, 0, 0, 0.331103, 0.0621566, 
49, 0, 0, 0.337007, 0.068218, 0, 
50, 0, 0, 0.337007, 0.0743495, 0, 
51, 0, 0, 0.337007, 0.0805445, 0, 
52, 0, 0, 0.337007, 0.0867976, 0, 
53, 0, 0, 0.337007, 0.0931042, 0.00166467, 
54, 0, 0, 0.337007, 0.0994605, 0.00496536, 
55, 0, 0, 0.337007, 0.105863, 0.00970286, 
56, 0, 0, 0.337007, 0.112309, 0.0154691, 
57, 0, 0, 0.337007, 0.118797, 0.021931, 
58, 0, 0, 0.337007, 0.125323, 0.0288681, 
59, 0, 0, 0.337007, 0.131887, 0.0361406, 
60, 0, 0, 0.337007, 0.138487, 0.0436578, 
61, 0, 0, 0.337007, 0.145121, 0.0513596, 
62, 0, 0, 0.337007, 0.151789, 0.0592045, 
63, 0, 0, 0.337007, 0.158488, 0.0671632, 
64, 0, 0, 0.337007, 0.165219, 0.0752141, 
65, 0, 0, 0.337007, 0.17198, 0.0833411, 
66, 0, 0, 0.337007, 0.178771, 0.0915319, 
67, 0, 0, 0.337007, 0.18559, 0.099777, 
68, 0, 0, 0.337007, 0.192436, 0.108069, 
69, 0, 0, 0.337007, 0.199306, 0.116401, 
70, 0, 0, 0.337007, 0.206198, 0.124769, 
71, 0, 0, 0.337007, 0.213105, 0.133168, 
72, 0, 0, 0.337007, 0.220016, 0.141595, 
73, 0, 0, 0.337007, 0.226912, 0.150048, 
74, 0, 0, 0.337007, 0.233745, 0.158522, 
75, 0, 0, 0.337007, 0.240402, 0.167018, 
76, 0, 0, 0.337007, 0.246557, 0.175532, 
77, 0, 0, 0.337007, 0.251205, 0.184063, 0, 
78, 0, 0, 0.337007, 0.251205, 0.192609, 0, 
79, 0, 0, 0.337007, 0.251205, 0.20117, 0, 
80, 0, 0, 0.337007, 0.251205, 0.209744, 0, 
81, 0, 0, 0.337007, 0.251205, 0.21833, 0, 
82, 0, 0, 0.337007, 0.251205, 0.226927, 0, 
83, 0, 0, 0.337007, 0.251205, 0.235534, 0, 
84, 0, 0, 0.337007, 0.251205, 0.244151, 0, 
85, 0, 0, 0.337007, 0.251205, 0.252775, 0, 
86, 0, 0, 0.337007, 0.251205, 0.261407, 0, 
87, 0, 0, 0.337007, 0.251205, 0.270046, 0, 
88, 0, 0, 0.337007, 0.251205, 0.278689, 0, 
89, 0, 0, 0.337007, 0.251205, 0.287337, 0, 
90, 0, 0, 0.337007, 0.251205, 0.295988, 0, 
91, 0, 0, 0.337007, 0.251205, 0.30464, 0, 
92, 0, 0, 0.337007, 0.251205, 0.31329, 0, 
93, 0, 0, 0.337007, 0.251205, 0.321937, 0, 
94, 0, 0, 0.337007, 0.251205, 0.330575, 0, 
95, 0, 0, 0.337007, 0.251205, 0.339201, 0, 
96, 0, 0, 0.337007, 0.251205, 0.347804, 0, 
97, 0, 0, 0.337007, 0.251205, 0.356372, 0, 
98, 0, 0, 0.337007, 0.251205, 0.364883, 0, 
99, 0, 0, 0.337007, 0.251205, 0.373293, 0, 
100, 0, 0, 0.337007, 0.251205, 0.381513, 0, 
101, 0, 0, 0.337007, 0.251205, 0.389328, 0, 
102, 0, 0, 0.337007, 0.251205, 0.3961, 0, 
103, 0, 0, 0.337007, 0.251205, 0.3961, 0, 0, 
104, 0, 0, 0.337007, 0.251205, 0.3961, 0, 0, 
105, 0, 0, 0.337007, 0.251205, 0.3961, 0, 0, 
106, 0, 0, 0.337007, 0.251205, 0.3961, 0, 0, 
107, 0, 0, 0.337007, 0.251205, 0.3961, 0, 0.00179791, 
108, 0, 0, 0.337007, 0.251205, 0.3961, 0, 0.00523037, 
109, 0, 0, 0.337007, 0.251205, 0.3961, 0, 0.0100557, 
110, 0, 0, 0.337007, 0.251205, 0.3961, 0, 0.0158639, 
111, 0, 0, 0.337007, 0.251205, 0.3961, 0, 0.0223332, 
112, 0, 0, 0.337007, 0.251205, 0.3961, 0, 0.0292535, 
113, 0, 0, 0.337007, 0.251205, 0.3961, 0, 0.0364917, 
114, 0, 0, 0.337007, 0.251205, 0.3961, 0, 0.043962, 
115, 0, 0, 0.337007, 0.251205, 0.3961, 0, 0.0516073, 
116, 0, 0, 0.337007, 0.251205, 0.3961, 0, 0.059388, 
117, 0, 0, 0.337007, 0.251205, 0.3961, 0, 0.0672764, 
118, 0, 0, 0.337007, 0.251205, 0.3961, 0, 0.075252, 
119, 0, 0, 0.337007, 0.251205, 0.3961, 0, 0.0832995, 
120, 0, 0, 0.337007, 0.251205, 0.3961, 0, 0.0914071, 
121, 0, 0, 0.337007, 0.251205, 0.3961, 0, 0.0995657, 0, 
122, 0, 0, 0.337007, 0.251205, 0.3961, 0, 0.107768, 0, 
123, 0, 0, 0.337007, 0.251205, 0.3961, 0, 0.116009, 0, 
124, 0, 0, 0.337007, 0.251205, 0.3961, 0, 0.124283, 0.0031163, 
125, 0, 0, 0.337007, 0.251205, 0.3961, 0, 0.132586, 0.00816406, 
126, 0, 0, 0.337007, 0.251205, 0.3961, 0, 0.140915, 0.0132075, 
127, 0, 0, 0.337007, 0.251205, 0.3961, 0, 0.149268, 0.0180111, 
128, 0, 0, 0.337007, 0.251205, 0.3961, 0, 0.157642, 0.0225825, 
129, 0, 0, 0.337007, 0.251205, 0.3961, 0, 0.166035, 0.0269577, 
130, 0, 0, 0.337007, 0.251205, 0.3961, 0, 0.174446, 0.0311699, 
131, 0, 0, 0.337007, 0.251205, 0.3961, 0, 0.182872, 0.0352458, 
132, 0, 0, 0.337007, 0.251205, 0.3961, 0, 0.191313, 0.0392064, 
133, 0, 0, 0.337007, 0.251205, 0.3961, 0, 0.199768, 0.0430684, 
134, 0, 0, 0.337007, 0.251205, 0.3961, 0, 0.208235, 0.0468449, 
135, 0, 0, 0.337007, 0.251205, 0.3961, 0, 0.216714, 0.0505467, 
136, 0, 0, 0.337007, 0.251205, 0.3961, 0, 0.225204, 0.0541824, 
137, 0, 0, 0.337007, 0.251205, 0.3961, 0, 0.233703, 0.0577592, 
138, 0, 0, 0.337007, 0.251205, 0.3961, 0, 0.242213, 0.0612831, 
139, 0, 0, 0.337007, 0.251205, 0.3961, 0, 0.250731, 0.0647591, 
140, 0, 0, 0.337007, 0.251205, 0.3961, 0, 0.259258, 0.0681917, 
141, 0, 0, 0.337007, 0.251205, 0.3961, 0, 0.267793, 0.0715846, 
142, 0, 0, 0.337007, 0.251205, 0.3961, 0, 0.276336, 0.0749408, 
143, 0, 0, 0.337007, 0.251205, 0.3961, 0, 0.284885, 0.0782633, 
144, 0, 0, 0.337007, 0.251205, 0.3961, 0, 0.293442, 0.0815545, 
145, 0, 0, 0.337007, 0.251205, 0.3961, 0, 0.302005, 0.0848166, 
146, 0, 0, 0.337007, 0.251205, 0.3961, 0, 0.310575, 0.0880514, 
147, 0, 0, 0.337007, 0.251205, 0.3961, 0, 0.31915, 0.0912607, 
148, 0, 0, 0.337007, 0.251205, 0.3961, 0, 0.327731, 0.0944461, 
149, 0, 0, 0.337007, 0.251205, 0.3961, 0, 0.336318, 0.0976088, 
150, 0, 0, 0.337007, 0.251205, 0.3961, 0, 0.34491, 0.10075, 
151, 0, 0, 0.337007, 0.251205, 0.3961, 0, 0.353507, 0.103871, 
152, 0, 0, 0.337007, 0.251205, 0.3961, 0, 0.362108, 0.106973, 
153, 0, 0, 0.337007, 0.251205, 0.3961, 0, 0.370715, 0.110056, 
154, 0, 0, 0.337007, 0.251205, 0.3961, 0, 0.379326, 0.113122, 
155, 0, 0, 0.337007, 0.251205, 0.3961, 0, 0.387942, 0.116172, 
156, 0, 0, 0.337007, 0.251205, 0.3961, 0, 0.396562, 0.119205, 
157, 0, 0, 0.337007, 0.251205, 0.3961, 0, 0.405186, 0.122223, 
158, 0, 0, 0.337007, 0.251205, 0.3961, 0, 0.413814, 0.125226, 
159, 0, 0, 0.337007, 0.251205, 0.3961, 0, 0.422446, 0.128215, 
160, 0, 0, 0.337007, 0.251205, 0.3961, 0, 0.431082, 0.13119, 
161, 0, 0, 0.337007, 0.251205, 0.3961, 0, 0.439721, 0.134152, 
162, 0, 0, 0.337007, 0.251205, 0.3961, 0, 0.448364, 0.137101, 
163, 0, 0, 0.337007, 0.251205, 0.3961, 0, 0.457011, 0.140038, 
164, 0, 0, 0.337007, 0.251205, 0.3961, 0, 0.46566, 0.142963, 
165, 0, 0, 0.337007, 0.251205, 0.3961, 0, 0.474313, 0.145876, 
166, 0, 0, 0.337007, 0.251205, 0.3961, 0, 0.482969, 0.148778, 
167, 0, 0, 0.337007, 0.251205, 0.3961, 0, 0.491628, 0.151669, 
168, 0, 0, 0.337007, 0.251205, 0.3961, 0, 0.50029, 0.154548, 
169, 0, 0, 0.337007, 0.251205, 0.3961, 0, 0.508954, 0.157418, 
170, 0, 0, 0.337007, 0.251205, 0.3961, 0, 0.517621, 0.160277, 
171, 0, 0, 0.337007, 0.251205, 0.3961, 0, 0.52629, 0.163126, 
172, 0, 0, 0.337007, 0.251205, 0.3961, 0, 0.534961, 0.165965, 
173, 0, 0, 0.337007, 0.251205, 0.3961, 0, 0.543634, 0.168795, 
174, 0, 0, 0.337007, 0.251205, 0.3961, 0, 0.552308, 0.171615, 
175, 0, 0, 0.337007, 0.251205, 0.3961, 0, 0.560983, 0.174426, 
176, 0, 0, 0.337007, 0.251205, 0.3961, 0, 0.569658, 0.177228, 
177, 0, 0, 0.337007, 0.251205, 0.3961, 0, 0.578333, 0.180021, 
178, 0, 0, 0.337007, 0.251205, 0.3961, 0, 0.587007, 0.182804, 
179, 0, 0, 0.337007, 0.251205, 0.3961, 0, 0.595679, 0.18558, 
180, 0, 0, 0.337007, 0.251205, 0.3961, 0, 0.604346, 0.188346, 
181, 0, 0, 0.337007, 0.251205, 0.3961, 0, 0.613006, 0.191104, 
182, 0, 0, 0.337007, 0.251205, 0.3961, 0, 0.621655, 0.193854, 
183, 0, 0, 0.337007, 0.251205, 0.3961, 0, 0.630288, 0.196595, 
184, 0, 0, 0.337007, 0.251205, 0.3961, 0, 0.638894, 0.199328, 
185, 0, 0, 0.337007, 0.251205, 0.3961, 0, 0.647457, 0.202053, 
186, 0, 0, 0.337007, 0.251205, 0.3961, 0, 0.655943, 0.20477, 
187, 0, 0, 0.337007, 0.251205, 0.3961, 0, 0.664278, 0.207479, 
188, 0, 0, 0.337007, 0.251205, 0.3961, 0, 0.672269, 0.210179, 
189, 0, 0, 0.337007, 0.251205, 0.3961, 0, 0.679258, 0.212872, 0, 
190, 0, 0, 0.337007, 0.251205, 0.3961, 0, 0.679258, 0.215557, 0, 
191, 0, 0, 0.337007, 0.251205, 0.3961, 0, 0.679258, 0.218233, 0, 
192, 0, 0, 0.337007, 0.251205, 0.3961, 0, 0.679258, 0.220902, 0, 
193, 0, 0, 0.337007, 0.251205, 0.3961, 0, 0.679258, 0.223562, 0.00268996, 
194, 0, 0, 0.337007, 0.251205, 0.3961, 0, 0.679258, 0.226215, 0.00621563, 
195, 0, 0, 0.337007, 0.251205, 0.3961, 0, 0.679258, 0.22886, 0.0092462, 
196, 0, 0, 0.337007, 0.251205, 0.3961, 0, 0.679258, 0.231496, 0.0118065, 
197, 0, 0, 0.337007, 0.251205, 0.3961, 0, 0.679258, 0.234125, 0.0140051, 
198, 0, 0, 0.337007, 0.251205, 0.3961, 0, 0.679258, 0.236745, 0.0159253, 
199, 0, 0, 0.337007, 0.251205, 0.3961, 0, 0.679258, 0.239358, 0.0176262, 
200, 0, 0, 0.337007, 0.251205, 0.3961, 0, 0.679258, 0.241962, 0.0191495, 
201, 0, 0, 0.337007, 0.251205, 0.3961, 0, 0.679258, 0.244557, 0.0205263, 
202, 0, 0, 0.337007, 0.251205, 0.3961, 0, 0.679258, 0.247144, 0.0217796, 
203, 0, 0, 0.337007, 0.251205, 0.3961, 0, 0.679258, 0.249723, 0.0229272, 
204, 0, 0, 0.337007, 0.251205, 0.3961, 0, 0.679258, 0.252293, 0.0239833, 
205, 0, 0, 0.337007, 0.251205, 0.3961, 0, 0.679258, 0.254854, 0.0239833, 
206, 0, 0, 0.337007, 0.251205, 0.3961, 0, 0.679258, 0.257406, 0.0239833, 
207, 0, 0, 0.337007, 0.251205, 0.3961, 0, 0.679258, 0.259949, 0.0239833, 
208, 0, 0, 0.337007, 0.251205, 0.3961, 0, 0.679258, 0.262482, 0.0239833, 
209, 0, 0, 0.337007, 0.251205, 0.3961, 0, 0.679258, 0.265006, 0.0239833, 
210, 0, 0, 0.337007, 0.251205, 0.3961, 0, 0.679258, 0.267519, 0.0239833, 
211, 0, 0, 0.337007, 0.251205, 0.3961, 0, 0.679258, 0.270023, 0.0239833, 
212, 0, 0, 0.337007, 0.251205, 0.3961, 0, 0.679258, 0.272516, 0.0239833, 
213, 0, 0, 0.337007, 0.251205, 0.3961, 0, 0.679258, 0.274998, 0.0239833, 
214, 0, 0, 0.337007, 0.251205, 0.3961, 0, 0.679258, 0.277469, 0.0239833, 
215, 0, 0, 0.337007, 0.251205, 0.3961, 0, 0.679258, 0.279927, 0.0239833, 
216, 0, 0, 0.337007, 0.251205, 0.3961, 0, 0.679258, 0.282374, 0.0239833, 
217, 0, 0, 0.337007, 0.251205, 0.3961, 0, 0.679258, 0.284807, 0.0239833, 
218, 0, 0, 0.337007, 0.251205, 0.3961, 0, 0.679258, 0.287227, 0.0239833, 
219, 0, 0, 0.337007, 0.251205, 0.3961, 0, 0.679258, 0.289632, 0.0239833, 
220, 0, 0, 0.337007, 0.251205, 0.3961, 0, 0.679258, 0.292021, 0.0239833, 
221, 0, 0, 0.337007, 0.251205, 0.3961, 0, 0.679258, 0.294394, 0.0239833, 
222, 0, 0, 0.337007, 0.251205, 0.3961, 0, 0.679258, 0.296748, 0.0239833, 
223, 0, 0, 0.337007, 0.251205, 0.3961, 0, 0.679258, 0.299083, 0.0239833, 
224, 0, 0, 0.337007, 0.251205, 0.3961, 0, 0.679258, 0.301395, 0.0239833, 
225, 0, 0, 0.337007, 0.251205, 0.3961, 0, 0.679258, 0.303683, 0.0239833, 
226, 0, 0, 0.337007, 0.251205, 0.3961, 0, 0.679258, 0.305944, 0.0239833, 
227, 0, 0, 0.337007, 0.251205, 0.3961, 0, 0.679258, 0.308172, 0.0239833, 
228, 0, 0, 0.337007, 0.251205, 0.3961, 0, 0.679258, 0.310363, 0.0239833, 
229, 0, 0, 0.337007, 0.251205, 0.3961, 0, 0.679258, 0.312507, 0.0239833, 
230, 0, 0, 0.337007, 0.251205, 0.3961, 0, 0.679258, 0.314593, 0.0239833, 
231, 0, 0, 0.337007, 0.251205, 0.3961, 0, 0.679258, 0.3166, 0.0239833, 
232, 0, 0, 0.337007, 0.251205, 0.3961, 0, 0.679258, 0.318494, 0.0239833, 
233, 0, 0, 0.337007, 0.251205, 0.3961, 0, 0.679258, 0.320194, 0.0239833, 
234, 0, 0, 0.337007, 0.251205, 0.3961, 0, 0.679258, 0.321468, 0.0239833, 0, 
235, 0, 0, 0.337007, 0.251205, 0.3961, 0, 0.679258, 0.321468, 0.0239833, 0, 
236, 0, 0, 0.337007, 0.251205, 0.3961, 0, 0.679258, 0.321468, 0.0239833, 0.00284523, 
237, 0, 0, 0.337007, 0.251205, 0.3961, 0, 0.679258, 0.321468, 0.0239833, 0.00817551, 
238, 0, 0, 0.337007, 0.251205, 0.3961, 0, 0.679258, 0.321468, 0.0239833, 0.0147061, 
239, 0, 0, 0.337007, 0.251205, 0.3961, 0, 0.679258, 0.321468, 0.0239833, 0.0219986, 
240, 0, 0, 0.337007, 0.251205, 0.3961, 0, 0.679258, 0.321468, 0.0239833, 0.0297672, 
241, 0, 0, 0.337007, 0.251205, 0.3961, 0, 0.679258, 0.321468, 0.0239833, 0.0378425, 
242, 0, 0, 0.337007, 0.251205, 0.3961, 0, 0.679258, 0.321468, 0.0239833, 0.0461236, 
243, 0, 0, 0.337007, 0.251205, 0.3961, 0, 0.679258, 0.321468, 0.0239833, 0.0545488, 
244, 0, 0, 0.337007, 0.251205, 0.3961, 0, 0.679258, 0.321468, 0.0239833, 0.0630782, 
245, 0, 0, 0.337007, 0.251205, 0.3961, 0, 0.679258, 0.321468, 0.0239833, 0.0716855, 
246, 0, 0, 0.337007, 0.251205, 0.3961, 0, 0.679258, 0.321468, 0.0239833, 0.0803523, 
247, 0, 0, 0.337007, 0.251205, 0.3961, 0, 0.679258, 0.321468, 0.0239833, 0.0890658, 
248, 0, 0, 0.337007, 0.251205, 0.3961, 0, 0.679258, 0.321468, 0.0239833, 0.0978164, 
249, 0, 0, 0.337007, 0.251205, 0.3961, 0, 0.679258, 0.321468, 0.0239833, 0.106597, 
250, 0, 0, 0.337007, 0.251205, 0.3961, 0, 0.679258, 0.321468, 0.0239833, 0.115403, 
251, 0, 0, 0.337007, 0.251205, 0.3961, 0, 0.679258, 0.321468, 0.0239833, 0.124229, 
252, 0, 0, 0.337007, 0.251205, 0.3961, 0, 0.679258, 0.321468, 0.0239833, 0.133072, 
253, 0, 0, 0.337007, 0.251205, 0.3961, 0, 0.679258, 0.321468, 0.0239833, 0.141931, 
254, 0, 0, 0.337007, 0.251205, 0.3961, 0, 0.679258, 0.321468, 0.0239833, 0.150802, 
255, 0, 0, 0.337007, 0.251205, 0.3961, 0, 0.679258, 0.321468, 0.0239833, 0.159684, 
256, 0, 0, 0.337007, 0.251205, 0.3961, 0, 0.679258, 0.321468, 0.0239833, 0.168575, 
257, 0, 0, 0.337007, 0.251205, 0.3961, 0, 0.679258, 0.321468, 0.0239833, 0.177475, 
258, 0, 0, 0.337007, 0.251205, 0.3961, 0, 0.679258, 0.321468, 0.0239833, 0.186382, 
259, 0, 0, 0.337007, 0.251205, 0.3961, 0, 0.679258, 0.321468, 0.0239833, 0.195295, 
260, 0, 0, 0.337007, 0.251205, 0.3961, 0, 0.679258, 0.321468, 0.0239833, 0.204215, 
261, 0, 0, 0.337007, 0.251205, 0.3961, 0, 0.679258, 0.321468, 0.0239833, 0.213139, 
262, 0, 0, 0.337007, 0.251205, 0.3961, 0, 0.679258, 0.321468, 0.0239833, 0.222069, 
263, 0, 0, 0.337007, 0.251205, 0.3961, 0, 0.679258, 0.321468, 0.0239833, 0.231002, 
264, 0, 0, 0.337007, 0.251205, 0.3961, 0, 0.679258, 0.321468, 0.0239833, 0.239939, 
265, 0, 0, 0.337007, 0.251205, 0.3961, 0, 0.679258, 0.321468, 0.0239833, 0.24888, 
266, 0, 0, 0.337007, 0.251205, 0.3961, 0, 0.679258, 0.321468, 0.0239833, 0.257823, 
267, 0, 0, 0.337007, 0.251205, 0.3961, 0, 0.679258, 0.321468, 0.0239833, 0.26677, 
268, 0, 0, 0.337007, 0.251205, 0.3961, 0, 0.679258, 0.321468, 0.0239833, 0.275719, 
269, 0, 0, 0.337007, 0.251205, 0.3961, 0, 0.679258, 0.321468, 0.0239833, 0.284671, 
270, 0, 0, 0.337007, 0.251205, 0.3961, 0, 0.679258, 0.321468, 0.0239833, 0.293625, 
271, 0, 0, 0.337007, 0.251205, 0.3961, 0, 0.679258, 0.321468, 0.0239833, 0.302581, 
272, 0, 0, 0.337007, 0.251205, 0.3961, 0, 0.679258, 0.321468, 0.0239833, 0.311539, 
273, 0, 0, 0.337007, 0.251205, 0.3961, 0, 0.679258, 0.321468, 0.0239833, 0.320498, 
274, 0, 0, 0.337007, 0.251205, 0.3961, 0, 0.679258, 0.321468, 0.0239833, 0.329459, 
275, 0, 0, 0.337007, 0.251205, 0.3961, 0, 0.679258, 0.321468, 0.0239833, 0.338422, 
276, 0, 0, 0.337007, 0.251205, 0.3961, 0, 0.679258, 0.321468, 0.0239833, 0.347386, 
277, 0, 0, 0.337007, 0.251205, 0.3961, 0, 0.679258, 0.321468, 0.0239833, 0.356352, 
278, 0, 0, 0.337007, 0.251205, 0.3961, 0, 0.679258, 0.321468, 0.0239833, 0.365318, 
279, 0, 0, 0.337007, 0.251205, 0.3961, 0, 0.679258, 0.321468, 0.0239833, 0.374286, 
280, 0, 0, 0.337007, 0.251205, 0.3961, 0, 0.679258, 0.321468, 0.0239833, 0.383255, 
281, 0, 0, 0.337007, 0.251205, 0.3961, 0, 0.679258, 0.321468, 0.0239833, 0.392225, 
282, 0, 0, 0.337007, 0.251205, 0.3961, 0, 0.679258, 0.321468, 0.0239833, 0.401196, 
283, 0, 0, 0.337007, 0.251205, 0.3961, 0, 0.679258, 0.321468, 0.0239833, 0.410168, 
284, 0, 0, 0.337007, 0.251205, 0.3961, 0, 0.679258, 0.321468, 0.0239833, 0.41914, 
285, 0, 0, 0.337007, 0.251205, 0.3961, 0, 0.679258, 0.321468, 0.0239833, 0.428114, 
286, 0, 0, 0.337007, 0.251205, 0.3961, 0, 0.679258, 0.321468, 0.0239833, 0.437088, 
287, 0, 0, 0.337007, 0.251205, 0.3961, 0, 0.679258, 0.321468, 0.0239833, 0.446063, 
288, 0, 0, 0.337007, 0.251205, 0.3961, 0, 0.679258, 0.321468, 0.0239833, 0.455038, 
289, 0, 0, 0.337007, 0.251205, 0.3961, 0, 0.679258, 0.321468, 0.0239833, 0.464014, 
290, 0, 0, 0.337007, 0.251205, 0.3961, 0, 0.679258, 0.321468, 0.0239833, 0.472991, 
291, 0, 0, 0.337007, 0.251205, 0.3961, 0, 0.679258, 0.321468, 0.0239833, 0.481968, 
292, 0, 0, 0.337007, 0.251205, 0.3961, 0, 0.679258, 0.321468, 0.0239833, 0.490946, 
293, 0, 0, 0.337007, 0.251205, 0.3961, 0, 0.679258, 0.321468, 0.0239833, 0.499924, 
294, 0, 0, 0.337007, 0.251205, 0.3961, 0, 0.679258, 0.321468, 0.0239833, 0.508903, 
295, 0, 0, 0.337007, 0.251205, 0.3961, 0, 0.679258, 0.321468, 0.0239833, 0.517882, 
296, 0, 0, 0.337007, 0.251205, 0.3961, 0, 0.679258, 0.321468, 0.0239833, 0.526862, 
297, 0, 0, 0.337007, 0.251205, 0.3961, 0, 0.679258, 0.321468, 0.0239833, 0.535842, 
298, 0, 0, 0.337007, 0.251205, 0.3961, 0, 0.679258, 0.321468, 0.0239833, 0.544823, 
299, 0, 0, 0.337007, 0.251205, 0.3961, 0, 0.679258, 0.321468, 0.0239833, 0.553804, 
300, 0, 0, 0.337007, 0.251205, 0.3961, 0, 0.679258, 0.321468, 0.0239833, 0.562785, 
301, 0, 0, 0.337007, 0.251205, 0.3961, 0, 0.679258, 0.321468, 0.0239833, 0.571767, 
302, 0, 0, 0.337007, 0.251205, 0.3961, 0, 0.679258, 0.321468, 0.0239833, 0.580749, 
303, 0, 0, 0.337007, 0.251205, 0.3961, 0, 0.679258, 0.321468, 0.0239833, 0.589731, 
304, 0, 0, 0.337007, 0.251205, 0.3961, 0, 0.679258, 0.321468, 0.0239833, 0.598713, 
305, 0, 0, 0.337007, 0.251205, 0.3961, 0, 0.679258, 0.321468, 0.0239833, 0.607696, 
306, 0, 0, 0.337007, 0.251205, 0.3961, 0, 0.679258, 0.321468, 0.0239833, 0.616679, 
307, 0, 0, 0.337007, 0.251205, 0.3961, 0, 0.679258, 0.321468, 0.0239833, 0.625663, 
308, 0, 0, 0.337007, 0.251205, 0.3961, 0, 0.679258, 0.321468, 0.0239833, 0.634646, 
309, 0, 0, 0.337007, 0.251205, 0.3961, 0, 0.679258, 0.321468, 0.0239833, 0.64363, 
310, 0, 0, 0.337007, 0.251205, 0.3961, 0, 0.679258, 0.321468, 0.0239833, 0.652614, 
311, 0, 0, 0.337007, 0.251205, 0.3961, 0, 0.679258, 0.321468, 0.0239833, 0.661598, 
312, 0, 0, 0.337007, 0.251205, 0.3961, 0, 0.679258, 0.321468, 0.0239833, 0.670582, 
313, 0, 0, 0.337007, 0.251205, 0.3961, 0, 0.679258, 0.321468, 0.0239833, 0.679567, 
314, 0, 0, 0.337007, 0.251205, 0.3961, 0, 0.679258, 0.321468, 0.0239833, 0.688552, 
315, 0, 0, 0.337007, 0.251205, 0.3961, 0, 0.679258, 0.321468, 0.0239833, 0.697537, 
316, 0, 0, 0.337007, 0.251205, 0.3961, 0, 0.679258, 0.321468, 0.0239833, 0.706522, 
317, 0, 0, 0.337007, 0.251205, 0.3961, 0, 0.679258, 0.321468, 0.0239833, 0.715507, 
318, 0, 0, 0.337007, 0.251205, 0.3961, 0, 0.679258, 0.321468, 0.0239833, 0.724493, 
319, 0, 0, 0.337007, 0.251205, 0.3961, 0, 0.679258, 0.321468, 0.0239833, 0.733478, 
320, 0, 0, 0.337007, 0.251205, 0.3961, 0, 0.679258, 0.321468, 0.0239833, 0.742464, 
321, 0, 0, 0.337007, 0.251205, 0.3961, 0, 0.679258, 0.321468, 0.0239833, 0.751449, 
322, 0, 0, 0.337007, 0.251205, 0.3961, 0, 0.679258, 0.321468, 0.0239833, 0.760435, 
323, 0, 0, 0.337007, 0.251205, 0.3961, 0, 0.679258, 0.321468, 0.0239833, 0.769421, 
324, 0, 0, 0.337007, 0.251205, 0.3961, 0, 0.679258, 0.321468, 0.0239833, 0.778407, 
325, 0, 0, 0.337007, 0.251205, 0.3961, 0, 0.679258, 0.321468, 0.0239833, 0.787394, 
326, 0, 0, 0.337007, 0.251205, 0.3961, 0, 0.679258, 0.321468, 0.0239833, 0.79638, 
327, 0, 0, 0.337007, 0.251205, 0.3961, 0, 0.679258, 0.321468, 0.0239833, 0.805366, 
328, 0, 0, 0.337007, 0.251205, 0.3961, 0, 0.679258, 0.321468, 0.0239833, 0.814352, 
329, 0, 0, 0.337007, 0.251205, 0.3961, 0, 0.679258, 0.321468, 0.0239833, 0.823339, 
330, 0, 0, 0.337007, 0.251205, 0.3961, 0, 0.679258, 0.321468, 0.0239833, 0.832325, 
331, 0, 0, 0.337007, 0.251205, 0.3961, 0, 0.679258, 0.321468, 0.0239833, 0.841312, 
332, 0, 0, 0.337007, 0.251205, 0.3961, 0, 0.679258, 0.321468, 0.0239833, 0.850298, 
333, 0, 0, 0.337007, 0.251205, 0.3961, 0, 0.679258, 0.321468, 0.0239833, 0.859285, 
334, 0, 0, 0.337007, 0.251205, 0.3961, 0, 0.679258, 0.321468, 0.0239833, 0.868272, 
335, 0, 0, 0.337007, 0.251205, 0.3961, 0, 0.679258, 0.321468, 0.0239833, 0.877258, 
336, 0, 0, 0.337007, 0.251205, 0.3961, 0, 0.679258, 0.321468, 0.0239833, 0.886245, 
337, 0, 0, 0.337007, 0.251205, 0.3961, 0, 0.679258, 0.321468, 0.0239833, 0.895231, 
338, 0, 0, 0.337007, 0.251205, 0.3961, 0, 0.679258, 0.321468, 0.0239833, 0.904218, 
339, 0, 0, 0.337007, 0.251205, 0.3961, 0, 0.679258, 0.321468, 0.0239833, 0.913205, 
340, 0, 0, 0.337007, 0.251205, 0.3961, 0, 0.679258, 0.321468, 0.0239833, 0.922191, 
341, 0, 0, 0.337007, 0.251205, 0.3961, 0, 0.679258, 0.321468, 0.0239833, 0.931178, 
342, 0, 0, 0.337007, 0.251205, 0.3961, 0, 0.679258, 0.321468, 0.0239833, 0.940165, 
343, 0, 0, 0.337007, 0.251205, 0.3961, 0, 0.679258, 0.321468, 0.0239833, 0.949151, 
344, 0, 0, 0.337007, 0.251205, 0.3961, 0, 0.679258, 0.321468, 0.0239833, 0.958138, 
345, 0, 0, 0.337007, 0.251205, 0.3961, 0, 0.679258, 0.321468, 0.0239833, 0.967124, 
346, 0, 0, 0.337007, 0.251205, 0.3961, 0, 0.679258, 0.321468, 0.0239833, 0.97611, 
347, 0, 0, 0.337007, 0.251205, 0.3961, 0, 0.679258, 0.321468, 0.0239833, 0.985096, 
348, 0, 0, 0.337007, 0.251205, 0.3961, 0, 0.679258, 0.321468, 0.0239833, 0.994083, 
349, 0, 0, 0.337007, 0.251205, 0.3961, 0, 0.679258, 0.321468, 0.0239833, 1.00307, 
350, 0, 0, 0.337007, 0.251205, 0.3961, 0, 0.679258, 0.321468, 0.0239833, 1.01205, 
351, 0, 0, 0.337007, 0.251205, 0.3961, 0, 0.679258, 0.321468, 0.0239833, 1.02104, 
352, 0, 0, 0.337007, 0.251205, 0.3961, 0, 0.679258, 0.321468, 0.0239833, 1.03003, 
353, 0, 0, 0.337007, 0.251205, 0.3961, 0, 0.679258, 0.321468, 0.0239833, 1.03901, 
354, 0, 0, 0.337007, 0.251205, 0.3961, 0, 0.679258, 0.321468, 0.0239833, 1.048, 
355, 0, 0, 0.337007, 0.251205, 0.3961, 0, 0.679258, 0.321468, 0.0239833, 1.05698, 
356, 0, 0, 0.337007, 0.251205, 0.3961, 0, 0.679258, 0.321468, 0.0239833, 1.06597, 
357, 0, 0, 0.337007, 0.251205, 0.3961, 0, 0.679258, 0.321468, 0.0239833, 1.07495, 
358, 0, 0, 0.337007, 0.251205, 0.3961, 0, 0.679258, 0.321468, 0.0239833, 1.08394, 
359, 0, 0, 0.337007, 0.251205, 0.3961, 0, 0.679258, 0.321468, 0.0239833, 1.09292, 
360, 0, 0, 0.337007, 0.251205, 0.3961, 0, 0.679258, 0.321468, 0.0239833, 1.10191, 
361, 0, 0, 0.337007, 0.251205, 0.3961, 0, 0.679258, 0.321468, 0.0239833, 1.11089, 
362, 0, 0, 0.337007, 0.251205, 0.3961, 0, 0.679258, 0.321468, 0.0239833, 1.11987, 
363, 0, 0, 0.337007, 0.251205, 0.3961, 0, 0.679258, 0.321468, 0.0239833, 1.12886, 
364, 0, 0, 0.337007, 0.251205, 0.3961, 0, 0.679258, 0.321468, 0.0239833, 1.13784, 
365, 0, 0, 0.337007, 0.251205, 0.3961, 0, 0.679258, 0.321468, 0.0239833, 1.14682, 
366, 0, 0, 0.337007, 0.251205, 0.3961, 0, 0.679258, 0.321468, 0.0239833, 1.1558, 
367, 0, 0, 0.337007, 0.251205, 0.3961, 0, 0.679258, 0.321468, 0.0239833, 1.16479, 
368, 0, 0, 0.337007, 0.251205, 0.3961, 0, 0.679258, 0.321468, 0.0239833, 1.17377, 
369, 0, 0, 0.337007, 0.251205, 0.3961, 0, 0.679258, 0.321468, 0.0239833, 1.18275, 
370, 0, 0, 0.337007, 0.251205, 0.3961, 0, 0.679258, 0.321468, 0.0239833, 1.19173, 
371, 0, 0, 0.337007, 0.251205, 0.3961, 0, 0.679258, 0.321468, 0.0239833, 1.20071, 
372, 0, 0, 0.337007, 0.251205, 0.3961, 0, 0.679258, 0.321468, 0.0239833, 1.20968, 
373, 0, 0, 0.337007, 0.251205, 0.3961, 0, 0.679258, 0.321468, 0.0239833, 1.21866, 
374, 0, 0, 0.337007, 0.251205, 0.3961, 0, 0.679258, 0.321468, 0.0239833, 1.22764, 
375, 0, 0, 0.337007, 0.251205, 0.3961, 0, 0.679258, 0.321468, 0.0239833, 1.23662, 
376, 0, 0, 0.337007, 0.251205, 0.3961, 0, 0.679258, 0.321468, 0.0239833, 1.24559, 
377, 0, 0, 0.337007, 0.251205, 0.3961, 0, 0.679258, 0.321468, 0.0239833, 1.25456, 
378, 0, 0, 0.337007, 0.251205, 0.3961, 0, 0.679258, 0.321468, 0.0239833, 1.26354, 
379, 0, 0, 0.337007, 0.251205, 0.3961, 0, 0.679258, 0.321468, 0.0239833, 1.27251, 
380, 0, 0, 0.337007, 0.251205, 0.3961, 0, 0.679258, 0.321468, 0.0239833, 1.28148, 
381, 0, 0, 0.337007, 0.251205, 0.3961, 0, 0.679258, 0.321468, 0.0239833, 1.29044, 
382, 0, 0, 0.337007, 0.251205, 0.3961, 0, 0.679258, 0.321468, 0.0239833, 1.29941, 
383, 0, 0, 0.337007, 0.251205, 0.3961, 0, 0.679258, 0.321468, 0.0239833, 1.30837, 
384, 0, 0, 0.337007, 0.251205, 0.3961, 0, 0.679258, 0.321468, 0.0239833, 1.31733, 
385, 0, 0, 0.337007, 0.251205, 0.3961, 0, 0.679258, 0.321468, 0.0239833, 1.32629, 
386, 0, 0, 0.337007, 0.251205, 0.3961, 0, 0.679258, 0.321468, 0.0239833, 1.33524, 
387, 0, 0, 0.337007, 0.251205, 0.3961, 0, 0.679258, 0.321468, 0.0239833, 1.34418, 
388, 0, 0, 0.337007, 0.251205, 0.3961, 0, 0.679258, 0.321468, 0.0239833, 1.35312, 
389, 0, 0, 0.337007, 0.251205, 0.3961, 0, 0.679258, 0.321468, 0.0239833, 1.36205, 
390, 0, 0, 0.337007, 0.251205, 0.3961, 0, 0.679258, 0.321468, 0.0239833, 1.37097, 
391, 0, 0, 0.337007, 0.251205, 0.3961, 0, 0.679258, 0.321468, 0.0239833, 1.37987, 
392, 0, 0, 0.337007, 0.251205, 0.3961, 0, 0.679258, 0.321468, 0.0239833, 1.38876, 
393, 0, 0, 0.337007, 0.251205, 0.3961, 0, 0.679258, 0.321468, 0.0239833, 1.39761, 
394, 0, 0, 0.337007, 0.251205, 0.3961, 0, 0.679258, 0.321468, 0.0239833, 1.40642, 
395, 0, 0, 0.337007, 0.251205, 0.3961, 0, 0.679258, 0.321468, 0.0239833, 1.41514, 
396, 0, 0, 0.337007, 0.251205, 0.3961, 0, 0.679258, 0.321468, 0.0239833, 1.42371, 
397, 0, 0, 0.337007, 0.251205, 0.3961, 0, 0.679258, 0.321468, 0.0239833, 1.43187, 
398, 0, 0, 0.337007, 0.251205, 0.3961, 0, 0.679258, 0.321468, 0.0239833, 1.43861, 
399, 0, 0, 0.337007, 0.251205, 0.3961, 0, 0.679258, 0.321468, 0.0239833, 1.43861, 
400, 0, 0, 0.337007, 0.251205, 0.3961, 0, 0.679258, 0.321468, 0.0239833, 1.43861, 
401, 0, 0, 0.337007, 0.251205, 0.3961, 0, 0.679258, 0.321468, 0.0239833, 1.43861, 
