Total Initial Robots: 10
Formation Type: 1
Insertion Auction


[DATA]
0, 0, 0
1, 0, 0
2, 0, 0
3, 0.23711, 90
4, 0.231541, 80.6619
5, 0.224528, 75.4484
6, 0.551113, 162
7, 0.542987, 143.021
8, 0.533909, 126.857
9, 0.523152, 114.329
10, 0.510509, 105.278
11, 0.496352, 98.8137
12, 0.481171, 94.0471
13, 0.465325, 90.3783
14, 0.449039, 87.4079
15, 0.432449, 84.9402
16, 0.415646, 82.8197
17, 0.398688, 80.9513
18, 0.381614, 79.2686
19, 0.364455, 77.7232
20, 0.347231, 76.2777
21, 0.329961, 74.9017
22, 0.312658, 73.5681
23, 0.295338, 72.2507
24, 0.278013, 70.9214
25, 0.260702, 69.546
26, 0.243425, 68.0775
27, 0.226217, 66.4435
28, 0.209139, 64.5154
29, 0.192321, 62.0283
30, 0.176111, 58.3138
31, 0.161681, 51.1557
32, 0.152937, 33.58
33, 0.50052, 106.007
34, 0.489809, 117.376
35, 0.477299, 125.401
36, 0.463237, 130.783
37, 0.448103, 134.407
38, 0.432285, 136.911
39, 0.416029, 138.683
40, 0.399489, 139.95
41, 0.382766, 140.845
42, 0.36593, 141.443
43, 0.349036, 141.786
44, 0.332137, 141.874
45, 0.3153, 141.675
46, 0.298626, 141.091
47, 0.282316, 139.886
48, 0.266864, 137.45
49, 0.253554, 141.565
50, 0.663827, 232.047
51, 0.655021, 248.981
52, 0.645469, 263.651
53, 0.634367, 275.022
54, 0.621447, 283.121
55, 0.607057, 288.768
56, 0.591675, 292.821
57, 0.575655, 295.869
58, 0.559218, 298.266
59, 0.5425, 300.226
60, 0.525584, 301.881
61, 0.508526, 303.317
62, 0.491363, 304.592
63, 0.474124, 305.748
64, 0.456827, 306.815
65, 0.439488, 307.818
66, 0.422121, 308.776
67, 0.404737, 309.708
68, 0.387347, 310.63
69, 0.369966, 311.561
70, 0.352607, 312.523
71, 0.335292, 313.548
72, 0.318053, 314.678
73, 0.300944, 315.991
74, 0.284069, 317.626
75, 0.267665, 319.895
76, 0.252366, 323.602
77, 0.239729, 331.021
78, 0.770814, 224.108
79, 0.585789, 401.964
80, 0.568453, 383.789
81, 0.551033, 365.823
82, 0.533552, 348.009
83, 0.516023, 330.313
84, 0.498459, 312.71
85, 0.480868, 295.182
86, 0.463256, 277.716
87, 0.445628, 260.304
88, 0.427991, 260.128
89, 0.410347, 259.995
90, 0.3927, 259.903
91, 0.375056, 259.851
92, 0.357418, 259.84
93, 0.339792, 259.873
94, 0.322186, 259.956
95, 0.304607, 260.099
96, 0.28707, 260.317
97, 0.269594, 260.637
98, 0.252215, 261.102
99, 0.234994, 261.798
100, 0.218064, 262.895
101, 0.201754, 264.82
102, 0.187036, 267.164
103, 0.178144, 249.705
104, 0.79184, 212.614
105, 0.8782, 339.082
106, 0.868332, 335.489
107, 0.856844, 328.527
108, 0.843548, 318.33
109, 0.828835, 305.762
110, 0.813189, 291.665
111, 0.796954, 276.595
112, 0.780342, 260.878
113, 0.763486, 244.704
114, 0.746472, 245.364
115, 0.729364, 245.722
116, 0.712219, 245.78
117, 0.695103, 245.483
118, 0.678131, 244.658
119, 0.661596, 242.801
120, 0.646649, 238.001
121, 0.637924, 221.233
122, 1.62988, 241.439
123, 1.59737, 312.909
124, 1.5866, 317.887
125, 1.57216, 325.968
126, 1.55619, 331.128
127, 1.53954, 334.465
128, 1.52253, 336.852
129, 1.5053, 338.672
130, 1.48792, 340.124
131, 1.47044, 341.319
132, 1.45288, 342.328
133, 1.43526, 343.197
134, 1.41761, 343.958
135, 1.39991, 344.632
136, 1.38219, 345.235
137, 1.36444, 345.781
138, 1.34667, 346.28
139, 1.32889, 346.737
140, 1.31109, 347.16
141, 1.29328, 347.553
142, 1.27545, 347.92
143, 1.25762, 348.265
144, 1.23978, 348.589
145, 1.22193, 348.896
146, 1.20407, 349.188
147, 1.18621, 349.466
148, 1.16834, 349.731
149, 1.15047, 349.985
150, 1.13259, 350.23
151, 1.11471, 350.465
152, 1.09682, 350.692
153, 1.07894, 350.913
154, 1.06105, 351.126
155, 1.04315, 351.334
156, 1.02526, 351.537
157, 1.00736, 351.735
158, 0.989465, 351.93
159, 0.971566, 352.12
160, 0.953665, 352.308
161, 0.935764, 352.493
162, 0.917862, 352.676
163, 0.899959, 352.857
164, 0.882057, 353.037
165, 0.864154, 353.217
166, 0.846252, 353.392
167, 0.828351, 353.573
168, 0.810451, 353.754
169, 0.792552, 353.935
170, 0.774655, 354.118
171, 0.75676, 354.304
172, 0.738868, 354.494
173, 0.720978, 354.687
174, 0.703094, 354.887
175, 0.685214, 355.093
176, 0.66734, 355.307
177, 0.649474, 355.533
178, 0.631616, 355.771
179, 0.61377, 356.025
180, 0.595939, 356.301
181, 0.578126, 356.604
182, 0.560339, 356.943
183, 0.542586, 357.333
184, 0.524883, 357.793
185, 0.507256, 358.363
186, 0.489758, 359.111
187, 0.4725, 360.186
188, 0.455791, 361.975
189, 0.44073, 365.761
190, 1.20378, 258.625
191, 1.2045, 456.433
192, 1.19533, 457.594
193, 1.18433, 462.127
194, 1.1697, 454.153
195, 1.15359, 441.921
196, 1.1368, 427.885
197, 1.11966, 412.926
198, 1.10232, 397.417
199, 1.08484, 381.552
200, 1.06726, 365.443
201, 1.04961, 366.346
202, 1.03192, 367.118
203, 1.01418, 367.79
204, 0.996414, 368.383
205, 0.978623, 368.914
206, 0.960812, 369.394
207, 0.942984, 369.831
208, 0.925143, 370.235
209, 0.907291, 370.61
210, 0.889429, 370.96
211, 0.871559, 371.29
212, 0.853683, 371.603
213, 0.835801, 371.902
214, 0.817914, 372.189
215, 0.800024, 372.466
216, 0.782131, 372.735
217, 0.764235, 372.999
218, 0.746338, 373.258
219, 0.72844, 373.515
220, 0.710542, 373.771
221, 0.692644, 374.029
222, 0.674749, 374.291
223, 0.656856, 374.56
224, 0.638968, 374.839
225, 0.621086, 375.133
226, 0.603213, 375.447
227, 0.585352, 375.791
228, 0.56751, 376.177
229, 0.549696, 376.627
230, 0.531927, 377.179
231, 0.514239, 377.907
232, 0.496721, 378.985
233, 0.479684, 380.948
234, 0.465033, 386.404
235, 1.74365, 279.307
236, 1.8805, 447.642
237, 1.86694, 423.533
238, 1.85199, 401.715
239, 1.83612, 381.351
240, 1.81968, 361.895
241, 1.80286, 342.916
242, 1.78579, 324.271
243, 1.76854, 305.902
244, 1.75115, 287.733
245, 1.73368, 269.713
246, 1.71612, 268.995
247, 1.69851, 268.366
248, 1.68086, 267.809
249, 1.66316, 267.309
250, 1.64544, 266.856
251, 1.62769, 266.442
252, 1.60992, 266.06
253, 1.59213, 265.706
254, 1.57432, 265.375
255, 1.55651, 265.064
256, 1.53868, 264.769
257, 1.52084, 264.488
258, 1.50299, 264.22
259, 1.48513, 263.962
260, 1.46727, 263.712
261, 1.44941, 263.469
262, 1.43154, 263.232
263, 1.41366, 262.998
264, 1.39579, 262.767
265, 1.37791, 262.537
266, 1.36003, 262.307
267, 1.34215, 262.075
268, 1.32426, 261.838
269, 1.30639, 261.596
270, 1.28851, 261.345
271, 1.27064, 261.081
272, 1.25277, 260.802
273, 1.23491, 260.499
274, 1.21707, 260.166
275, 1.19924, 259.788
276, 1.18144, 259.347
277, 1.16368, 258.807
278, 1.146, 258.102
279, 1.12847, 257.088
280, 1.11129, 255.368
281, 1.09554, 251.357
282, 1.08658, 234.113
283, 1.07761, 216.87
284, 1.06865, 199.629
285, 1.05968, 182.389
286, 1.05071, 165.151
287, 1.04174, 147.915
288, 1.03278, 130.679
289, 1.02381, 113.445
290, 1.01483, 96.2115
291, 1.00586, 87.0131
292, 0.99689, 86.9707
293, 0.987917, 86.9294
294, 0.978944, 86.889
295, 0.96997, 86.8494
296, 0.960995, 86.8108
297, 0.95202, 86.7727
298, 0.943045, 86.7356
299, 0.934069, 86.6991
300, 0.925092, 86.6634
301, 0.916115, 86.6282
302, 0.907138, 86.5937
303, 0.89816, 86.5597
304, 0.889182, 86.5263
305, 0.880203, 86.4935
306, 0.871225, 86.4612
307, 0.862246, 86.4294
308, 0.853266, 86.398
309, 0.844286, 86.367
310, 0.835306, 86.3364
311, 0.826326, 86.3063
312, 0.817346, 86.2766
313, 0.808365, 86.2472
314, 0.799384, 86.218
315, 0.790403, 86.1893
316, 0.781422, 86.1608
317, 0.77244, 86.1326
318, 0.763458, 86.1047
319, 0.754477, 86.077
320, 0.745495, 86.0496
321, 0.736512, 86.0224
322, 0.72753, 85.9954
323, 0.718548, 85.9686
324, 0.709565, 85.942
325, 0.700583, 85.9155
326, 0.6916, 85.8892
327, 0.682617, 85.863
328, 0.673634, 85.837
329, 0.664651, 85.811
330, 0.655668, 85.7852
331, 0.646685, 85.7594
332, 0.637702, 85.7338
333, 0.628719, 85.7082
334, 0.619735, 85.6826
335, 0.610752, 85.657
336, 0.601769, 85.6315
337, 0.592786, 85.606
338, 0.583803, 85.5805
339, 0.574819, 85.5549
340, 0.565836, 85.5294
341, 0.556853, 85.5037
342, 0.54787, 85.478
343, 0.538887, 85.4522
344, 0.529904, 85.4264
345, 0.520921, 85.4004
346, 0.511938, 85.3743
347, 0.502955, 85.348
348, 0.493973, 85.3216
349, 0.48499, 85.2949
350, 0.476008, 85.2681
351, 0.467025, 85.2411
352, 0.458043, 85.2138
353, 0.449062, 85.1861
354, 0.44008, 85.1583
355, 0.431098, 85.1301
356, 0.422117, 85.1015
357, 0.413136, 85.0726
358, 0.404155, 85.0432
359, 0.395175, 85.0134
360, 0.386195, 84.9831
361, 0.377215, 84.9523
362, 0.368236, 84.9209
363, 0.359257, 84.8888
364, 0.350279, 84.8561
365, 0.341301, 84.8227
366, 0.332323, 84.7884
367, 0.323346, 84.7533
368, 0.31437, 84.7172
369, 0.305395, 84.6801
370, 0.29642, 84.6418
371, 0.287446, 84.6024
372, 0.278473, 84.5615
373, 0.269501, 84.5191
374, 0.26053, 84.4751
375, 0.25156, 84.4292
376, 0.242592, 84.3813
377, 0.233625, 84.3311
378, 0.22466, 84.2783
379, 0.215697, 84.2226
380, 0.206736, 84.1636
381, 0.197777, 84.1008
382, 0.188822, 84.0337
383, 0.17987, 83.9614
384, 0.170921, 83.8833
385, 0.161978, 83.7981
386, 0.15304, 83.7044
387, 0.14411, 83.6004
388, 0.135188, 83.4836
389, 0.126277, 83.3505
390, 0.11738, 83.1965
391, 0.108503, 83.0142
392, 0.0996526, 82.7926
393, 0.0908425, 82.5134
394, 0.0820962, 82.144
395, 0.0734621, 81.6191
396, 0.0650587, 80.7859
397, 0.057273, 79.1874
398, 0.0519599, 74.8606
399, 0.0519599, 57.6719
400, 0.0519599, 40.4832
401, 0.0519599, 40.4832
