Total Initial Robots: 10
Formation Type: 1
Insertion Auction


[DATA]
0, 11
0, 11
0, 11
0, 11
0, 11
0, 11
0, 11
0, 11
0, 11
0, 11
0, 11
1, 0
2, 1
3, 11
3, 11
3, 11
3, 11
3, 11
3, 11
3, 11
3, 11
3, 11
3, 11
3, 11
4, 2
4, 2
5, 3
5, 3
5, 3
6, 4
6, 4
6, 4
6, 4
7, 4
7, 4
7, 4
7, 4
8, 4
8, 4
8, 4
8, 4
9, 4
9, 4
9, 4
9, 4
10, 4
10, 4
10, 4
10, 4
11, 4
11, 4
11, 4
11, 4
12, 4
12, 4
12, 4
12, 4
13, 4
13, 4
13, 4
13, 4
14, 4
14, 4
14, 4
14, 4
15, 4
15, 4
15, 4
15, 4
16, 4
16, 4
16, 4
16, 4
17, 4
17, 4
17, 4
17, 4
18, 4
18, 4
18, 4
18, 4
19, 4
19, 4
19, 4
19, 4
20, 4
20, 4
20, 4
20, 4
21, 4
21, 4
21, 4
21, 4
22, 4
22, 4
22, 4
22, 4
23, 4
23, 4
23, 4
23, 4
24, 4
24, 4
24, 4
24, 4
25, 4
25, 4
25, 4
25, 4
26, 4
26, 4
26, 4
26, 4
27, 4
27, 4
27, 4
27, 4
28, 4
28, 4
28, 4
28, 4
29, 4
29, 4
29, 4
29, 4
30, 12
30, 12
30, 12
30, 12
30, 12
30, 12
30, 12
30, 12
30, 12
30, 12
30, 12
30, 12
31, 4
31, 4
31, 4
31, 4
32, 5
32, 5
32, 5
32, 5
32, 5
33, 6
33, 6
33, 6
33, 6
33, 6
33, 6
34, 6
34, 6
34, 6
34, 6
34, 6
34, 6
35, 6
35, 6
35, 6
35, 6
35, 6
35, 6
36, 6
36, 6
36, 6
36, 6
36, 6
36, 6
37, 6
37, 6
37, 6
37, 6
37, 6
37, 6
38, 6
38, 6
38, 6
38, 6
38, 6
38, 6
39, 6
39, 6
39, 6
39, 6
39, 6
39, 6
40, 6
40, 6
40, 6
40, 6
40, 6
40, 6
41, 6
41, 6
41, 6
41, 6
41, 6
41, 6
42, 6
42, 6
42, 6
42, 6
42, 6
42, 6
43, 6
43, 6
43, 6
43, 6
43, 6
43, 6
44, 6
44, 6
44, 6
44, 6
44, 6
44, 6
45, 6
45, 6
45, 6
45, 6
45, 6
45, 6
46, 6
46, 6
46, 6
46, 6
46, 6
46, 6
47, 13
47, 13
47, 13
47, 13
47, 13
47, 13
47, 13
47, 13
47, 13
47, 13
47, 13
47, 13
47, 13
48, 6
48, 6
48, 6
48, 6
48, 6
48, 6
49, 7
49, 7
49, 7
49, 7
49, 7
49, 7
49, 7
50, 8
50, 8
50, 8
50, 8
50, 8
50, 8
50, 8
50, 8
51, 8
51, 8
51, 8
51, 8
51, 8
51, 8
51, 8
51, 8
52, 8
52, 8
52, 8
52, 8
52, 8
52, 8
52, 8
52, 8
53, 8
53, 8
53, 8
53, 8
53, 8
53, 8
53, 8
53, 8
54, 8
54, 8
54, 8
54, 8
54, 8
54, 8
54, 8
54, 8
55, 8
55, 8
55, 8
55, 8
55, 8
55, 8
55, 8
55, 8
56, 8
56, 8
56, 8
56, 8
56, 8
56, 8
56, 8
56, 8
57, 8
57, 8
57, 8
57, 8
57, 8
57, 8
57, 8
57, 8
58, 8
58, 8
58, 8
58, 8
58, 8
58, 8
58, 8
58, 8
59, 8
59, 8
59, 8
59, 8
59, 8
59, 8
59, 8
59, 8
60, 8
60, 8
60, 8
60, 8
60, 8
60, 8
60, 8
60, 8
61, 8
61, 8
61, 8
61, 8
61, 8
61, 8
61, 8
61, 8
62, 8
62, 8
62, 8
62, 8
62, 8
62, 8
62, 8
62, 8
63, 8
63, 8
63, 8
63, 8
63, 8
63, 8
63, 8
63, 8
64, 8
64, 8
64, 8
64, 8
64, 8
64, 8
64, 8
64, 8
65, 8
65, 8
65, 8
65, 8
65, 8
65, 8
65, 8
65, 8
66, 8
66, 8
66, 8
66, 8
66, 8
66, 8
66, 8
66, 8
67, 8
67, 8
67, 8
67, 8
67, 8
67, 8
67, 8
67, 8
68, 8
68, 8
68, 8
68, 8
68, 8
68, 8
68, 8
68, 8
69, 8
69, 8
69, 8
69, 8
69, 8
69, 8
69, 8
69, 8
70, 8
70, 8
70, 8
70, 8
70, 8
70, 8
70, 8
70, 8
71, 8
71, 8
71, 8
71, 8
71, 8
71, 8
71, 8
71, 8
72, 8
72, 8
72, 8
72, 8
72, 8
72, 8
72, 8
72, 8
73, 8
73, 8
73, 8
73, 8
73, 8
73, 8
73, 8
73, 8
74, 8
74, 8
74, 8
74, 8
74, 8
74, 8
74, 8
74, 8
75, 14
75, 14
75, 14
75, 14
75, 14
75, 14
75, 14
75, 14
75, 14
75, 14
75, 14
75, 14
75, 14
75, 14
76, 8
76, 8
76, 8
76, 8
76, 8
76, 8
76, 8
76, 8
77, 9
77, 9
77, 9
77, 9
77, 9
77, 9
77, 9
77, 9
77, 9
78, 10
78, 10
78, 10
78, 10
78, 10
78, 10
78, 10
78, 10
78, 10
78, 10
79, 10
79, 10
79, 10
79, 10
79, 10
79, 10
79, 10
79, 10
79, 10
79, 10
80, 10
80, 10
80, 10
80, 10
80, 10
80, 10
80, 10
80, 10
80, 10
80, 10
81, 10
81, 10
81, 10
81, 10
81, 10
81, 10
81, 10
81, 10
81, 10
81, 10
82, 10
82, 10
82, 10
82, 10
82, 10
82, 10
82, 10
82, 10
82, 10
82, 10
83, 10
83, 10
83, 10
83, 10
83, 10
83, 10
83, 10
83, 10
83, 10
83, 10
84, 10
84, 10
84, 10
84, 10
84, 10
84, 10
84, 10
84, 10
84, 10
84, 10
85, 10
85, 10
85, 10
85, 10
85, 10
85, 10
85, 10
85, 10
85, 10
85, 10
86, 10
86, 10
86, 10
86, 10
86, 10
86, 10
86, 10
86, 10
86, 10
86, 10
87, 10
87, 10
87, 10
87, 10
87, 10
87, 10
87, 10
87, 10
87, 10
87, 10
88, 10
88, 10
88, 10
88, 10
88, 10
88, 10
88, 10
88, 10
88, 10
88, 10
89, 10
89, 10
89, 10
89, 10
89, 10
89, 10
89, 10
89, 10
89, 10
89, 10
90, 10
90, 10
90, 10
90, 10
90, 10
90, 10
90, 10
90, 10
90, 10
90, 10
91, 10
91, 10
91, 10
91, 10
91, 10
91, 10
91, 10
91, 10
91, 10
91, 10
92, 10
92, 10
92, 10
92, 10
92, 10
92, 10
92, 10
92, 10
92, 10
92, 10
93, 10
93, 10
93, 10
93, 10
93, 10
93, 10
93, 10
93, 10
93, 10
93, 10
94, 10
94, 10
94, 10
94, 10
94, 10
94, 10
94, 10
94, 10
94, 10
94, 10
95, 10
95, 10
95, 10
95, 10
95, 10
95, 10
95, 10
95, 10
95, 10
95, 10
96, 10
96, 10
96, 10
96, 10
96, 10
96, 10
96, 10
96, 10
96, 10
96, 10
97, 10
97, 10
97, 10
97, 10
97, 10
97, 10
97, 10
97, 10
97, 10
97, 10
98, 10
98, 10
98, 10
98, 10
98, 10
98, 10
98, 10
98, 10
98, 10
98, 10
99, 10
99, 10
99, 10
99, 10
99, 10
99, 10
99, 10
99, 10
99, 10
99, 10
100, 10
100, 10
100, 10
100, 10
100, 10
100, 10
100, 10
100, 10
100, 10
100, 10
101, 15
101, 15
101, 15
101, 15
101, 15
101, 15
101, 15
101, 15
101, 15
101, 15
101, 15
101, 15
101, 15
101, 15
101, 15
102, 10
102, 10
102, 10
102, 10
102, 10
102, 10
102, 10
102, 10
102, 10
102, 10
103, 11
103, 11
103, 11
103, 11
103, 11
103, 11
103, 11
103, 11
103, 11
103, 11
103, 11
104, 12
104, 12
104, 12
104, 12
104, 12
104, 12
104, 12
104, 12
104, 12
104, 12
104, 12
104, 12
105, 12
105, 12
105, 12
105, 12
105, 12
105, 12
105, 12
105, 12
105, 12
105, 12
105, 12
105, 12
106, 12
106, 12
106, 12
106, 12
106, 12
106, 12
106, 12
106, 12
106, 12
106, 12
106, 12
106, 12
107, 12
107, 12
107, 12
107, 12
107, 12
107, 12
107, 12
107, 12
107, 12
107, 12
107, 12
107, 12
108, 12
108, 12
108, 12
108, 12
108, 12
108, 12
108, 12
108, 12
108, 12
108, 12
108, 12
108, 12
109, 12
109, 12
109, 12
109, 12
109, 12
109, 12
109, 12
109, 12
109, 12
109, 12
109, 12
109, 12
110, 12
110, 12
110, 12
110, 12
110, 12
110, 12
110, 12
110, 12
110, 12
110, 12
110, 12
110, 12
111, 12
111, 12
111, 12
111, 12
111, 12
111, 12
111, 12
111, 12
111, 12
111, 12
111, 12
111, 12
112, 12
112, 12
112, 12
112, 12
112, 12
112, 12
112, 12
112, 12
112, 12
112, 12
112, 12
112, 12
113, 12
113, 12
113, 12
113, 12
113, 12
113, 12
113, 12
113, 12
113, 12
113, 12
113, 12
113, 12
114, 12
114, 12
114, 12
114, 12
114, 12
114, 12
114, 12
114, 12
114, 12
114, 12
114, 12
114, 12
115, 12
115, 12
115, 12
115, 12
115, 12
115, 12
115, 12
115, 12
115, 12
115, 12
115, 12
115, 12
116, 12
116, 12
116, 12
116, 12
116, 12
116, 12
116, 12
116, 12
116, 12
116, 12
116, 12
116, 12
117, 12
117, 12
117, 12
117, 12
117, 12
117, 12
117, 12
117, 12
117, 12
117, 12
117, 12
117, 12
118, 12
118, 12
118, 12
118, 12
118, 12
118, 12
118, 12
118, 12
118, 12
118, 12
118, 12
118, 12
119, 16
119, 16
119, 16
119, 16
119, 16
119, 16
119, 16
119, 16
119, 16
119, 16
119, 16
119, 16
119, 16
119, 16
119, 16
119, 16
120, 12
120, 12
120, 12
120, 12
120, 12
120, 12
120, 12
120, 12
120, 12
120, 12
120, 12
120, 12
121, 13
121, 13
121, 13
121, 13
121, 13
121, 13
121, 13
121, 13
121, 13
121, 13
121, 13
121, 13
121, 13
122, 14
122, 14
122, 14
122, 14
122, 14
122, 14
122, 14
122, 14
122, 14
122, 14
122, 14
122, 14
122, 14
122, 14
123, 14
123, 14
123, 14
123, 14
123, 14
123, 14
123, 14
123, 14
123, 14
123, 14
123, 14
123, 14
123, 14
123, 14
124, 14
124, 14
124, 14
124, 14
124, 14
124, 14
124, 14
124, 14
124, 14
124, 14
124, 14
124, 14
124, 14
124, 14
125, 14
125, 14
125, 14
125, 14
125, 14
125, 14
125, 14
125, 14
125, 14
125, 14
125, 14
125, 14
125, 14
125, 14
126, 14
126, 14
126, 14
126, 14
126, 14
126, 14
126, 14
126, 14
126, 14
126, 14
126, 14
126, 14
126, 14
126, 14
127, 14
127, 14
127, 14
127, 14
127, 14
127, 14
127, 14
127, 14
127, 14
127, 14
127, 14
127, 14
127, 14
127, 14
128, 14
128, 14
128, 14
128, 14
128, 14
128, 14
128, 14
128, 14
128, 14
128, 14
128, 14
128, 14
128, 14
128, 14
129, 14
129, 14
129, 14
129, 14
129, 14
129, 14
129, 14
129, 14
129, 14
129, 14
129, 14
129, 14
129, 14
129, 14
130, 14
130, 14
130, 14
130, 14
130, 14
130, 14
130, 14
130, 14
130, 14
130, 14
130, 14
130, 14
130, 14
130, 14
131, 14
131, 14
131, 14
131, 14
131, 14
131, 14
131, 14
131, 14
131, 14
131, 14
131, 14
131, 14
131, 14
131, 14
132, 14
132, 14
132, 14
132, 14
132, 14
132, 14
132, 14
132, 14
132, 14
132, 14
132, 14
132, 14
132, 14
132, 14
133, 14
133, 14
133, 14
133, 14
133, 14
133, 14
133, 14
133, 14
133, 14
133, 14
133, 14
133, 14
133, 14
133, 14
134, 14
134, 14
134, 14
134, 14
134, 14
134, 14
134, 14
134, 14
134, 14
134, 14
134, 14
134, 14
134, 14
134, 14
135, 14
135, 14
135, 14
135, 14
135, 14
135, 14
135, 14
135, 14
135, 14
135, 14
135, 14
135, 14
135, 14
135, 14
136, 14
136, 14
136, 14
136, 14
136, 14
136, 14
136, 14
136, 14
136, 14
136, 14
136, 14
136, 14
136, 14
136, 14
137, 14
137, 14
137, 14
137, 14
137, 14
137, 14
137, 14
137, 14
137, 14
137, 14
137, 14
137, 14
137, 14
137, 14
138, 14
138, 14
138, 14
138, 14
138, 14
138, 14
138, 14
138, 14
138, 14
138, 14
138, 14
138, 14
138, 14
138, 14
139, 14
139, 14
139, 14
139, 14
139, 14
139, 14
139, 14
139, 14
139, 14
139, 14
139, 14
139, 14
139, 14
139, 14
140, 14
140, 14
140, 14
140, 14
140, 14
140, 14
140, 14
140, 14
140, 14
140, 14
140, 14
140, 14
140, 14
140, 14
141, 14
141, 14
141, 14
141, 14
141, 14
141, 14
141, 14
141, 14
141, 14
141, 14
141, 14
141, 14
141, 14
141, 14
142, 14
142, 14
142, 14
142, 14
142, 14
142, 14
142, 14
142, 14
142, 14
142, 14
142, 14
142, 14
142, 14
142, 14
143, 14
143, 14
143, 14
143, 14
143, 14
143, 14
143, 14
143, 14
143, 14
143, 14
143, 14
143, 14
143, 14
143, 14
144, 14
144, 14
144, 14
144, 14
144, 14
144, 14
144, 14
144, 14
144, 14
144, 14
144, 14
144, 14
144, 14
144, 14
145, 14
145, 14
145, 14
145, 14
145, 14
145, 14
145, 14
145, 14
145, 14
145, 14
145, 14
145, 14
145, 14
145, 14
146, 14
146, 14
146, 14
146, 14
146, 14
146, 14
146, 14
146, 14
146, 14
146, 14
146, 14
146, 14
146, 14
146, 14
147, 14
147, 14
147, 14
147, 14
147, 14
147, 14
147, 14
147, 14
147, 14
147, 14
147, 14
147, 14
147, 14
147, 14
148, 14
148, 14
148, 14
148, 14
148, 14
148, 14
148, 14
148, 14
148, 14
148, 14
148, 14
148, 14
148, 14
148, 14
149, 14
149, 14
149, 14
149, 14
149, 14
149, 14
149, 14
149, 14
149, 14
149, 14
149, 14
149, 14
149, 14
149, 14
150, 14
150, 14
150, 14
150, 14
150, 14
150, 14
150, 14
150, 14
150, 14
150, 14
150, 14
150, 14
150, 14
150, 14
151, 14
151, 14
151, 14
151, 14
151, 14
151, 14
151, 14
151, 14
151, 14
151, 14
151, 14
151, 14
151, 14
151, 14
152, 14
152, 14
152, 14
152, 14
152, 14
152, 14
152, 14
152, 14
152, 14
152, 14
152, 14
152, 14
152, 14
152, 14
153, 14
153, 14
153, 14
153, 14
153, 14
153, 14
153, 14
153, 14
153, 14
153, 14
153, 14
153, 14
153, 14
153, 14
154, 14
154, 14
154, 14
154, 14
154, 14
154, 14
154, 14
154, 14
154, 14
154, 14
154, 14
154, 14
154, 14
154, 14
155, 14
155, 14
155, 14
155, 14
155, 14
155, 14
155, 14
155, 14
155, 14
155, 14
155, 14
155, 14
155, 14
155, 14
156, 14
156, 14
156, 14
156, 14
156, 14
156, 14
156, 14
156, 14
156, 14
156, 14
156, 14
156, 14
156, 14
156, 14
157, 14
157, 14
157, 14
157, 14
157, 14
157, 14
157, 14
157, 14
157, 14
157, 14
157, 14
157, 14
157, 14
157, 14
158, 14
158, 14
158, 14
158, 14
158, 14
158, 14
158, 14
158, 14
158, 14
158, 14
158, 14
158, 14
158, 14
158, 14
159, 14
159, 14
159, 14
159, 14
159, 14
159, 14
159, 14
159, 14
159, 14
159, 14
159, 14
159, 14
159, 14
159, 14
160, 14
160, 14
160, 14
160, 14
160, 14
160, 14
160, 14
160, 14
160, 14
160, 14
160, 14
160, 14
160, 14
160, 14
161, 14
161, 14
161, 14
161, 14
161, 14
161, 14
161, 14
161, 14
161, 14
161, 14
161, 14
161, 14
161, 14
161, 14
162, 14
162, 14
162, 14
162, 14
162, 14
162, 14
162, 14
162, 14
162, 14
162, 14
162, 14
162, 14
162, 14
162, 14
163, 14
163, 14
163, 14
163, 14
163, 14
163, 14
163, 14
163, 14
163, 14
163, 14
163, 14
163, 14
163, 14
163, 14
164, 14
164, 14
164, 14
164, 14
164, 14
164, 14
164, 14
164, 14
164, 14
164, 14
164, 14
164, 14
164, 14
164, 14
165, 14
165, 14
165, 14
165, 14
165, 14
165, 14
165, 14
165, 14
165, 14
165, 14
165, 14
165, 14
165, 14
165, 14
166, 14
166, 14
166, 14
166, 14
166, 14
166, 14
166, 14
166, 14
166, 14
166, 14
166, 14
166, 14
166, 14
166, 14
167, 14
167, 14
167, 14
167, 14
167, 14
167, 14
167, 14
167, 14
167, 14
167, 14
167, 14
167, 14
167, 14
167, 14
168, 14
168, 14
168, 14
168, 14
168, 14
168, 14
168, 14
168, 14
168, 14
168, 14
168, 14
168, 14
168, 14
168, 14
169, 14
169, 14
169, 14
169, 14
169, 14
169, 14
169, 14
169, 14
169, 14
169, 14
169, 14
169, 14
169, 14
169, 14
170, 14
170, 14
170, 14
170, 14
170, 14
170, 14
170, 14
170, 14
170, 14
170, 14
170, 14
170, 14
170, 14
170, 14
171, 14
171, 14
171, 14
171, 14
171, 14
171, 14
171, 14
171, 14
171, 14
171, 14
171, 14
171, 14
171, 14
171, 14
172, 14
172, 14
172, 14
172, 14
172, 14
172, 14
172, 14
172, 14
172, 14
172, 14
172, 14
172, 14
172, 14
172, 14
173, 14
173, 14
173, 14
173, 14
173, 14
173, 14
173, 14
173, 14
173, 14
173, 14
173, 14
173, 14
173, 14
173, 14
174, 14
174, 14
174, 14
174, 14
174, 14
174, 14
174, 14
174, 14
174, 14
174, 14
174, 14
174, 14
174, 14
174, 14
175, 14
175, 14
175, 14
175, 14
175, 14
175, 14
175, 14
175, 14
175, 14
175, 14
175, 14
175, 14
175, 14
175, 14
176, 14
176, 14
176, 14
176, 14
176, 14
176, 14
176, 14
176, 14
176, 14
176, 14
176, 14
176, 14
176, 14
176, 14
177, 14
177, 14
177, 14
177, 14
177, 14
177, 14
177, 14
177, 14
177, 14
177, 14
177, 14
177, 14
177, 14
177, 14
178, 14
178, 14
178, 14
178, 14
178, 14
178, 14
178, 14
178, 14
178, 14
178, 14
178, 14
178, 14
178, 14
178, 14
179, 14
179, 14
179, 14
179, 14
179, 14
179, 14
179, 14
179, 14
179, 14
179, 14
179, 14
179, 14
179, 14
179, 14
180, 14
180, 14
180, 14
180, 14
180, 14
180, 14
180, 14
180, 14
180, 14
180, 14
180, 14
180, 14
180, 14
180, 14
181, 14
181, 14
181, 14
181, 14
181, 14
181, 14
181, 14
181, 14
181, 14
181, 14
181, 14
181, 14
181, 14
181, 14
182, 14
182, 14
182, 14
182, 14
182, 14
182, 14
182, 14
182, 14
182, 14
182, 14
182, 14
182, 14
182, 14
182, 14
183, 14
183, 14
183, 14
183, 14
183, 14
183, 14
183, 14
183, 14
183, 14
183, 14
183, 14
183, 14
183, 14
183, 14
184, 14
184, 14
184, 14
184, 14
184, 14
184, 14
184, 14
184, 14
184, 14
184, 14
184, 14
184, 14
184, 14
184, 14
185, 14
185, 14
185, 14
185, 14
185, 14
185, 14
185, 14
185, 14
185, 14
185, 14
185, 14
185, 14
185, 14
185, 14
186, 14
186, 14
186, 14
186, 14
186, 14
186, 14
186, 14
186, 14
186, 14
186, 14
186, 14
186, 14
186, 14
186, 14
187, 17
187, 17
187, 17
187, 17
187, 17
187, 17
187, 17
187, 17
187, 17
187, 17
187, 17
187, 17
187, 17
187, 17
187, 17
187, 17
187, 17
188, 14
188, 14
188, 14
188, 14
188, 14
188, 14
188, 14
188, 14
188, 14
188, 14
188, 14
188, 14
188, 14
188, 14
189, 15
189, 15
189, 15
189, 15
189, 15
189, 15
189, 15
189, 15
189, 15
189, 15
189, 15
189, 15
189, 15
189, 15
189, 15
190, 16
190, 16
190, 16
190, 16
190, 16
190, 16
190, 16
190, 16
190, 16
190, 16
190, 16
190, 16
190, 16
190, 16
190, 16
190, 16
191, 16
191, 16
191, 16
191, 16
191, 16
191, 16
191, 16
191, 16
191, 16
191, 16
191, 16
191, 16
191, 16
191, 16
191, 16
191, 16
192, 16
192, 16
192, 16
192, 16
192, 16
192, 16
192, 16
192, 16
192, 16
192, 16
192, 16
192, 16
192, 16
192, 16
192, 16
192, 16
193, 16
193, 16
193, 16
193, 16
193, 16
193, 16
193, 16
193, 16
193, 16
193, 16
193, 16
193, 16
193, 16
193, 16
193, 16
193, 16
194, 16
194, 16
194, 16
194, 16
194, 16
194, 16
194, 16
194, 16
194, 16
194, 16
194, 16
194, 16
194, 16
194, 16
194, 16
194, 16
195, 16
195, 16
195, 16
195, 16
195, 16
195, 16
195, 16
195, 16
195, 16
195, 16
195, 16
195, 16
195, 16
195, 16
195, 16
195, 16
196, 16
196, 16
196, 16
196, 16
196, 16
196, 16
196, 16
196, 16
196, 16
196, 16
196, 16
196, 16
196, 16
196, 16
196, 16
196, 16
197, 16
197, 16
197, 16
197, 16
197, 16
197, 16
197, 16
197, 16
197, 16
197, 16
197, 16
197, 16
197, 16
197, 16
197, 16
197, 16
198, 16
198, 16
198, 16
198, 16
198, 16
198, 16
198, 16
198, 16
198, 16
198, 16
198, 16
198, 16
198, 16
198, 16
198, 16
198, 16
199, 16
199, 16
199, 16
199, 16
199, 16
199, 16
199, 16
199, 16
199, 16
199, 16
199, 16
199, 16
199, 16
199, 16
199, 16
199, 16
200, 16
200, 16
200, 16
200, 16
200, 16
200, 16
200, 16
200, 16
200, 16
200, 16
200, 16
200, 16
200, 16
200, 16
200, 16
200, 16
201, 16
201, 16
201, 16
201, 16
201, 16
201, 16
201, 16
201, 16
201, 16
201, 16
201, 16
201, 16
201, 16
201, 16
201, 16
201, 16
202, 16
202, 16
202, 16
202, 16
202, 16
202, 16
202, 16
202, 16
202, 16
202, 16
202, 16
202, 16
202, 16
202, 16
202, 16
202, 16
203, 16
203, 16
203, 16
203, 16
203, 16
203, 16
203, 16
203, 16
203, 16
203, 16
203, 16
203, 16
203, 16
203, 16
203, 16
203, 16
204, 16
204, 16
204, 16
204, 16
204, 16
204, 16
204, 16
204, 16
204, 16
204, 16
204, 16
204, 16
204, 16
204, 16
204, 16
204, 16
205, 16
205, 16
205, 16
205, 16
205, 16
205, 16
205, 16
205, 16
205, 16
205, 16
205, 16
205, 16
205, 16
205, 16
205, 16
205, 16
206, 16
206, 16
206, 16
206, 16
206, 16
206, 16
206, 16
206, 16
206, 16
206, 16
206, 16
206, 16
206, 16
206, 16
206, 16
206, 16
207, 16
207, 16
207, 16
207, 16
207, 16
207, 16
207, 16
207, 16
207, 16
207, 16
207, 16
207, 16
207, 16
207, 16
207, 16
207, 16
208, 16
208, 16
208, 16
208, 16
208, 16
208, 16
208, 16
208, 16
208, 16
208, 16
208, 16
208, 16
208, 16
208, 16
208, 16
208, 16
209, 16
209, 16
209, 16
209, 16
209, 16
209, 16
209, 16
209, 16
209, 16
209, 16
209, 16
209, 16
209, 16
209, 16
209, 16
209, 16
210, 16
210, 16
210, 16
210, 16
210, 16
210, 16
210, 16
210, 16
210, 16
210, 16
210, 16
210, 16
210, 16
210, 16
210, 16
210, 16
211, 16
211, 16
211, 16
211, 16
211, 16
211, 16
211, 16
211, 16
211, 16
211, 16
211, 16
211, 16
211, 16
211, 16
211, 16
211, 16
212, 16
212, 16
212, 16
212, 16
212, 16
212, 16
212, 16
212, 16
212, 16
212, 16
212, 16
212, 16
212, 16
212, 16
212, 16
212, 16
213, 16
213, 16
213, 16
213, 16
213, 16
213, 16
213, 16
213, 16
213, 16
213, 16
213, 16
213, 16
213, 16
213, 16
213, 16
213, 16
214, 16
214, 16
214, 16
214, 16
214, 16
214, 16
214, 16
214, 16
214, 16
214, 16
214, 16
214, 16
214, 16
214, 16
214, 16
214, 16
215, 16
215, 16
215, 16
215, 16
215, 16
215, 16
215, 16
215, 16
215, 16
215, 16
215, 16
215, 16
215, 16
215, 16
215, 16
215, 16
216, 16
216, 16
216, 16
216, 16
216, 16
216, 16
216, 16
216, 16
216, 16
216, 16
216, 16
216, 16
216, 16
216, 16
216, 16
216, 16
217, 16
217, 16
217, 16
217, 16
217, 16
217, 16
217, 16
217, 16
217, 16
217, 16
217, 16
217, 16
217, 16
217, 16
217, 16
217, 16
218, 16
218, 16
218, 16
218, 16
218, 16
218, 16
218, 16
218, 16
218, 16
218, 16
218, 16
218, 16
218, 16
218, 16
218, 16
218, 16
219, 16
219, 16
219, 16
219, 16
219, 16
219, 16
219, 16
219, 16
219, 16
219, 16
219, 16
219, 16
219, 16
219, 16
219, 16
219, 16
220, 16
220, 16
220, 16
220, 16
220, 16
220, 16
220, 16
220, 16
220, 16
220, 16
220, 16
220, 16
220, 16
220, 16
220, 16
220, 16
221, 16
221, 16
221, 16
221, 16
221, 16
221, 16
221, 16
221, 16
221, 16
221, 16
221, 16
221, 16
221, 16
221, 16
221, 16
221, 16
222, 16
222, 16
222, 16
222, 16
222, 16
222, 16
222, 16
222, 16
222, 16
222, 16
222, 16
222, 16
222, 16
222, 16
222, 16
222, 16
223, 16
223, 16
223, 16
223, 16
223, 16
223, 16
223, 16
223, 16
223, 16
223, 16
223, 16
223, 16
223, 16
223, 16
223, 16
223, 16
224, 16
224, 16
224, 16
224, 16
224, 16
224, 16
224, 16
224, 16
224, 16
224, 16
224, 16
224, 16
224, 16
224, 16
224, 16
224, 16
225, 16
225, 16
225, 16
225, 16
225, 16
225, 16
225, 16
225, 16
225, 16
225, 16
225, 16
225, 16
225, 16
225, 16
225, 16
225, 16
226, 16
226, 16
226, 16
226, 16
226, 16
226, 16
226, 16
226, 16
226, 16
226, 16
226, 16
226, 16
226, 16
226, 16
226, 16
226, 16
227, 16
227, 16
227, 16
227, 16
227, 16
227, 16
227, 16
227, 16
227, 16
227, 16
227, 16
227, 16
227, 16
227, 16
227, 16
227, 16
228, 16
228, 16
228, 16
228, 16
228, 16
228, 16
228, 16
228, 16
228, 16
228, 16
228, 16
228, 16
228, 16
228, 16
228, 16
228, 16
229, 16
229, 16
229, 16
229, 16
229, 16
229, 16
229, 16
229, 16
229, 16
229, 16
229, 16
229, 16
229, 16
229, 16
229, 16
229, 16
230, 16
230, 16
230, 16
230, 16
230, 16
230, 16
230, 16
230, 16
230, 16
230, 16
230, 16
230, 16
230, 16
230, 16
230, 16
230, 16
231, 16
231, 16
231, 16
231, 16
231, 16
231, 16
231, 16
231, 16
231, 16
231, 16
231, 16
231, 16
231, 16
231, 16
231, 16
231, 16
232, 18
232, 18
232, 18
232, 18
232, 18
232, 18
232, 18
232, 18
232, 18
232, 18
232, 18
232, 18
232, 18
232, 18
232, 18
232, 18
232, 18
232, 18
233, 16
233, 16
233, 16
233, 16
233, 16
233, 16
233, 16
233, 16
233, 16
233, 16
233, 16
233, 16
233, 16
233, 16
233, 16
233, 16
234, 17
234, 17
234, 17
234, 17
234, 17
234, 17
234, 17
234, 17
234, 17
234, 17
234, 17
234, 17
234, 17
234, 17
234, 17
234, 17
234, 17
235, 18
235, 18
235, 18
235, 18
235, 18
235, 18
235, 18
235, 18
235, 18
235, 18
235, 18
235, 18
235, 18
235, 18
235, 18
235, 18
235, 18
235, 18
236, 18
236, 18
236, 18
236, 18
236, 18
236, 18
236, 18
236, 18
236, 18
236, 18
236, 18
236, 18
236, 18
236, 18
236, 18
236, 18
236, 18
236, 18
237, 18
237, 18
237, 18
237, 18
237, 18
237, 18
237, 18
237, 18
237, 18
237, 18
237, 18
237, 18
237, 18
237, 18
237, 18
237, 18
237, 18
237, 18
238, 18
238, 18
238, 18
238, 18
238, 18
238, 18
238, 18
238, 18
238, 18
238, 18
238, 18
238, 18
238, 18
238, 18
238, 18
238, 18
238, 18
238, 18
239, 18
239, 18
239, 18
239, 18
239, 18
239, 18
239, 18
239, 18
239, 18
239, 18
239, 18
239, 18
239, 18
239, 18
239, 18
239, 18
239, 18
239, 18
240, 18
240, 18
240, 18
240, 18
240, 18
240, 18
240, 18
240, 18
240, 18
240, 18
240, 18
240, 18
240, 18
240, 18
240, 18
240, 18
240, 18
240, 18
241, 18
241, 18
241, 18
241, 18
241, 18
241, 18
241, 18
241, 18
241, 18
241, 18
241, 18
241, 18
241, 18
241, 18
241, 18
241, 18
241, 18
241, 18
242, 18
242, 18
242, 18
242, 18
242, 18
242, 18
242, 18
242, 18
242, 18
242, 18
242, 18
242, 18
242, 18
242, 18
242, 18
242, 18
242, 18
242, 18
243, 18
243, 18
243, 18
243, 18
243, 18
243, 18
243, 18
243, 18
243, 18
243, 18
243, 18
243, 18
243, 18
243, 18
243, 18
243, 18
243, 18
243, 18
244, 18
244, 18
244, 18
244, 18
244, 18
244, 18
244, 18
244, 18
244, 18
244, 18
244, 18
244, 18
244, 18
244, 18
244, 18
244, 18
244, 18
244, 18
245, 18
245, 18
245, 18
245, 18
245, 18
245, 18
245, 18
245, 18
245, 18
245, 18
245, 18
245, 18
245, 18
245, 18
245, 18
245, 18
245, 18
245, 18
246, 18
246, 18
246, 18
246, 18
246, 18
246, 18
246, 18
246, 18
246, 18
246, 18
246, 18
246, 18
246, 18
246, 18
246, 18
246, 18
246, 18
246, 18
247, 18
247, 18
247, 18
247, 18
247, 18
247, 18
247, 18
247, 18
247, 18
247, 18
247, 18
247, 18
247, 18
247, 18
247, 18
247, 18
247, 18
247, 18
248, 18
248, 18
248, 18
248, 18
248, 18
248, 18
248, 18
248, 18
248, 18
248, 18
248, 18
248, 18
248, 18
248, 18
248, 18
248, 18
248, 18
248, 18
249, 18
249, 18
249, 18
249, 18
249, 18
249, 18
249, 18
249, 18
249, 18
249, 18
249, 18
249, 18
249, 18
249, 18
249, 18
249, 18
249, 18
249, 18
250, 18
250, 18
250, 18
250, 18
250, 18
250, 18
250, 18
250, 18
250, 18
250, 18
250, 18
250, 18
250, 18
250, 18
250, 18
250, 18
250, 18
250, 18
251, 18
251, 18
251, 18
251, 18
251, 18
251, 18
251, 18
251, 18
251, 18
251, 18
251, 18
251, 18
251, 18
251, 18
251, 18
251, 18
251, 18
251, 18
252, 18
252, 18
252, 18
252, 18
252, 18
252, 18
252, 18
252, 18
252, 18
252, 18
252, 18
252, 18
252, 18
252, 18
252, 18
252, 18
252, 18
252, 18
253, 18
253, 18
253, 18
253, 18
253, 18
253, 18
253, 18
253, 18
253, 18
253, 18
253, 18
253, 18
253, 18
253, 18
253, 18
253, 18
253, 18
253, 18
254, 18
254, 18
254, 18
254, 18
254, 18
254, 18
254, 18
254, 18
254, 18
254, 18
254, 18
254, 18
254, 18
254, 18
254, 18
254, 18
254, 18
254, 18
255, 18
255, 18
255, 18
255, 18
255, 18
255, 18
255, 18
255, 18
255, 18
255, 18
255, 18
255, 18
255, 18
255, 18
255, 18
255, 18
255, 18
255, 18
256, 18
256, 18
256, 18
256, 18
256, 18
256, 18
256, 18
256, 18
256, 18
256, 18
256, 18
256, 18
256, 18
256, 18
256, 18
256, 18
256, 18
256, 18
257, 18
257, 18
257, 18
257, 18
257, 18
257, 18
257, 18
257, 18
257, 18
257, 18
257, 18
257, 18
257, 18
257, 18
257, 18
257, 18
257, 18
257, 18
258, 18
258, 18
258, 18
258, 18
258, 18
258, 18
258, 18
258, 18
258, 18
258, 18
258, 18
258, 18
258, 18
258, 18
258, 18
258, 18
258, 18
258, 18
259, 18
259, 18
259, 18
259, 18
259, 18
259, 18
259, 18
259, 18
259, 18
259, 18
259, 18
259, 18
259, 18
259, 18
259, 18
259, 18
259, 18
259, 18
260, 18
260, 18
260, 18
260, 18
260, 18
260, 18
260, 18
260, 18
260, 18
260, 18
260, 18
260, 18
260, 18
260, 18
260, 18
260, 18
260, 18
260, 18
261, 18
261, 18
261, 18
261, 18
261, 18
261, 18
261, 18
261, 18
261, 18
261, 18
261, 18
261, 18
261, 18
261, 18
261, 18
261, 18
261, 18
261, 18
262, 18
262, 18
262, 18
262, 18
262, 18
262, 18
262, 18
262, 18
262, 18
262, 18
262, 18
262, 18
262, 18
262, 18
262, 18
262, 18
262, 18
262, 18
263, 18
263, 18
263, 18
263, 18
263, 18
263, 18
263, 18
263, 18
263, 18
263, 18
263, 18
263, 18
263, 18
263, 18
263, 18
263, 18
263, 18
263, 18
264, 18
264, 18
264, 18
264, 18
264, 18
264, 18
264, 18
264, 18
264, 18
264, 18
264, 18
264, 18
264, 18
264, 18
264, 18
264, 18
264, 18
264, 18
265, 18
265, 18
265, 18
265, 18
265, 18
265, 18
265, 18
265, 18
265, 18
265, 18
265, 18
265, 18
265, 18
265, 18
265, 18
265, 18
265, 18
265, 18
266, 18
266, 18
266, 18
266, 18
266, 18
266, 18
266, 18
266, 18
266, 18
266, 18
266, 18
266, 18
266, 18
266, 18
266, 18
266, 18
266, 18
266, 18
267, 18
267, 18
267, 18
267, 18
267, 18
267, 18
267, 18
267, 18
267, 18
267, 18
267, 18
267, 18
267, 18
267, 18
267, 18
267, 18
267, 18
267, 18
268, 18
268, 18
268, 18
268, 18
268, 18
268, 18
268, 18
268, 18
268, 18
268, 18
268, 18
268, 18
268, 18
268, 18
268, 18
268, 18
268, 18
268, 18
269, 18
269, 18
269, 18
269, 18
269, 18
269, 18
269, 18
269, 18
269, 18
269, 18
269, 18
269, 18
269, 18
269, 18
269, 18
269, 18
269, 18
269, 18
270, 18
270, 18
270, 18
270, 18
270, 18
270, 18
270, 18
270, 18
270, 18
270, 18
270, 18
270, 18
270, 18
270, 18
270, 18
270, 18
270, 18
270, 18
271, 18
271, 18
271, 18
271, 18
271, 18
271, 18
271, 18
271, 18
271, 18
271, 18
271, 18
271, 18
271, 18
271, 18
271, 18
271, 18
271, 18
271, 18
272, 18
272, 18
272, 18
272, 18
272, 18
272, 18
272, 18
272, 18
272, 18
272, 18
272, 18
272, 18
272, 18
272, 18
272, 18
272, 18
272, 18
272, 18
273, 18
273, 18
273, 18
273, 18
273, 18
273, 18
273, 18
273, 18
273, 18
273, 18
273, 18
273, 18
273, 18
273, 18
273, 18
273, 18
273, 18
273, 18
274, 18
274, 18
274, 18
274, 18
274, 18
274, 18
274, 18
274, 18
274, 18
274, 18
274, 18
274, 18
274, 18
274, 18
274, 18
274, 18
274, 18
274, 18
275, 18
275, 18
275, 18
275, 18
275, 18
275, 18
275, 18
275, 18
275, 18
275, 18
275, 18
275, 18
275, 18
275, 18
275, 18
275, 18
275, 18
275, 18
276, 18
276, 18
276, 18
276, 18
276, 18
276, 18
276, 18
276, 18
276, 18
276, 18
276, 18
276, 18
276, 18
276, 18
276, 18
276, 18
276, 18
276, 18
277, 18
277, 18
277, 18
277, 18
277, 18
277, 18
277, 18
277, 18
277, 18
277, 18
277, 18
277, 18
277, 18
277, 18
277, 18
277, 18
277, 18
277, 18
278, 18
278, 18
278, 18
278, 18
278, 18
278, 18
278, 18
278, 18
278, 18
278, 18
278, 18
278, 18
278, 18
278, 18
278, 18
278, 18
278, 18
278, 18
279, 18
279, 18
279, 18
279, 18
279, 18
279, 18
279, 18
279, 18
279, 18
279, 18
279, 18
279, 18
279, 18
279, 18
279, 18
279, 18
279, 18
279, 18
280, 18
280, 18
280, 18
280, 18
280, 18
280, 18
280, 18
280, 18
280, 18
280, 18
280, 18
280, 18
280, 18
280, 18
280, 18
280, 18
280, 18
280, 18
281, 18
281, 18
281, 18
281, 18
281, 18
281, 18
281, 18
281, 18
281, 18
281, 18
281, 18
281, 18
281, 18
281, 18
281, 18
281, 18
281, 18
281, 18
282, 18
282, 18
282, 18
282, 18
282, 18
282, 18
282, 18
282, 18
282, 18
282, 18
282, 18
282, 18
282, 18
282, 18
282, 18
282, 18
282, 18
282, 18
283, 18
283, 18
283, 18
283, 18
283, 18
283, 18
283, 18
283, 18
283, 18
283, 18
283, 18
283, 18
283, 18
283, 18
283, 18
283, 18
283, 18
283, 18
284, 18
284, 18
284, 18
284, 18
284, 18
284, 18
284, 18
284, 18
284, 18
284, 18
284, 18
284, 18
284, 18
284, 18
284, 18
284, 18
284, 18
284, 18
285, 18
285, 18
285, 18
285, 18
285, 18
285, 18
285, 18
285, 18
285, 18
285, 18
285, 18
285, 18
285, 18
285, 18
285, 18
285, 18
285, 18
285, 18
286, 18
286, 18
286, 18
286, 18
286, 18
286, 18
286, 18
286, 18
286, 18
286, 18
286, 18
286, 18
286, 18
286, 18
286, 18
286, 18
286, 18
286, 18
287, 18
287, 18
287, 18
287, 18
287, 18
287, 18
287, 18
287, 18
287, 18
287, 18
287, 18
287, 18
287, 18
287, 18
287, 18
287, 18
287, 18
287, 18
288, 18
288, 18
288, 18
288, 18
288, 18
288, 18
288, 18
288, 18
288, 18
288, 18
288, 18
288, 18
288, 18
288, 18
288, 18
288, 18
288, 18
288, 18
289, 18
289, 18
289, 18
289, 18
289, 18
289, 18
289, 18
289, 18
289, 18
289, 18
289, 18
289, 18
289, 18
289, 18
289, 18
289, 18
289, 18
289, 18
290, 18
290, 18
290, 18
290, 18
290, 18
290, 18
290, 18
290, 18
290, 18
290, 18
290, 18
290, 18
290, 18
290, 18
290, 18
290, 18
290, 18
290, 18
291, 18
291, 18
291, 18
291, 18
291, 18
291, 18
291, 18
291, 18
291, 18
291, 18
291, 18
291, 18
291, 18
291, 18
291, 18
291, 18
291, 18
291, 18
292, 18
292, 18
292, 18
292, 18
292, 18
292, 18
292, 18
292, 18
292, 18
292, 18
292, 18
292, 18
292, 18
292, 18
292, 18
292, 18
292, 18
292, 18
293, 18
293, 18
293, 18
293, 18
293, 18
293, 18
293, 18
293, 18
293, 18
293, 18
293, 18
293, 18
293, 18
293, 18
293, 18
293, 18
293, 18
293, 18
294, 18
294, 18
294, 18
294, 18
294, 18
294, 18
294, 18
294, 18
294, 18
294, 18
294, 18
294, 18
294, 18
294, 18
294, 18
294, 18
294, 18
294, 18
295, 18
295, 18
295, 18
295, 18
295, 18
295, 18
295, 18
295, 18
295, 18
295, 18
295, 18
295, 18
295, 18
295, 18
295, 18
295, 18
295, 18
295, 18
296, 18
296, 18
296, 18
296, 18
296, 18
296, 18
296, 18
296, 18
296, 18
296, 18
296, 18
296, 18
296, 18
296, 18
296, 18
296, 18
296, 18
296, 18
297, 18
297, 18
297, 18
297, 18
297, 18
297, 18
297, 18
297, 18
297, 18
297, 18
297, 18
297, 18
297, 18
297, 18
297, 18
297, 18
297, 18
297, 18
298, 18
298, 18
298, 18
298, 18
298, 18
298, 18
298, 18
298, 18
298, 18
298, 18
298, 18
298, 18
298, 18
298, 18
298, 18
298, 18
298, 18
298, 18
299, 18
299, 18
299, 18
299, 18
299, 18
299, 18
299, 18
299, 18
299, 18
299, 18
299, 18
299, 18
299, 18
299, 18
299, 18
299, 18
299, 18
299, 18
300, 18
300, 18
300, 18
300, 18
300, 18
300, 18
300, 18
300, 18
300, 18
300, 18
300, 18
300, 18
300, 18
300, 18
300, 18
300, 18
300, 18
300, 18
301, 18
301, 18
301, 18
301, 18
301, 18
301, 18
301, 18
301, 18
301, 18
301, 18
301, 18
301, 18
301, 18
301, 18
301, 18
301, 18
301, 18
301, 18
302, 18
302, 18
302, 18
302, 18
302, 18
302, 18
302, 18
302, 18
302, 18
302, 18
302, 18
302, 18
302, 18
302, 18
302, 18
302, 18
302, 18
302, 18
303, 18
303, 18
303, 18
303, 18
303, 18
303, 18
303, 18
303, 18
303, 18
303, 18
303, 18
303, 18
303, 18
303, 18
303, 18
303, 18
303, 18
303, 18
304, 18
304, 18
304, 18
304, 18
304, 18
304, 18
304, 18
304, 18
304, 18
304, 18
304, 18
304, 18
304, 18
304, 18
304, 18
304, 18
304, 18
304, 18
305, 18
305, 18
305, 18
305, 18
305, 18
305, 18
305, 18
305, 18
305, 18
305, 18
305, 18
305, 18
305, 18
305, 18
305, 18
305, 18
305, 18
305, 18
306, 18
306, 18
306, 18
306, 18
306, 18
306, 18
306, 18
306, 18
306, 18
306, 18
306, 18
306, 18
306, 18
306, 18
306, 18
306, 18
306, 18
306, 18
307, 18
307, 18
307, 18
307, 18
307, 18
307, 18
307, 18
307, 18
307, 18
307, 18
307, 18
307, 18
307, 18
307, 18
307, 18
307, 18
307, 18
307, 18
308, 18
308, 18
308, 18
308, 18
308, 18
308, 18
308, 18
308, 18
308, 18
308, 18
308, 18
308, 18
308, 18
308, 18
308, 18
308, 18
308, 18
308, 18
309, 18
309, 18
309, 18
309, 18
309, 18
309, 18
309, 18
309, 18
309, 18
309, 18
309, 18
309, 18
309, 18
309, 18
309, 18
309, 18
309, 18
309, 18
310, 18
310, 18
310, 18
310, 18
310, 18
310, 18
310, 18
310, 18
310, 18
310, 18
310, 18
310, 18
310, 18
310, 18
310, 18
310, 18
310, 18
310, 18
311, 18
311, 18
311, 18
311, 18
311, 18
311, 18
311, 18
311, 18
311, 18
311, 18
311, 18
311, 18
311, 18
311, 18
311, 18
311, 18
311, 18
311, 18
312, 18
312, 18
312, 18
312, 18
312, 18
312, 18
312, 18
312, 18
312, 18
312, 18
312, 18
312, 18
312, 18
312, 18
312, 18
312, 18
312, 18
312, 18
313, 18
313, 18
313, 18
313, 18
313, 18
313, 18
313, 18
313, 18
313, 18
313, 18
313, 18
313, 18
313, 18
313, 18
313, 18
313, 18
313, 18
313, 18
314, 18
314, 18
314, 18
314, 18
314, 18
314, 18
314, 18
314, 18
314, 18
314, 18
314, 18
314, 18
314, 18
314, 18
314, 18
314, 18
314, 18
314, 18
315, 18
315, 18
315, 18
315, 18
315, 18
315, 18
315, 18
315, 18
315, 18
315, 18
315, 18
315, 18
315, 18
315, 18
315, 18
315, 18
315, 18
315, 18
316, 18
316, 18
316, 18
316, 18
316, 18
316, 18
316, 18
316, 18
316, 18
316, 18
316, 18
316, 18
316, 18
316, 18
316, 18
316, 18
316, 18
316, 18
317, 18
317, 18
317, 18
317, 18
317, 18
317, 18
317, 18
317, 18
317, 18
317, 18
317, 18
317, 18
317, 18
317, 18
317, 18
317, 18
317, 18
317, 18
318, 18
318, 18
318, 18
318, 18
318, 18
318, 18
318, 18
318, 18
318, 18
318, 18
318, 18
318, 18
318, 18
318, 18
318, 18
318, 18
318, 18
318, 18
319, 18
319, 18
319, 18
319, 18
319, 18
319, 18
319, 18
319, 18
319, 18
319, 18
319, 18
319, 18
319, 18
319, 18
319, 18
319, 18
319, 18
319, 18
320, 18
320, 18
320, 18
320, 18
320, 18
320, 18
320, 18
320, 18
320, 18
320, 18
320, 18
320, 18
320, 18
320, 18
320, 18
320, 18
320, 18
320, 18
321, 18
321, 18
321, 18
321, 18
321, 18
321, 18
321, 18
321, 18
321, 18
321, 18
321, 18
321, 18
321, 18
321, 18
321, 18
321, 18
321, 18
321, 18
322, 18
322, 18
322, 18
322, 18
322, 18
322, 18
322, 18
322, 18
322, 18
322, 18
322, 18
322, 18
322, 18
322, 18
322, 18
322, 18
322, 18
322, 18
323, 18
323, 18
323, 18
323, 18
323, 18
323, 18
323, 18
323, 18
323, 18
323, 18
323, 18
323, 18
323, 18
323, 18
323, 18
323, 18
323, 18
323, 18
324, 18
324, 18
324, 18
324, 18
324, 18
324, 18
324, 18
324, 18
324, 18
324, 18
324, 18
324, 18
324, 18
324, 18
324, 18
324, 18
324, 18
324, 18
325, 18
325, 18
325, 18
325, 18
325, 18
325, 18
325, 18
325, 18
325, 18
325, 18
325, 18
325, 18
325, 18
325, 18
325, 18
325, 18
325, 18
325, 18
326, 18
326, 18
326, 18
326, 18
326, 18
326, 18
326, 18
326, 18
326, 18
326, 18
326, 18
326, 18
326, 18
326, 18
326, 18
326, 18
326, 18
326, 18
327, 18
327, 18
327, 18
327, 18
327, 18
327, 18
327, 18
327, 18
327, 18
327, 18
327, 18
327, 18
327, 18
327, 18
327, 18
327, 18
327, 18
327, 18
328, 18
328, 18
328, 18
328, 18
328, 18
328, 18
328, 18
328, 18
328, 18
328, 18
328, 18
328, 18
328, 18
328, 18
328, 18
328, 18
328, 18
328, 18
329, 18
329, 18
329, 18
329, 18
329, 18
329, 18
329, 18
329, 18
329, 18
329, 18
329, 18
329, 18
329, 18
329, 18
329, 18
329, 18
329, 18
329, 18
330, 18
330, 18
330, 18
330, 18
330, 18
330, 18
330, 18
330, 18
330, 18
330, 18
330, 18
330, 18
330, 18
330, 18
330, 18
330, 18
330, 18
330, 18
331, 18
331, 18
331, 18
331, 18
331, 18
331, 18
331, 18
331, 18
331, 18
331, 18
331, 18
331, 18
331, 18
331, 18
331, 18
331, 18
331, 18
331, 18
332, 18
332, 18
332, 18
332, 18
332, 18
332, 18
332, 18
332, 18
332, 18
332, 18
332, 18
332, 18
332, 18
332, 18
332, 18
332, 18
332, 18
332, 18
333, 18
333, 18
333, 18
333, 18
333, 18
333, 18
333, 18
333, 18
333, 18
333, 18
333, 18
333, 18
333, 18
333, 18
333, 18
333, 18
333, 18
333, 18
334, 18
334, 18
334, 18
334, 18
334, 18
334, 18
334, 18
334, 18
334, 18
334, 18
334, 18
334, 18
334, 18
334, 18
334, 18
334, 18
334, 18
334, 18
335, 18
335, 18
335, 18
335, 18
335, 18
335, 18
335, 18
335, 18
335, 18
335, 18
335, 18
335, 18
335, 18
335, 18
335, 18
335, 18
335, 18
335, 18
336, 18
336, 18
336, 18
336, 18
336, 18
336, 18
336, 18
336, 18
336, 18
336, 18
336, 18
336, 18
336, 18
336, 18
336, 18
336, 18
336, 18
336, 18
337, 18
337, 18
337, 18
337, 18
337, 18
337, 18
337, 18
337, 18
337, 18
337, 18
337, 18
337, 18
337, 18
337, 18
337, 18
337, 18
337, 18
337, 18
338, 18
338, 18
338, 18
338, 18
338, 18
338, 18
338, 18
338, 18
338, 18
338, 18
338, 18
338, 18
338, 18
338, 18
338, 18
338, 18
338, 18
338, 18
339, 18
339, 18
339, 18
339, 18
339, 18
339, 18
339, 18
339, 18
339, 18
339, 18
339, 18
339, 18
339, 18
339, 18
339, 18
339, 18
339, 18
339, 18
340, 18
340, 18
340, 18
340, 18
340, 18
340, 18
340, 18
340, 18
340, 18
340, 18
340, 18
340, 18
340, 18
340, 18
340, 18
340, 18
340, 18
340, 18
341, 18
341, 18
341, 18
341, 18
341, 18
341, 18
341, 18
341, 18
341, 18
341, 18
341, 18
341, 18
341, 18
341, 18
341, 18
341, 18
341, 18
341, 18
342, 18
342, 18
342, 18
342, 18
342, 18
342, 18
342, 18
342, 18
342, 18
342, 18
342, 18
342, 18
342, 18
342, 18
342, 18
342, 18
342, 18
342, 18
343, 18
343, 18
343, 18
343, 18
343, 18
343, 18
343, 18
343, 18
343, 18
343, 18
343, 18
343, 18
343, 18
343, 18
343, 18
343, 18
343, 18
343, 18
344, 18
344, 18
344, 18
344, 18
344, 18
344, 18
344, 18
344, 18
344, 18
344, 18
344, 18
344, 18
344, 18
344, 18
344, 18
344, 18
344, 18
344, 18
345, 18
345, 18
345, 18
345, 18
345, 18
345, 18
345, 18
345, 18
345, 18
345, 18
345, 18
345, 18
345, 18
345, 18
345, 18
345, 18
345, 18
345, 18
346, 18
346, 18
346, 18
346, 18
346, 18
346, 18
346, 18
346, 18
346, 18
346, 18
346, 18
346, 18
346, 18
346, 18
346, 18
346, 18
346, 18
346, 18
347, 18
347, 18
347, 18
347, 18
347, 18
347, 18
347, 18
347, 18
347, 18
347, 18
347, 18
347, 18
347, 18
347, 18
347, 18
347, 18
347, 18
347, 18
348, 18
348, 18
348, 18
348, 18
348, 18
348, 18
348, 18
348, 18
348, 18
348, 18
348, 18
348, 18
348, 18
348, 18
348, 18
348, 18
348, 18
348, 18
349, 18
349, 18
349, 18
349, 18
349, 18
349, 18
349, 18
349, 18
349, 18
349, 18
349, 18
349, 18
349, 18
349, 18
349, 18
349, 18
349, 18
349, 18
350, 18
350, 18
350, 18
350, 18
350, 18
350, 18
350, 18
350, 18
350, 18
350, 18
350, 18
350, 18
350, 18
350, 18
350, 18
350, 18
350, 18
350, 18
351, 18
351, 18
351, 18
351, 18
351, 18
351, 18
351, 18
351, 18
351, 18
351, 18
351, 18
351, 18
351, 18
351, 18
351, 18
351, 18
351, 18
351, 18
352, 18
352, 18
352, 18
352, 18
352, 18
352, 18
352, 18
352, 18
352, 18
352, 18
352, 18
352, 18
352, 18
352, 18
352, 18
352, 18
352, 18
352, 18
353, 18
353, 18
353, 18
353, 18
353, 18
353, 18
353, 18
353, 18
353, 18
353, 18
353, 18
353, 18
353, 18
353, 18
353, 18
353, 18
353, 18
353, 18
354, 18
354, 18
354, 18
354, 18
354, 18
354, 18
354, 18
354, 18
354, 18
354, 18
354, 18
354, 18
354, 18
354, 18
354, 18
354, 18
354, 18
354, 18
355, 18
355, 18
355, 18
355, 18
355, 18
355, 18
355, 18
355, 18
355, 18
355, 18
355, 18
355, 18
355, 18
355, 18
355, 18
355, 18
355, 18
355, 18
356, 18
356, 18
356, 18
356, 18
356, 18
356, 18
356, 18
356, 18
356, 18
356, 18
356, 18
356, 18
356, 18
356, 18
356, 18
356, 18
356, 18
356, 18
357, 18
357, 18
357, 18
357, 18
357, 18
357, 18
357, 18
357, 18
357, 18
357, 18
357, 18
357, 18
357, 18
357, 18
357, 18
357, 18
357, 18
357, 18
358, 18
358, 18
358, 18
358, 18
358, 18
358, 18
358, 18
358, 18
358, 18
358, 18
358, 18
358, 18
358, 18
358, 18
358, 18
358, 18
358, 18
358, 18
359, 18
359, 18
359, 18
359, 18
359, 18
359, 18
359, 18
359, 18
359, 18
359, 18
359, 18
359, 18
359, 18
359, 18
359, 18
359, 18
359, 18
359, 18
360, 18
360, 18
360, 18
360, 18
360, 18
360, 18
360, 18
360, 18
360, 18
360, 18
360, 18
360, 18
360, 18
360, 18
360, 18
360, 18
360, 18
360, 18
361, 18
361, 18
361, 18
361, 18
361, 18
361, 18
361, 18
361, 18
361, 18
361, 18
361, 18
361, 18
361, 18
361, 18
361, 18
361, 18
361, 18
361, 18
362, 18
362, 18
362, 18
362, 18
362, 18
362, 18
362, 18
362, 18
362, 18
362, 18
362, 18
362, 18
362, 18
362, 18
362, 18
362, 18
362, 18
362, 18
363, 18
363, 18
363, 18
363, 18
363, 18
363, 18
363, 18
363, 18
363, 18
363, 18
363, 18
363, 18
363, 18
363, 18
363, 18
363, 18
363, 18
363, 18
364, 18
364, 18
364, 18
364, 18
364, 18
364, 18
364, 18
364, 18
364, 18
364, 18
364, 18
364, 18
364, 18
364, 18
364, 18
364, 18
364, 18
364, 18
365, 18
365, 18
365, 18
365, 18
365, 18
365, 18
365, 18
365, 18
365, 18
365, 18
365, 18
365, 18
365, 18
365, 18
365, 18
365, 18
365, 18
365, 18
366, 18
366, 18
366, 18
366, 18
366, 18
366, 18
366, 18
366, 18
366, 18
366, 18
366, 18
366, 18
366, 18
366, 18
366, 18
366, 18
366, 18
366, 18
367, 18
367, 18
367, 18
367, 18
367, 18
367, 18
367, 18
367, 18
367, 18
367, 18
367, 18
367, 18
367, 18
367, 18
367, 18
367, 18
367, 18
367, 18
368, 18
368, 18
368, 18
368, 18
368, 18
368, 18
368, 18
368, 18
368, 18
368, 18
368, 18
368, 18
368, 18
368, 18
368, 18
368, 18
368, 18
368, 18
369, 18
369, 18
369, 18
369, 18
369, 18
369, 18
369, 18
369, 18
369, 18
369, 18
369, 18
369, 18
369, 18
369, 18
369, 18
369, 18
369, 18
369, 18
370, 18
370, 18
370, 18
370, 18
370, 18
370, 18
370, 18
370, 18
370, 18
370, 18
370, 18
370, 18
370, 18
370, 18
370, 18
370, 18
370, 18
370, 18
371, 18
371, 18
371, 18
371, 18
371, 18
371, 18
371, 18
371, 18
371, 18
371, 18
371, 18
371, 18
371, 18
371, 18
371, 18
371, 18
371, 18
371, 18
372, 18
372, 18
372, 18
372, 18
372, 18
372, 18
372, 18
372, 18
372, 18
372, 18
372, 18
372, 18
372, 18
372, 18
372, 18
372, 18
372, 18
372, 18
373, 18
373, 18
373, 18
373, 18
373, 18
373, 18
373, 18
373, 18
373, 18
373, 18
373, 18
373, 18
373, 18
373, 18
373, 18
373, 18
373, 18
373, 18
374, 18
374, 18
374, 18
374, 18
374, 18
374, 18
374, 18
374, 18
374, 18
374, 18
374, 18
374, 18
374, 18
374, 18
374, 18
374, 18
374, 18
374, 18
375, 18
375, 18
375, 18
375, 18
375, 18
375, 18
375, 18
375, 18
375, 18
375, 18
375, 18
375, 18
375, 18
375, 18
375, 18
375, 18
375, 18
375, 18
376, 18
376, 18
376, 18
376, 18
376, 18
376, 18
376, 18
376, 18
376, 18
376, 18
376, 18
376, 18
376, 18
376, 18
376, 18
376, 18
376, 18
376, 18
377, 18
377, 18
377, 18
377, 18
377, 18
377, 18
377, 18
377, 18
377, 18
377, 18
377, 18
377, 18
377, 18
377, 18
377, 18
377, 18
377, 18
377, 18
378, 18
378, 18
378, 18
378, 18
378, 18
378, 18
378, 18
378, 18
378, 18
378, 18
378, 18
378, 18
378, 18
378, 18
378, 18
378, 18
378, 18
378, 18
379, 18
379, 18
379, 18
379, 18
379, 18
379, 18
379, 18
379, 18
379, 18
379, 18
379, 18
379, 18
379, 18
379, 18
379, 18
379, 18
379, 18
379, 18
380, 18
380, 18
380, 18
380, 18
380, 18
380, 18
380, 18
380, 18
380, 18
380, 18
380, 18
380, 18
380, 18
380, 18
380, 18
380, 18
380, 18
380, 18
381, 18
381, 18
381, 18
381, 18
381, 18
381, 18
381, 18
381, 18
381, 18
381, 18
381, 18
381, 18
381, 18
381, 18
381, 18
381, 18
381, 18
381, 18
382, 18
382, 18
382, 18
382, 18
382, 18
382, 18
382, 18
382, 18
382, 18
382, 18
382, 18
382, 18
382, 18
382, 18
382, 18
382, 18
382, 18
382, 18
383, 18
383, 18
383, 18
383, 18
383, 18
383, 18
383, 18
383, 18
383, 18
383, 18
383, 18
383, 18
383, 18
383, 18
383, 18
383, 18
383, 18
383, 18
384, 18
384, 18
384, 18
384, 18
384, 18
384, 18
384, 18
384, 18
384, 18
384, 18
384, 18
384, 18
384, 18
384, 18
384, 18
384, 18
384, 18
384, 18
385, 18
385, 18
385, 18
385, 18
385, 18
385, 18
385, 18
385, 18
385, 18
385, 18
385, 18
385, 18
385, 18
385, 18
385, 18
385, 18
385, 18
385, 18
386, 18
386, 18
386, 18
386, 18
386, 18
386, 18
386, 18
386, 18
386, 18
386, 18
386, 18
386, 18
386, 18
386, 18
386, 18
386, 18
386, 18
386, 18
387, 18
387, 18
387, 18
387, 18
387, 18
387, 18
387, 18
387, 18
387, 18
387, 18
387, 18
387, 18
387, 18
387, 18
387, 18
387, 18
387, 18
387, 18
388, 18
388, 18
388, 18
388, 18
388, 18
388, 18
388, 18
388, 18
388, 18
388, 18
388, 18
388, 18
388, 18
388, 18
388, 18
388, 18
388, 18
388, 18
389, 18
389, 18
389, 18
389, 18
389, 18
389, 18
389, 18
389, 18
389, 18
389, 18
389, 18
389, 18
389, 18
389, 18
389, 18
389, 18
389, 18
389, 18
390, 18
390, 18
390, 18
390, 18
390, 18
390, 18
390, 18
390, 18
390, 18
390, 18
390, 18
390, 18
390, 18
390, 18
390, 18
390, 18
390, 18
390, 18
391, 18
391, 18
391, 18
391, 18
391, 18
391, 18
391, 18
391, 18
391, 18
391, 18
391, 18
391, 18
391, 18
391, 18
391, 18
391, 18
391, 18
391, 18
392, 18
392, 18
392, 18
392, 18
392, 18
392, 18
392, 18
392, 18
392, 18
392, 18
392, 18
392, 18
392, 18
392, 18
392, 18
392, 18
392, 18
392, 18
393, 18
393, 18
393, 18
393, 18
393, 18
393, 18
393, 18
393, 18
393, 18
393, 18
393, 18
393, 18
393, 18
393, 18
393, 18
393, 18
393, 18
393, 18
394, 18
394, 18
394, 18
394, 18
394, 18
394, 18
394, 18
394, 18
394, 18
394, 18
394, 18
394, 18
394, 18
394, 18
394, 18
394, 18
394, 18
394, 18
395, 18
395, 18
395, 18
395, 18
395, 18
395, 18
395, 18
395, 18
395, 18
395, 18
395, 18
395, 18
395, 18
395, 18
395, 18
395, 18
395, 18
395, 18
396, 18
396, 18
396, 18
396, 18
396, 18
396, 18
396, 18
396, 18
396, 18
396, 18
396, 18
396, 18
396, 18
396, 18
396, 18
396, 18
396, 18
396, 18
397, 18
397, 18
397, 18
397, 18
397, 18
397, 18
397, 18
397, 18
397, 18
397, 18
397, 18
397, 18
397, 18
397, 18
397, 18
397, 18
397, 18
397, 18
398, 18
398, 18
398, 18
398, 18
398, 18
398, 18
398, 18
398, 18
398, 18
398, 18
398, 18
398, 18
398, 18
398, 18
398, 18
398, 18
398, 18
398, 18
399, 18
399, 18
399, 18
399, 18
399, 18
399, 18
399, 18
399, 18
399, 18
399, 18
399, 18
399, 18
399, 18
399, 18
399, 18
399, 18
399, 18
399, 18
400, 18
400, 18
400, 18
400, 18
400, 18
400, 18
400, 18
400, 18
400, 18
400, 18
400, 18
400, 18
400, 18
400, 18
400, 18
400, 18
400, 18
400, 18
401, 18
401, 18
401, 18
401, 18
401, 18
401, 18
401, 18
401, 18
401, 18
401, 18
401, 18
401, 18
401, 18
401, 18
401, 18
401, 18
401, 18
401, 18
