0
0
-0.535472
0.824493
0.594011
-0.203226
-0.108748
0.469828
-0.290779
-0.500497
-0.839906
-0.0960795
-0.146421
-0.0204596
0.834484
0.902712
0.366093
-0.355907
0.665898
-0.675368
0.024218
-0.192183
0.547796
-0.721146
0.398403
0.000790959
0.735908
-0.797089
-0.532742
-0.714596
0.231453
-0.716531
0.274222
-0.440001
-0.0383597
0.663309
-0.518075
0.711405
-0.713127
0.814021
-0.514584
0.654722
0.330514
0.688382
0.748785
-0.346206
0.383358
0.226333
0.231038
-0.0633706
-0.398698
0.261239
0.843177
-0.692306
-0.529774
0.753983
-0.365725
-0.100907
-0.756618
0.8656
0.142451
0.818622
-0.610645
-0.792742
0.804913
0.68552
-0.0978704
-0.560039
-0.78343
0.481172
-0.467284
-0.256353
-0.503099
-0.538038
0.0495508
-0.786423
-0.0948606
-0.358222
0.80284
-0.659754
-0.992333
-0.199276
-0.541823
0.86315
-0.855563
0.0488365
-0.196955
-0.665642
0.555805
-0.624061
-0.736011
-0.0341058
0.336967
-0.255241
0.581668
-0.121161
0.559242
-0.99378
-0.984815
0.315775
-0.467834
-0.908275
0.893452
-0.926463
0.545347
0.799654
0.475808
0.668669
-0.736459
0.482018
-0.565101
-0.978039
0.92011
0.933137
0.880268
0.617067
0.19237
-0.803132
0.114994
-0.683762
-0.133495
-0.200206
-0.917999
0.623843
0.572978
-0.347072
-0.0672855
-0.292861
0.0175793
0.226254
0.234662
0.510635
-0.96245
-0.483558
-0.000421078
-0.0583868
0.457109
0.672397
-0.372918
-0.295133
-0.921059
0.815797
0.957387
-0.265939
0.67459
-0.0636072
0.0500578
0.826312
-0.1955
-0.272618
0.741427
0.735421
-0.454807
0.817584
0.447595
0.917819
0.575328
-0.487407
0.946917
-0.971439
0.787225
0.628938
-0.00721402
0.884502
0.744361
-0.587212
0.471441
-0.854158
0.407759
-0.505162
-0.441501
0.137835
-0.40996
0.215265
0.819688
0.897819
0.513267
-0.716089
-0.332595
-0.558288
-0.665784
0.396512
-0.485892
0.388731
-0.922613
-0.535133
0.144111
0.324875
0.564831
-0.810898
0.0345132
-0.0229019
0.405002
0.188028
0.256483
-0.354727
-0.0699729
0.873662
0.619951
0.7166
0.668771
-0.917965
-0.602017
0.130888
0.719842
-0.188566
0.43488
-0.972052
0.516168
-0.399826
-0.181312
-0.526411
0.831635
-0.582876
-0.168863
-0.512211
-0.148051
0.220495
-0.0544177
-0.214651
0.512093
-0.981256
0.645043
-0.908455
-0.959522
-0.0547263
-0.548794
-0.5117
0.817103
0.0849567
0.0318597
-0.326583
-0.887091
0.315401
-0.742401
0.887932
0.940561
0.335168
-0.0438037
0.582637
0.351494
0.531686
0.649625
0.536945
-0.776524
-0.537223
0.331254
-0.306668
0.683958
-0.517543
-0.0220747
0.709645
0.561509
0.222712
-0.601707
-0.658017
-0.446368
0.515556
-0.377279
-0.84864
-0.0145974
-0.90701
0.85246
-0.738039
0.879148
0.0181869
0.0430888
-0.894415
-0.907332
0.125644
0.131989
0.27786
-0.0949435
0.232863
-0.228565
-0.858573
-0.660111
-0.964432
-0.0782038
-0.685385
-0.303518
-0.954679
-0.348512
0.046526
-0.271433
0.624941
-0.765065
0.138174
0.259824
-0.507294
-0.729225
0.940213
0.0472683
0.902851
0.245
0.952862
-0.0446252
0.563378
0.403535
0.472427
-0.8957
-0.805343
0.479216
-0.0122617
-0.637345
0.58303
0.70789
0.672037
0.439903
-0.0896903
0.306785
-0.394705
0.308129
-0.39557
0.703552
-0.503511
-0.420386
0.219243
0.038254
0.137245
0.0235098
0.426273
-0.285749
0.649205
0.419491
0.841608
-0.868418
0.544545
-0.433368
0.938422
-0.532133
0.110203
0.477974
-0.114661
-0.0325274
0.868916
0.206858
-0.754243
0.183108
0.933356
-0.0946774
-0.973857
0.9656
-0.378035
-0.606731
-0.35524
-0.127075
0.342622
0.221122
-0.80083
-0.218991
-0.499115
-0.0674746
-0.209819
0.575354
-0.583569
0.0760724
0.921282
0.663744
-0.736825
0.0789473
-0.222244
-0.276919
0.720945
-0.668984
0.153563
0.0435992
0.54595
-0.414858
0.833431
-0.735025
0.214316
0.245164
0.793167
-0.23636
-0.181473
0.983748
-0.770259
0.883628
0.544978
0.555138
0.133101
0.777982
-0.557253
0.680736
-0.723784
-0.269965
0.395351
-0.0212255
-0.811332
-0.502495
0.173663
-0.0470796
-0.399663
-0.952359
-0.37415
0.818599
0.329307
0.452222
0.602204
-0.612681
-0.21868
-0.634516
-0.105353
0.424359
0.827893
0.497429
0.416714
0.356007
-0.198937
-0.490481
-0.785778
-0.217929
-0.564916
0.383992
-0.355893
-0.204404
0.199489
0.7365
-0.836662
-0.311307
0.66293
0.0651954
-0.565182
0.562553
0.00966646
0.280673
-0.194171
0.0794681
-0.388786
-0.724329
-0.698778
0.530813
0.854949
0.776541
0.719947
0.51306
-0.653309
0.557407
0.581361
-0.924109
-0.0761313
-0.823206
0.383263
-0.321217
0.0210599
0.838685
-0.978496
-0.639983
0.559645
-0.574144
-0.994788
0.484508
0.108498
0.431939
0.0173862
-0.874504
-0.283966
-0.439943
-0.421904
-0.618634
0.754462
0.528168
-0.470563
-0.436597
0.202811
-0.489152
-0.808681
-0.814705
-0.0646317
0.139822
0.964384
0.614451
-0.913227
0.243977
0.927916
0.986105
-0.257228
0.719782
-0.0137492
-0.698774
0.349001
-0.959219
-0.0139344
0.621646
-0.214293
-0.809262
0.281056
-0.913642
-0.146963
0.402923
-0.300156
-0.593125
-0.809997
-0.421336
-0.863737
-0.340013
-0.339314
-0.670324
-0.147745
-0.83621
-0.875542
-0.230123
-0.514406
-0.641617
0.855734
0.0846732
-0.314538
-0.802558
-0.268513
-0.726154
0.874255
-0.0618166
0.248058
0.446913
-0.280028
0.961695
-0.301178
-0.57953
-0.710394
0.840733
0.373469
-0.608759
-0.139728
-0.776374
-0.940032
-0.49444
-0.779609
-0.134855
0.2305
0.21429
0.922436
0.230479
0.368541
0.851029
0.319561
0.629871
0.866632
0.344381
0.865678
-0.699035
-0.570607
-0.354648
-0.112975
0.0936456
-0.743573
-0.342784
0.852974
-0.575322
-0.0893568
0.105473
0.464404
0.539618
-0.939874
0.8049
0.91107
0.198417
-0.161379
-0.579567
0.587833
-0.41668
-0.280397
-0.10142
-0.110227
-0.675361
0.647849
0.347255
0.403447
-0.683059
0.530471
0.811361
0.224766
-0.34129
-0.515582
-0.860617
0.47004
-0.0874242
-0.0555532
-0.227402
0.178291
-0.99758
0.790739
-0.0221739
-0.231502
0.358596
-0.208356
0.691852
-0.00750116
0.316682
-0.198962
0.242173
0.862996
-0.341827
-0.780087
-0.288001
-0.540932
0.186728
0.572644
-0.102127
-0.458235
-0.171441
0.0531042
-0.327991
-0.337392
0.596888
-0.967098
0.918062
-0.537204
0.880077
-0.174082
-0.597512
0.147945
0.616121
-0.0242131
-0.603724
0.713249
0.561143
0.83926
0.555099
0.0253439
0.448955
-0.0681062
0.745793
0.823842
-0.0823403
0.809289
0.545621
-0.478062
0.179258
0.751333
-0.652525
0.0542721
0.00968014
0.84674
-0.902843
0.774878
0.429943
-0.786101
-0.380555
-0.0933819
-0.0986641
0.993913
-0.927073
0.514265
0.779702
0.327107
0.869731
-0.968714
-0.463319
-0.908644
-0.330032
0.176439
-0.515971
-0.0944215
0.735631
0.521942
-0.262641
0.503351
-0.722134
0.0982477
0.383025
0.228992
-0.690419
-0.776987
0.335436
0.268609
-0.351383
0.0137028
-0.0416683
0.815834
-0.429583
0.981579
0.465734
-0.809122
-0.526008
0.396094
0.746487
-0.446918
0.466101
0.267355
-0.759324
-0.27204
0.981942
-0.405
-0.635636
-0.409482
0.24848
-0.41527
0.413204
0.964416
-0.167153
-0.404441
-0.905273
0.360066
0.545808
0.797935
0.385055
0.658551
-0.632127
0.34745
-0.620355
0.880425
-0.109239
-0.772531
0.679423
0.355923
-0.198124
-0.952515
-0.0660123
0.00471684
0.0359839
-0.919138
0.926219
0.0391682
-0.662986
-0.43331
0.75962
0.890399
0.240914
-0.224371
-0.805184
-0.150508
0.664782
-0.253281
-0.276069
-0.278956
-0.0598766
0.00388469
-0.769532
0.988945
-0.00957431
0.451774
0.195969
-0.351398
0.690593
0.892975
-0.314469
-0.153198
-0.361677
0.00591797
-0.0906387
0.651823
-0.608607
-0.887212
0.526803
0.190369
0.311219
0.648973
0.0940296
0.887304
-0.253166
-0.9968
0.268715
-0.733692
0.645013
-0.278746
0.913848
0.610196
-0.371674
0.967814
0.387562
-0.640492
-0.178378
0.197189
-0.048322
-0.42237
0.212309
-0.732608
-0.136464
-0.785554
0.685796
-0.927828
-0.163473
-0.00133871
0.328637
0.67217
0.222308
-0.290269
0.525027
-0.0206096
-0.664322
0.709329
-0.152432
0.262345
-0.772762
0.328696
0.208891
-0.327196
-0.293806
-0.480395
-0.854777
0.804514
-0.970099
-0.52991
0.681137
0.4721
0.32517
-0.452658
0.587171
-0.865173
-0.0722182
0.894102
0.258653
-0.329342
0.10751
0.921792
0.444359
-0.897519
0.571542
-0.991454
-0.177864
0.795095
0.552476
-0.602437
-0.207325
-0.139902
-0.728864
0.183102
-0.82981
0.962797
-0.0624553
0.983563
-0.530635
0.673769
-0.942876
-0.0190924
-0.374518
0.334324
-0.351168
-0.0122199
-0.182653
-0.934687
-0.162422
0.124512
-0.150298
-0.347292
0.637285
-0.464636
-0.726865
0.995513
0.262035
-0.704294
-0.117386
-0.053787
-0.115934
0.511153
-0.379345
-0.449376
-0.904347
0.574069
-0.421338
0.508609
-0.819445
0.884482
0.377488
0.241338
-0.495125
-0.513367
0.630388
0.197357
-0.226493
0.900449
0.153913
0.149306
-0.0111395
0.889712
0.132315
-0.376234
0.0861033
-0.988788
0.0798019
-0.621179
0.317213
0.285292
0.579201
0.314874
-0.00346453
-0.0243176
0.826809
0.315288
-0.0638209
0.493747
-0.113674
-0.743048
0.266351
0.0610713
-0.368546
-0.6839
-0.520501
0.508737
0.845965
-0.758677
-0.147324
-0.165818
0.963465
-0.551405
0.819349
-0.899614
0.168432
0.711907
-0.518828
-0.668995
-0.783589
0.179822
0.142986
-0.252282
-0.822584
-0.857355
0.380914
-0.220071
0.690111
-0.854858
-0.208057
0.863382
0.563883
-0.575911
-0.960536
0.0863058
-0.63712
-0.13348
0.0841223
0.335013
-0.644828
0.160892
-0.0490224
-0.272685
-0.383285
-0.200171
0.622958
0.820077
-0.503436
-0.191863
-0.554353
-0.374496
-0.832113
0.0701909
0.341013
0.467161
0.305992
0.23842
-0.484515
-0.734389
0.842899
0.0181022
0.123381
0.722619
-0.391726
-0.0912386
-0.907463
0.477519
-0.934887
-0.363687
-0.0989339
-0.785454
-0.58414
-0.544013
-0.937759
-0.148663
-0.376896
-0.245416
0.574302
0.866988
-0.315338
-0.473705
0.716586
-0.876093
0.022416
-0.496569
-0.765712
0.135837
0.845366
0.378812
-0.470565
0.963523
-0.875789
-0.330743
0.0510039
0.428298
0.553863
-0.335164
0.249718
-0.232412
0.646935
0.592219
-0.853719
-0.015574
-0.621798
-0.610149
0.12929
-0.556117
-0.136046
0.443379
-0.345104
-0.156558
-0.351448
-0.646358
0.917382
0.186935
0.951587
0.977049
0.399159
-0.0632814
0.34823
-0.724569
0.155821
0.517775
-0.141174
0.077022
-0.753616
-0.72482
-0.325798
-0.806267
-0.398641
-0.749853
-0.452122
0.359167
-0.486562
-0.456106
0.877945
0.881372
-0.0225013
0.43738
0.569387
0.763627
-0.176658
-0.159928
0.359794
-0.693639
-0.348397
-0.275658
0.452469
-0.277989
-0.815501
-0.413233
0.795755
-0.118886
0.900403
-0.28148
0.339139
0.826996
0.469871
0.593562
0.00433774
0.100838
0.632914
0.0526902
0.719332
-0.119402
-0.709006
0.366089
0.972024
0.549311
-0.53533
0.499469
-0.205356
0.829648
-0.532274
0.673026
0.945545
0.698227
0.20673
-0.923523
-0.126595
-0.631447
0.851311
-0.581943
-0.942229
0.832572
-0.534452
0.387009
-0.217238
-0.49501
-0.813887
-0.178207
0.688808
-0.978604
-0.100286
-0.773185
0.116703
-0.839847
-0.308706
0.495303
-0.94895
0.204975
0.762849
0.827928
-0.22986
0.50092
0.314132
0.615043
0.10188
-0.981374
-0.177047
0.815495
0.528164
-0.166367
-0.312047
0.907432
-0.785094
0.479487
-0.377619
0.696728
-0.931824
-0.896793
0.769843
0.239782
0.285214
0.00642608
0.176602
0.912446
-0.0538053
0.909386
0.97449
-0.198069
-0.785096
-0.498421
0.165973
-0.0176106
-0.554255
-0.0900373
-0.240001
0.106027
-0.669488
-0.107431
-0.235351
0.581411
-0.31198
0.739103
0.770213
0.190402
0.479159
-0.0141029
-0.491961
-0.844556
0.968683
0.634184
-0.0808405
-0.593868
0.179691
-0.0149136
0.0119807
-0.224698
-0.562451
-0.99973
0.734604
0.552169
-0.950845
0.0966058
-0.0070613
-0.236467
0.874859
0.16224
-0.204636
0.671535
0.67037
-0.43649
0.551306
0.326801
-0.502075
0.847343
0.553006
-0.0982244
-0.497101
0.241596
-0.176266
-0.269794
0.156364
0.916817
-0.14502
-0.0206636
-0.558662
-0.770997
-0.882365
0.455217
0.489285
-0.719172
-0.697048
0.373757
0.845905
-0.120555
-0.434171
-0.661614
-0.965123
0.549334
-0.0857816
-0.244836
-0.462987
0.29154
0.0572962
-0.262331
0.753987
-0.0852697
-0.354404
0.0584909
0.439125
-0.672573
0.0286286
-0.663655
0.494471
0.666094
-0.199189
0.652417
-0.796777
0.514632
-0.261199
-0.525764
0.0274982
-0.463449
-0.207374
-0.105178
0.277416
0.158259
0.409321
-0.995727
0.46681
0.908351
-0.565188
-0.900305
-0.205243
-0.537299
0.158802
0.823741
0.617384
-0.894136
0.712488
0.511565
-0.963941
0.0982442
0.57813
0.898068
0.724154
-0.255575
-0.144748
-0.188451
-0.901316
0.544541
-0.64389
-0.226863
-0.756907
0.441398
-0.385514
-0.86667
0.0431261
-0.324203
-0.705627
-0.65421
-0.0783021
0.543091
-0.948882
-0.500918
-0.736497
0.814421
0.558432
0.585912
-0.790999
-0.886181
-0.383023
-0.245466
0.571754
-0.940018
-0.248325
-0.22083
-0.113106
-0.0699038
0.279673
0.643729
0.706614
-0.112218
0.0874035
-0.389077
0.458638
-0.6816
0.924634
0.230865
-0.924496
0.711154
0.24505
-0.604484
-0.33255
0.378129
0.242139
-0.661076
-0.449363
-0.16543
-0.39519
-0.929642
-0.654968
0.954189
0.0727723
-0.582471
0.423304
-0.843594
0.0641729
0.198146
-0.315417
0.695659
0.982602
-0.88286
-0.50865
0.947378
-0.58812
-0.889514
0.533161
0.443694
-0.851979
0.682511
-0.646443
-0.988826
0.314143
0.954946
0.289362
0.559531
0.426529
-0.339718
-0.464527
-0.196147
-0.46422
0.923714
0.528817
0.352302
-0.97664
0.825134
0.74138
-0.78955
-0.167789
-0.191515
-0.556387
-0.245007
0.140235
-0.750721
0.0238429
0.54772
-0.211867
0.549444
-0.00414545
0.42795
0.503368
0.876842
-0.537199
0.798581
0.615934
0.27862
0.346171
0.245114
0.315169
0.0208605
-0.558337
0.39182
-0.445021
-0.246759
0.149334
-0.129387
-0.0120514
-0.538708
-0.498907
0.0604355
-0.41481
0.118416
0.41626
0.448579
0.966092
-0.992643
-0.0759524
-0.427887
0.597891
0.590111
-0.832496
0.828413
0.454706
0.248573
-0.0085963
0.350709
-0.553532
-0.963236
-0.824935
-0.453798
0.870686
-0.633935
0.135366
-0.82
0.934595
0.628487
0.0310614
-0.15437
0.537121
-0.678221
0.638105
0.831583
-0.377071
-0.690829
-0.221436
0.934985
-0.824118
-0.964789
-0.784884
-0.882294
0.847131
-0.51189
0.704985
0.881121
0.288873
0.936835
-0.175719
-0.559055
-0.0500799
-0.473729
0.283801
-0.350981
0.309205
-0.293839
0.124881
-0.736929
0.758468
-0.22056
-0.277576
0.466636
-0.46596
-0.913654
0.641302
0.0259742
0.758501
0.0603175
0.86641
-0.000896089
-0.428565
0.934301
-0.400397
-0.673985
-0.266954
-0.88429
0.407114
0.124297
-0.972676
-0.127968
0.149231
0.0865417
0.413631
0.414299
-0.439528
-0.798522
0.785119
0.524201
0.752697
0.229074
0.173892
-0.864729
-0.768219
-0.350322
-0.524693
-0.932635
0.60012
0.28565
0.0495429
0.758207
0.41254
-0.441106
0.778206
-0.824236
0.253182
-0.331998
0.944974
0.499224
0.119046
-0.777114
-0.601397
0.741127
0.282843
-0.640179
-0.227432
0.484131
-0.208798
-0.186551
-0.941591
0.226615
0.270696
-0.247727
-0.0224357
0.363042
-0.619867
-0.317605
-0.388889
-0.433841
0.738111
-0.351242
0.0314405
0.191248
0.271769
0.0512096
0.353806
-0.43274
0.620008
0.860586
-0.653697
-0.118387
-0.0317687
-0.995241
0.749929
-0.578677
-0.121663
0.60632
0.516779
0.0618386
0.428049
0.557002
0.675312
-0.0536742
-0.939816
0.356174
0.665788
0.488527
0.141994
-0.0150795
0.541624
-0.459737
-0.120663
0.55584
-0.956518
-0.594463
0.520887
0.0895943
-0.733325
-0.072088
-0.966469
-0.0701639
-0.501561
-0.292427
0.438005
-0.688222
-0.621757
-0.360271
-0.510087
0.587983
0.655798
0.14158
-0.602333
-0.713367
-0.528355
-0.987116
0.445822
-0.570262
-0.848962
-0.423917
-0.310206
0.0494536
0.101396
-0.586697
-0.0611967
-0.481412
-0.441808
0.463269
0.63539
-0.691497
-0.703678
0.638401
0.565831
-0.987527
-0.195917
0.629006
-0.975016
-0.855704
-0.631342
0.812015
-0.985708
0.808218
0.421125
-0.426762
-0.538495
-0.28468
0.652434
0.0875777
-0.160374
-0.719784
0.189725
-0.880404
-0.841274
-0.173732
0.464474
0.774698
0.585816
-0.339635
0.499424
0.700574
-0.634581
-0.00512521
0.450607
0.536856
0.251401
0.790157
0.78213
0.202336
0.906478
0.525899
0.872614
0.93233
0.513266
-0.0365468
-0.928933
0.72892
0.721187
-0.55817
-0.327445
-0.189387
-0.863778
-0.540345
-0.0994905
-0.38249
-0.563074
-0.105719
-0.785121
-0.187096
-0.65128
0.677097
-0.965121
-0.149932
0.236657
-0.675902
0.00452247
0.47392
0.874252
-0.987648
0.0164429
0.867115
0.0655638
0.484403
-0.055962
-0.293508
-0.233588
0.805134
-0.737066
0.750571
0.40382
0.0242585
0.801272
0.598639
-0.956705
-0.974959
-0.0358922
-0.702578
0.0807358
-0.955486
0.513925
-0.407333
-0.312807
0.195469
0.205251
-0.578809
0.992045
0.449481
-0.425039
-0.79297
0.540922
0.685338
-0.093334
0.830473
-0.381158
0.80135
-0.384559
0.36437
-0.545919
-0.666271
0.475996
-0.378916
-0.399289
0.338386
0.794848
-0.725379
0.104939
-0.969419
-0.0213977
-0.341611
0.885545
-0.167124
0.59368
0.478022
-0.0156172
0.411718
-0.245133
-0.507907
-0.649522
0.0950157
-0.637359
-0.817473
-0.320697
-0.240364
-0.406947
0.201605
-0.425687
0.463751
0.680169
-0.620859
-0.952092
0.149865
0.593094
-0.681068
0.752173
0.601257
-0.953701
0.914441
-0.452899
-0.59047
0.668766
0.573334
-0.471295
0.95633
0.506462
-0.137306
0.260582
0.121422
-0.227735
0.229041
-0.220356
-0.83904
-0.902564
0.731626
0.566589
0.814401
-0.676666
0.579071
-0.985367
0.575722
-0.970995
0.123279
-0.182437
-0.741565
-0.481731
-0.155108
0.362953
0.0589673
-0.157592
-0.111725
0.511837
0.0266946
-0.229631
-0.591941
-0.069955
-0.170134
0.0297855
-0.90949
-0.930671
-0.321062
0.309705
0.116955
0.581852
-0.606961
0.923906
0.0992781
0.947477
-0.14517
-0.271427
0.311617
0.84146
0.831952
-0.406372
0.747157
-0.595871
-0.434248
0.417394
-0.908263
0.965822
0.747663
0.365511
0.331202
0.671432
-0.615831
-0.756341
0.162916
0.00569083
-0.314451
-0.998687
-0.98907
-0.606662
0.161168
-0.769543
-0.0136395
-0.500419
0.153787
-0.0730227
0.205602
0.696697
0.817733
0.880327
0.725938
-0.18652
0.668442
-0.918863
-0.533652
0.947059
0.576476
0.330167
0.173954
0.855499
-0.740313
-0.159599
0.784787
-0.231709
-0.256706
0.0226935
-0.535362
0.109163
0.742784
0.425296
0.76336
-0.918143
-0.65919
0.000138899
-0.441409
-0.136788
-0.159297
0.714541
-0.499214
-0.331051
-0.0903763
0.50313
0.755831
-0.516922
0.705266
0.854516
0.91173
-0.453386
-0.80965
0.154476
-0.343364
-0.116627
0.633864
0.679861
0.486328
0.309971
-0.173484
-0.612228
0.735367
-0.285685
0.688479
-0.707107
-0.259714
-0.00548859
-0.94457
-0.518368
-0.86367
-0.139773
-0.0612173
-0.127218
0.668824
-0.776414
0.953115
-0.954761
-0.298271
0.688913
0.981203
0.0868713
-0.459303
-0.908148
-0.587883
-0.841872
-0.786742
0.0563572
0.330579
-0.0957342
0.661795
-0.202245
-0.329311
0.778361
0.83508
-0.187946
0.544066
-0.163155
-0.0507015
-0.151275
-0.983245
0.410281
0.572156
0.530088
-0.411294
0.884598
0.726414
0.889858
0.329691
0.344182
-0.622247
-0.145087
0.999575
-0.645014
0.989551
0.62107
-0.381443
-0.057412
-0.705334
-0.655788
0.00450857
-0.41329
0.0843774
0.347082
0.979766
0.817508
-0.048255
0.216072
0.484115
0.903086
-0.624259
-0.63088
-0.333229
-0.303462
-0.0716672
0.0491383
-0.120473
-0.0120861
0.613836
0.255413
0.281
0.312843
0.49603
-0.830137
-0.960177
-0.875701
-0.197778
-0.307853
-0.263336
0.769562
-0.48232
-0.406118
-0.954246
-0.211081
0.523707
-0.871888
0.0731334
-0.175698
0.395655
-0.217118
0.543173
0.998079
0.212715
-0.52031
0.224327
-0.396431
-0.085761
0.412791
0.389606
0.630043
0.389514
0.949018
0.621399
-0.902687
-0.623018
-0.74257
0.137043
-0.00421605
0.651941
-0.343553
0.848616
-0.649448
0.152168
0.311023
-0.337093
0.754085
0.433887
0.449632
-0.977019
-0.411702
0.970799
0.197483
0.0898331
-0.860564
0.0299852
0.822424
-0.634312
-0.551409
-0.986506
0.329209
0.209562
-0.0170785
0.700776
-0.882054
-0.463599
-0.0684292
-0.439114
0.712697
0.893394
-0.633146
0.275506
0.66909
-0.463345
0.810441
-0.0213995
-0.433314
0.800268
-0.556149
0.150589
-0.560606
0.197902
0.0332763
0.264211
-0.980541
0.0428279
0.481058
0.117656
-0.586933
0.440298
0.664257
-0.588018
-0.421145
-0.180714
