0
0
0.371879
0.0530081
0.496091
-0.0170017
-0.633509
0.653688
0.719289
0.433291
0.945206
0.86832
0.758071
0.678505
0.508417
-0.86051
-0.0563161
-0.811545
0.615233
0.183997
0.891667
-0.555344
0.080121
-0.861122
-0.386107
0.776735
0.0267203
0.499116
-0.123189
0.805958
-0.750187
-0.0623853
0.747687
-0.17797
-0.406243
0.928596
0.762033
-0.540061
0.916369
-0.610247
-0.0549846
-0.195789
0.900979
-0.928626
0.957235
0.495222
-0.403099
0.73718
0.309011
-0.733825
-0.19562
-0.586061
0.460495
0.89904
-0.76282
-0.437941
0.701138
-0.579132
0.571038
-0.800046
-0.0721135
-0.137428
-0.0583755
-0.582642
0.888197
-0.381283
0.990498
0.477873
-0.38347
-0.623657
-0.808682
0.99353
-0.373988
-0.851036
-0.353299
0.838011
0.800396
-0.643552
0.104659
-0.492728
-0.541584
0.446845
0.794575
0.0452668
-0.0979613
0.715479
-0.335759
-0.659942
-0.267157
0.728444
-0.843848
-0.685483
-0.390775
0.0181023
0.150105
0.674981
-0.974013
-0.0376996
-0.343913
-0.276124
0.45799
0.698193
-0.990262
0.708187
0.703002
-0.328008
0.421215
-0.783019
-0.0569727
0.347735
0.148035
0.999456
-0.348842
-0.990769
0.970504
0.386007
0.952758
0.00651558
-0.207222
0.822034
-0.579396
-0.323158
0.7388
0.217099
-0.776157
-0.566079
0.261846
-0.837472
-0.330655
0.0853098
0.37756
0.665397
-0.647012
0.312667
-0.370549
0.523661
0.100011
-0.520812
-0.569084
-0.3018
-0.0666953
0.0118046
-0.136584
0.789875
0.962447
-0.624803
-0.162951
-0.529648
0.73141
-0.975458
0.0838271
0.635913
-0.954873
0.779507
-0.326914
-0.373252
0.4846
-0.922802
-0.525331
0.622842
0.300645
0.9363
0.195203
-0.724367
-0.836459
-0.902026
0.444732
-0.564587
0.782403
0.667265
0.520972
0.41022
-0.346815
0.467339
-0.561667
-0.592248
-0.183884
0.499526
-0.0688235
-0.623185
0.13807
0.697304
0.936801
0.811434
0.100708
-0.131539
-0.277179
-0.0222269
0.289486
0.604287
0.589472
0.545687
-0.409232
0.375309
0.168287
0.624625
0.646347
0.678188
0.284734
-0.248389
0.236417
0.769791
-0.25873
-0.0500501
-0.611089
-0.503514
-0.319574
0.243153
0.773777
0.980269
0.485815
0.428484
-0.50558
-0.653904
-0.68489
0.699246
0.828511
-0.349863
0.285529
-0.924995
-0.872547
-0.717659
-0.00601598
-0.146851
0.515473
-0.28017
0.0655649
-0.518007
-0.315682
0.743327
0.0493288
0.470106
-0.775448
-0.224087
0.866072
-0.312491
-0.0668604
-0.448753
0.701323
-0.598346
0.120091
0.752372
0.923674
-0.139575
-0.05398
0.351779
0.732217
-0.023806
0.576408
0.675553
-0.246234
0.160999
-0.137506
-0.181772
-0.440647
-0.429605
0.428815
-0.503841
0.172691
-0.751047
0.982236
0.915586
0.0212036
0.0745363
-0.299671
-0.56268
0.176054
0.206653
-0.103231
-0.567111
0.196638
-0.111904
-0.0652795
-0.98044
0.996959
-0.168818
-0.847795
0.766106
0.947559
-0.96856
-0.504664
-0.802104
0.0218786
0.301495
0.822724
-0.026214
0.341569
0.197605
-0.0981613
-0.215931
-0.30196
-0.338486
-0.241095
0.0309896
0.782707
-0.795917
0.633302
0.470913
0.515406
0.87001
0.101837
-0.407525
-0.898977
0.641473
-0.615452
0.817874
-0.417557
0.262294
0.118193
0.932812
-0.674711
0.848555
-0.256446
0.920264
0.141504
0.742889
-0.750633
0.506306
0.207513
-0.952415
-0.956941
0.523054
-0.989239
-0.596591
-0.3761
-0.110472
0.595624
-0.464859
0.18909
-0.283723
0.618767
0.29606
0.723127
0.798945
-0.164986
-0.436702
-0.431968
-0.56834
-0.108113
0.16948
-0.685253
0.330143
0.952704
0.809384
-0.820445
-0.127391
-0.473112
0.60824
0.0390809
-0.973149
0.362858
0.16515
-0.903078
-0.565882
-0.750151
-0.831987
-0.921859
-0.615394
0.377449
-0.397115
-0.958114
0.679213
0.856474
-0.213023
-0.547804
0.0258049
-0.0837264
-0.153537
0.803576
0.141958
-0.338163
-0.0774444
-0.689945
0.128368
-0.202099
0.731582
0.844208
-0.0130891
0.846464
-0.383415
0.59709
-0.850347
-0.308336
-0.874136
0.113627
0.776962
-0.696126
-0.79298
-0.682916
-0.743384
-0.371498
0.525371
-0.884218
-0.304512
0.999276
0.516314
-0.881431
-0.178353
-0.560617
-0.831799
-0.133858
-0.804956
-0.922538
-0.17655
-0.695358
-0.681063
0.865246
-0.0921166
0.374763
0.55965
-0.0301916
-0.383479
-0.469859
0.597669
-0.641043
-0.713611
0.592333
0.973335
-0.649599
-0.304038
0.680039
0.149097
-0.236584
-0.826718
0.224012
-0.427741
0.954221
0.68488
0.798072
-0.854414
-0.685705
0.425802
-0.879662
0.969822
0.872832
0.284051
0.884541
-0.539547
0.341188
0.664225
-0.0683082
-0.583629
0.593667
-0.568282
-0.105142
0.84529
0.502339
0.668619
0.317467
0.0984808
-0.315699
-0.64916
0.24796
0.348683
-0.778047
-0.760064
0.722475
0.619501
0.136021
0.0701078
0.276176
-0.439929
0.987171
-0.797562
0.840924
-0.990091
0.529112
-0.342528
0.969888
0.752378
-0.354224
0.843733
0.804536
-0.830299
0.489304
-0.886693
0.867756
0.934832
-0.75654
0.650347
0.714733
0.265399
-0.951502
0.0210046
-0.822589
-0.134301
0.716208
-0.290782
-0.477525
-0.412458
0.165688
-0.0133921
-0.395498
0.299177
-0.521992
-0.904866
-0.437891
-0.650178
0.884255
-0.110009
0.0798199
-0.14791
0.158012
0.914663
0.248162
0.647813
0.000310756
0.17341
0.101944
-0.542452
-0.14528
-0.625162
0.247496
-0.963785
0.795034
-0.56383
0.404475
-0.0331777
0.740718
0.0046229
-0.237349
0.604585
-0.119723
0.178261
0.0793775
-0.345063
-0.880185
0.122634
-0.722588
-0.564301
0.757782
-0.382852
-0.58742
0.529498
0.123749
-0.618335
0.661069
0.252262
0.565325
0.702201
0.205341
0.220026
0.371417
-0.907011
0.790594
0.817198
-0.550655
-0.395439
0.384728
-0.259242
0.0236016
-0.915157
-0.538493
0.0133323
0.517936
0.131682
0.199633
0.601975
0.461343
0.500323
0.283218
0.56781
-0.73695
0.378058
0.0206324
0.788422
-0.299763
0.215723
-0.788564
0.583613
0.303069
-0.152273
-0.351252
-0.271422
0.819796
0.786967
0.990133
0.979948
0.151853
0.890574
-0.455354
0.869794
-0.0490509
-0.531619
-0.330829
0.964619
-0.564669
-0.330613
-0.864426
0.627451
-0.120011
-0.625326
0.711203
-0.114594
0.213556
0.0287217
0.348513
0.472693
-0.616984
-0.56995
-0.915204
0.955815
-0.844055
0.931178
0.488604
-0.336131
-0.260725
-0.252519
-0.291462
-0.529405
-0.856923
0.72937
-0.0165387
-0.76748
0.513813
-0.586367
0.94976
0.168661
0.573683
0.0292518
-0.162819
0.0943965
-0.449309
-0.93876
-0.677343
-0.878616
-0.571298
-0.103905
0.949127
0.72395
0.998323
0.68745
0.747146
0.0214656
-0.441587
0.496115
-0.52118
-0.777508
-0.517617
0.0329687
-0.852969
0.834542
-0.707057
0.487053
0.94201
0.58574
-0.00461174
0.148383
0.185716
-0.690291
-0.691362
-0.351746
-0.765842
0.382958
-0.141853
0.719872
-0.99563
-0.540426
-0.458163
-0.697971
0.983798
0.313969
0.375932
-0.916835
0.958142
0.941441
-0.362847
-0.743541
0.86103
-0.232931
0.892213
-0.691844
0.466368
-0.922841
-0.548315
-0.284802
-0.71804
0.852643
-0.836992
-0.856804
0.602369
-0.76505
0.696592
0.162838
0.546745
-0.990166
0.212973
-0.210797
-0.524063
-0.610933
-0.16938
0.1832
-0.966363
-0.894801
0.885347
-0.896145
-0.868633
0.16566
-0.530767
0.824982
-0.281238
0.791748
0.048355
0.517428
-0.121806
-0.409806
-0.66623
-0.609116
0.0911089
0.949199
-0.0401911
-0.966454
-0.493036
0.316531
0.599777
-0.889517
0.175917
-0.671952
0.588418
-0.449378
0.865765
-0.00695955
-0.0561609
-0.979733
0.672475
0.0197358
0.91766
-0.23488
0.137057
-0.154957
0.113562
-0.294111
0.488352
0.744638
0.580399
0.11744
-0.765567
-0.191011
0.00288735
-0.292305
0.00846447
-0.191555
0.808032
-0.35093
0.136782
0.765363
-0.126191
-0.395183
0.24429
-0.26193
0.897482
0.0167115
0.626577
-0.78324
-0.466433
-0.348631
-0.449569
-0.686908
-0.295527
-0.412483
-0.192732
0.749837
-0.377909
-0.5653
0.0566495
0.432355
-0.809857
0.954721
0.0579597
-0.122459
0.440525
-0.0206227
0.0543066
0.349609
0.25746
0.914641
0.0865151
0.899274
-0.7481
0.877282
-0.548751
0.659989
-0.227707
-0.878484
0.395558
-0.245363
0.776529
0.438626
-0.918563
-0.511865
0.631016
-0.468747
-0.774895
0.927368
0.491468
0.523842
-0.456847
-0.100339
-0.409039
0.440908
-0.318404
-0.482052
-0.952477
-0.783983
0.32618
-0.836528
-0.229667
0.592112
-0.823138
0.670843
-0.012511
0.396891
0.483973
0.501464
0.327848
-0.358682
-0.839329
0.546317
0.918274
0.873761
-0.924644
0.701938
0.674391
-0.616898
0.456826
-0.685644
-0.827193
-0.338321
-0.319366
0.179367
-0.359232
0.177366
-0.115819
-0.127069
-0.995099
-0.0460887
0.116566
0.436198
0.597098
-0.422402
-0.582956
0.0912684
0.344232
0.825821
-0.0374974
-0.307111
0.993343
-0.935523
-0.679967
-0.144949
0.204229
-0.782452
-0.581555
-0.275929
-0.482473
-0.658013
-0.488192
0.800205
-0.932371
0.204058
-0.79463
0.0633219
-0.187497
0.282976
-0.476828
0.764151
0.191035
0.874046
0.249381
-0.914139
0.290721
0.962084
-0.019496
-0.807189
0.150983
0.0883769
0.926481
0.658638
0.220372
-0.291649
0.0174185
-0.601909
-0.827573
-0.275966
0.223015
0.151196
-0.718519
-0.413178
0.035377
0.517487
0.0635665
0.468245
0.794846
-0.230865
-0.0592793
-0.756917
-0.0879297
-0.243352
-0.0972302
-0.898945
-0.562634
0.37902
0.310187
-0.37563
-0.382539
0.481897
0.762081
-0.149571
0.303006
-0.442757
-0.860474
-0.573574
0.183967
-0.519227
0.855319
0.415258
0.350241
-0.378787
-0.914073
-0.991478
0.128487
-0.388668
0.240265
0.478126
-0.333113
-0.864507
-0.829225
-0.315197
0.565774
0.678187
0.551381
0.74799
0.647033
0.558698
0.858614
-0.929322
0.252717
-0.590881
0.0933847
-0.0632344
-0.943187
0.593717
0.588397
0.111194
0.681335
-0.154139
0.944864
0.403752
0.90959
0.37645
-0.795811
0.29616
0.266163
0.946087
0.814056
0.203184
0.977979
-0.967664
-0.487439
-0.103075
-0.492763
-0.207881
0.996421
-0.505413
-0.293558
-0.219467
0.212464
0.525265
-0.748751
-0.976306
-0.271166
0.576518
0.486078
0.588243
0.994206
0.385303
0.915672
0.530178
-0.632573
0.132446
-0.406248
-0.249791
0.959233
0.800739
0.720395
0.532258
-0.439512
0.420135
0.441792
0.991921
0.173597
0.479584
-0.117763
-0.0845537
-0.88537
0.813769
-0.0892192
-0.924183
0.843926
0.597198
-0.160306
0.804416
0.106047
0.551275
-0.728345
0.631461
0.645926
-0.687413
-0.286099
0.0745591
0.185238
-0.0243846
-0.84179
-0.596686
-0.0898123
-0.0415643
-0.9842
-0.357231
-0.580791
0.0966739
-0.896798
-0.154762
0.350149
-0.600723
-0.991037
0.406462
0.660766
0.84317
-0.877855
-0.608747
-0.633045
-0.111054
0.847189
0.947497
-0.963254
-0.622805
0.55761
-0.413595
0.878174
-0.237445
-0.565968
0.0489806
0.710868
0.393419
-0.693319
-0.700382
-0.456171
-0.944886
0.523758
-0.773579
0.791022
-0.472885
-0.973931
-0.644309
0.0847427
-0.286269
0.65535
-0.852752
0.721645
0.139882
-0.716213
-0.0836808
-0.353341
0.372381
0.0882991
0.464349
-0.123337
-0.622872
-0.376551
-0.262545
0.518302
0.709788
-0.885985
-0.75776
0.718531
0.461618
-0.687402
-0.852055
-0.900463
0.356384
0.993397
-0.602524
0.656649
0.129704
-0.665999
-0.350275
-0.468802
-0.67693
0.82741
0.641889
-0.260247
-0.398698
0.140922
0.84026
-0.869093
0.31572
-0.64449
-0.978741
-0.941345
0.908853
0.143809
-0.164517
0.680764
-0.578535
0.61559
0.51046
-0.724761
-0.945897
0.0259222
-0.865299
0.820411
0.884656
0.660556
0.804762
-0.446977
-0.2532
-0.573706
0.877296
-0.8409
0.291929
-0.872272
0.842174
-0.600335
0.287676
0.744458
0.839772
0.88934
-0.537651
-0.763445
-0.508069
0.680373
-0.424169
0.903972
0.800546
0.692426
0.195202
-0.819334
0.289582
0.551845
-0.632043
0.395477
0.662557
-0.31794
0.0221807
0.580042
-0.4385
-0.850756
0.390513
-0.935069
0.325324
0.853207
0.390989
0.780846
0.623111
0.205461
-0.272353
0.66356
-0.268422
-0.624589
0.495505
0.389241
0.986169
-0.710458
-0.466079
0.0535785
0.165383
-0.996693
0.366845
-0.565419
0.14426
0.735412
0.734351
0.803635
0.261204
-0.129238
-0.98778
-0.275329
0.842642
0.0802314
-0.923166
0.696769
-0.254248
0.986592
0.674646
-0.941522
-0.99268
0.100473
0.928463
-0.74507
0.174884
0.71341
0.749889
0.27049
-0.98567
0.361509
-0.451584
0.421279
0.267287
-0.356453
-0.254195
-0.104774
-0.643601
-0.605027
0.792687
-0.467785
-0.759559
0.655789
-0.431805
-0.930248
-0.231351
0.258279
0.707801
-0.834165
-0.623965
-0.751845
-0.159329
-0.839096
-0.89162
0.245364
0.645398
0.266605
0.822396
0.0626591
-0.257884
-0.39374
0.831737
-0.0234584
-0.390184
0.199202
-0.806963
-0.467664
0.286078
0.905806
-0.931873
-0.156968
-0.048874
-0.36715
0.767586
0.681985
0.0405973
-0.0747729
-0.042791
0.652452
0.737922
0.923166
-0.960028
-0.00783858
0.905693
-0.545212
-0.17176
0.430735
-0.588742
0.468178
0.131701
-0.837195
0.978401
-0.387054
0.0866137
0.467264
0.728207
-0.676404
0.779522
-0.323636
-0.214554
-0.384148
0.989386
0.079143
-0.0205683
0.581248
-0.443167
-0.646923
-0.267289
0.347055
0.538675
0.58007
-0.394407
-0.941714
-0.229829
0.164446
-0.290777
0.78058
0.0645922
0.731554
-0.249644
0.750562
-0.0715031
-0.190869
-0.495713
-0.0726485
0.38894
0.172794
-0.100615
-0.951925
-0.0503585
-0.610471
-0.0164099
-0.257562
0.413069
0.503501
0.110105
-0.676048
-0.848253
-0.89401
-0.160373
0.186017
0.551013
0.649767
0.423992
-0.103519
-0.852792
-0.96259
0.213491
-0.670089
-0.0639366
0.644679
0.162877
-0.690033
-0.417018
-0.839542
-0.0302554
0.378098
0.055863
0.164167
-0.654934
-0.578523
-0.545405
0.571989
-0.915837
-0.990018
0.298034
0.949989
-0.621931
-0.162113
0.464546
-0.689602
-0.0232993
0.0166496
0.31942
-0.355603
0.228716
-0.791554
0.006704
0.0876583
0.704505
-0.921181
0.382365
-0.250933
0.216919
0.69734
-0.531739
0.750371
-0.731333
-0.530488
0.312004
-0.730814
0.365443
-0.761293
0.490355
-0.468465
0.685641
0.439919
-0.681285
-0.0316724
0.653193
0.0103933
-0.792876
0.0239393
-0.720234
0.20118
-0.822379
-0.812548
-0.963241
-0.281162
-0.853969
0.386167
0.798937
-0.474645
-0.664222
0.584589
0.933085
0.241449
0.260053
0.720228
0.152464
-0.868764
-0.599943
-0.711443
0.964557
0.849641
-0.835159
-0.606753
-0.604341
-0.509209
0.353029
0.788995
-0.827498
-0.261416
-0.114687
0.107545
0.44117
-0.937942
0.410407
-0.821808
-0.453307
-0.158873
0.324672
-0.749643
0.908429
-0.465253
0.004705
0.459868
-0.0721925
0.10173
0.26871
0.725595
0.34115
0.715318
0.559541
0.838378
-0.401468
0.0839715
0.492641
0.231819
0.810713
0.582354
-0.335736
-0.898357
0.531634
-0.350252
-0.461758
-0.307321
0.824883
-0.424852
0.929036
0.790743
-0.168844
-0.388013
0.197892
-0.50691
-0.78032
0.0228266
-0.694299
-0.86693
-0.642448
-0.289565
-0.533875
-0.716528
0.552843
-0.60236
-0.703459
-0.257606
0.348773
-0.469601
-0.851911
0.306414
-0.415465
-0.514801
-0.502778
-0.911031
-0.0898109
0.500877
-0.451549
0.76671
0.871212
-0.694091
-0.0260903
-0.0360538
-0.111995
-0.451806
0.562396
0.224085
-0.459699
-0.963539
-0.602532
-0.0191284
0.502892
0.587699
-0.990077
0.262868
0.00843357
0.930232
0.285869
0.424117
-0.814578
0.309162
0.214282
0.945405
-0.017331
-0.932837
-0.602955
0.117494
-0.977332
-0.634017
-0.854259
0.50927
-0.29314
-0.231959
0.361782
0.794603
0.982228
-0.487052
-0.533161
-0.580253
-0.591868
-0.170537
-0.33539
-0.589317
0.520019
0.117572
0.644843
-0.110267
0.444075
-0.932137
-0.998569
-0.457949
0.619439
0.697321
0.637
0.455808
-0.0865815
-0.132275
0.710384
-0.798238
0.0298565
-0.259498
0.996433
0.5338
-0.103558
-0.06749
-0.220198
0.54391
0.525678
-0.698664
-0.643121
0.950918
-0.792591
0.50353
0.673053
-0.821178
-0.0654779
-0.0507955
0.887398
0.0193603
0.37882
-0.964345
0.233885
0.806879
-0.380647
-0.592191
0.897318
0.382609
0.180339
0.000893353
-0.642509
0.135042
-0.737991
-0.447789
-0.798236
-0.89289
0.79924
0.737485
-0.251534
-0.867066
0.282745
-0.141693
0.394826
0.834737
-0.964954
-0.458531
0.136646
-0.0647754
0.293716
-0.710865
-0.335583
0.54669
0.308531
-0.854989
-0.992945
0.103045
-0.77748
0.913568
-0.893918
0.898868
0.929312
0.627759
-0.129251
0.17178
0.203134
-0.0215499
0.519917
-0.497476
-0.691711
0.354156
0.351878
0.967622
-0.34308
0.87308
0.392357
-0.865867
0.752141
-0.187824
0.237692
-0.195462
0.771997
0.302882
-0.334807
-0.176302
0.682357
0.845916
-0.770025
0.232163
-0.145899
-0.405151
0.908787
0.586118
-0.0649048
-0.474398
-0.986377
0.803976
0.948744
0.940601
0.27702
-0.649714
0.41284
-0.918275
0.133642
0.402021
0.596492
0.109412
-0.806648
0.44034
-0.198313
-0.318259
-0.99564
0.00245264
-0.64158
-0.247829
-0.997502
0.572955
0.820104
0.508974
0.871729
0.0542668
0.46174
0.00293555
-0.263971
-0.309752
-0.614676
-0.165119
0.765057
-0.363235
0.900254
0.653132
0.271585
-0.168453
-0.262011
-0.685901
-0.842143
-0.327231
-0.250575
-0.418826
-0.272321
-0.00937648
-0.94825
0.0845807
-0.420822
0.598555
0.865607
-0.21948
0.23313
-0.726659
-0.209043
-0.552009
-0.809825
-0.444231
0.458162
-0.115589
0.726265
0.904865
0.816509
0.226254
-0.497335
-0.530006
-0.977399
-0.1111
-0.099562
-0.204796
-0.112703
-0.665425
-0.190194
0.937584
0.326422
0.629028
0.85478
-0.951927
-0.00504895
0.434969
-0.840242
0.0864742
0.393146
0.993387
-0.613857
-0.463598
-0.0946214
0.316751
-0.574217
0.325182
-0.685235
-0.38064
0.316263
-0.308613
0.583944
0.639591
-0.00555992
0.65925
-0.711763
-0.262658
-0.516733
0.586691
0.137956
0.360722
0.192574
0.959932
0.291826
-0.0430361
0.165488
0.664231
0.974235
0.935741
-0.635224
-0.465829
-0.420944
-0.114425
0.00987089
-0.201903
-0.00727145
0.000193911
0.505852
0.209482
0.491722
-0.668837
0.049439
0.217472
-0.812526
0.840163
0.959631
0.882694
0.87201
0.444312
0.186292
-0.235905
-0.953873
0.532771
-0.93253
0.444976
0.113147
-0.102529
-0.0773548
-0.0118589
0.841783
0.20235
-0.55939
-0.333848
0.640147
0.488159
-0.0797874
0.422303
-0.515899
-0.866429
-0.683375
0.458458
-0.860516
-0.938989
0.911348
-0.590119
-0.815465
-0.547016
0.667467
0.048828
-0.13541
-0.113505
0.219018
0.405823
0.206689
0.554147
-0.893173
0.336914
-0.9879
0.923485
-0.155529
0.525813
-0.236688
0.847543
0.692228
0.410888
0.491683
-0.0143994
-0.401341
0.168407
0.182026
0.125572
0.457504
0.0383378
-0.807063
-0.675026
0.232348
0.294492
0.408474
-0.241763
0.843185
-0.348152
0.870168
-0.628252
-0.0282265
-0.27678
0.928059
0.875237
0.455227
-0.655931
-0.400834
-0.845463
0.515633
-0.648031
0.0901992
0.534367
-0.391421
-0.153045
0.833638
-0.83454
-0.32416
-0.484521
-0.441198
-0.651692
0.154343
0.756212
0.132327
-0.515035
-0.198828
-0.592181
-0.936857
0.0760404
0.357884
-0.652556
0.588307
0.193365
0.74451
-0.1698
-0.344473
0.723756
0.963581
-0.464781
-0.0728187
0.303328
0.804338
0.66605
0.422829
0.466097
-0.9489
-0.704874
-0.568561
0.864121
-0.0760735
0.645618
-0.224445
-0.966899
-0.629191
-0.343648
-0.625304
0.672988
0.0788812
0.77984
0.851904
-0.652959
-0.835559
0.988012
-0.303683
-0.527081
-0.828007
0.550934
0.419619
-0.397642
0.949785
-0.148865
-0.298212
0.202163
0.526768
0.694856
-0.172526
0.908676
0.608181
-0.839602
0.467059
0.566627
0.783923
0.343393
-0.211934
0.0187384
-0.107454
0.103384
0.679517
0.914735
0.588876
-0.553846
-0.462603
0.150706
0.606166
0.132667
-0.257289
-0.80804
0.335854
-0.26035
-0.979169
-0.442097
-0.797999
-0.345087
-0.285522
0.146073
0.621597
-0.884619
0.843815
-0.107366
0.514873
0.533396
-0.729562
-0.887294
-0.349986
0.32957
0.844785
0.0030858
0.907855
0.23861
-0.910086
0.511158
0.595673
0.626233
0.753543
0.583771
-0.249582
0.00826586
0.667863
-0.564226
-0.957706
0.82747
0.615618
0.120148
-0.686146
-0.599135
-0.00518876
0.525904
0.0458996
0.408991
-0.722546
-0.501435
0.279056
-0.78497
-0.906471
0.993546
-0.375763
0.897909
-0.563068
-0.279097
-0.284604
0.489678
-0.405476
0.627671
0.782497
0.623496
-0.734439
0.364909
-0.523171
-0.877088
0.990887
0.822271
0.198713
0.735831
0.553771
-0.33868
-0.689693
-0.612
-0.631503
0.794103
0.50879
0.498111
-0.263501
0.0840139
-0.744621
0.151792
0.299075
-0.562231
0.839171
-0.692961
0.402698
-0.252987
0.733506
-0.249732
0.429334
0.0548112
0.749657
0.248312
-0.915684
