0
0
0.312695
-0.844658
0.424897
0.62648
-0.206945
-0.116184
0.889649
-0.934569
0.248934
-0.641551
0.388052
-0.8799
-0.618609
0.416899
-0.899256
0.266985
0.892847
-0.186777
-0.983078
0.291999
0.845149
-0.32598
-0.754365
0.717465
-0.0767296
-0.582174
0.564646
-0.656784
0.923607
-0.89037
-0.826037
-0.0433018
0.386822
0.281495
-0.353801
0.810683
-0.768327
0.11638
0.789412
-0.0363579
-0.498768
-0.564694
0.114036
-0.765404
-0.935696
0.524169
-0.797808
-0.64946
0.2659
-0.630207
0.0343807
0.323569
-0.823753
0.289298
0.437668
0.345593
0.595249
0.75128
0.470472
-0.67643
-0.259526
0.0457958
-0.0785422
-0.744587
-0.325425
0.174857
0.103567
0.87988
0.620178
0.113873
-0.397321
0.969292
0.394478
-0.786915
-0.912008
0.705453
-0.691419
0.667713
-0.283797
0.80557
0.863239
-0.491184
-0.012976
0.252367
-0.498655
0.189508
0.670518
0.536935
0.540038
-0.150299
0.0441485
0.481112
0.506986
-0.200312
-0.305677
-0.148506
-0.903656
0.674694
0.3415
-0.524253
0.336825
0.176538
-0.0126831
0.239739
0.644621
-0.139337
0.42934
0.206048
0.137176
0.506519
-0.119649
0.839803
0.158166
-0.0877136
-0.880813
-0.0361204
-0.743143
-0.672399
0.360823
-0.348454
0.78559
0.716379
0.621934
0.0092405
-0.078611
-0.135722
-0.329081
0.562343
-0.510203
-0.514162
0.0984711
-0.599956
0.195155
-0.896751
0.944482
-0.98297
0.151552
-0.879566
-0.373061
-0.769213
-0.574541
-0.908693
0.611474
-0.841048
-0.685129
-0.0245317
-0.895375
-0.0408028
-0.133213
0.533431
0.589908
0.0882359
-0.744793
-0.181512
0.407635
-0.501772
-0.599646
0.0303385
0.356192
0.08741
-0.738155
0.406897
-0.693594
0.7934
0.603066
-0.0670756
0.168398
0.0585851
-0.617203
0.217311
0.628124
0.424182
-0.514178
0.509586
-0.251454
0.424911
-0.054488
-0.0355612
0.408933
-0.307817
0.265644
-0.872321
0.216085
-0.0417276
0.530762
0.090823
-0.223683
0.528989
0.0370781
0.104143
0.817595
-0.915586
-0.805016
0.179477
0.83237
-0.366762
-0.849726
0.449663
0.225156
0.793408
0.37173
-0.588248
-0.867143
-0.722594
0.664187
-0.943376
-0.985072
0.843762
-0.555009
0.527745
-0.0697873
-0.446779
0.531041
0.538659
0.511359
0.979903
-0.0351152
-0.900678
-0.10558
-0.686899
0.748779
0.108814
0.682591
-0.275125
-0.0658935
-0.887267
-0.106008
-0.571841
0.73443
0.81893
0.618749
0.505617
0.0677823
0.172388
-0.542028
-0.840889
0.0123474
0.041474
0.772032
-0.75903
-0.530213
-0.15537
0.0812775
0.838979
-0.967132
0.977095
-0.848772
0.617277
0.18329
-0.652389
-0.711474
-0.109325
0.954755
0.930356
0.311253
-0.16334
0.373882
0.0488895
-0.760202
-0.242249
-0.313962
0.59409
-0.588249
-0.364221
0.0943961
-0.320801
0.884325
0.797316
0.101247
-0.568151
0.957058
-0.798179
0.246886
-0.384456
0.0498668
0.21025
0.842702
0.795993
-0.687402
-0.700217
0.486827
0.758708
0.625183
0.0410078
0.936539
-0.623029
0.263818
-0.232788
0.578829
-0.0621432
-0.924979
-0.481299
0.325192
-0.0449082
-0.00466798
0.298868
-0.248308
0.737314
-0.563201
-0.827216
0.0975113
-0.331144
-0.326293
0.329845
-0.726255
0.565392
0.0575049
-0.045296
0.324759
-0.583295
-0.521121
0.625064
-0.653832
-0.232609
-0.402401
-0.0997476
0.947677
-0.210008
0.119528
0.255065
-0.678764
-0.315604
-0.646882
0.997792
0.413242
-0.897899
0.750631
0.219747
0.0425587
-0.782268
0.266092
-0.591541
0.0897578
-0.0870364
0.913221
-0.294567
0.796466
-0.476424
-0.379737
-0.831163
-0.413996
-0.649359
-0.162314
-0.606695
-0.215109
-0.389958
0.230989
-0.68588
0.964638
0.186792
0.607406
0.905245
0.395912
0.72629
0.894171
-0.312796
0.880065
0.346609
-0.932173
0.679318
0.370311
0.271245
-0.973659
-0.567312
0.13924
0.602664
0.252151
0.884167
-0.975138
0.904799
-0.504313
0.187677
0.604249
0.916344
0.730656
-0.262295
-0.901218
-0.878415
-0.879765
0.869906
-0.0356313
0.984346
-0.621295
0.342392
0.873925
0.110066
0.363611
0.514626
0.909718
-0.481062
-0.907975
0.560769
-0.710688
-0.331392
-0.990193
0.826331
0.442469
0.0907597
0.655369
-0.111436
0.363759
-0.91665
0.957789
-0.0914222
0.233895
0.115862
-0.99962
-0.786385
0.354574
0.583949
0.34442
-0.671615
0.549882
0.600515
0.165907
-0.119983
-0.572807
0.887993
-0.580165
0.559042
-0.305687
0.728073
0.386971
-0.993069
0.877758
0.0312322
0.279823
0.0659995
0.480522
-0.178758
0.272146
-0.124442
0.652298
-0.813502
-0.699476
-0.544116
0.463283
-0.456596
-0.310443
-0.379395
-0.247402
-0.258885
-0.0854567
0.277001
0.434031
0.722457
-0.262259
0.626245
-0.702408
-0.0709121
-0.290799
0.667757
-0.929858
0.464073
0.263472
-0.205812
0.322325
-0.892835
0.983341
-0.0743634
0.344662
-0.0663826
0.363967
0.889714
0.457124
0.765676
0.359484
-0.701831
0.249313
-0.312374
0.270408
0.370818
-0.872487
0.860873
0.612975
0.562826
-0.432883
-0.485403
0.346633
-0.71898
0.673356
-0.500561
-0.868352
0.706586
0.479337
0.450076
-0.824616
-0.925282
0.644909
0.966837
0.965431
-0.985352
-0.0929829
0.652291
-0.552989
0.252202
-0.515605
0.702682
-0.515263
-0.202663
0.0772551
-0.409448
-0.57006
0.431577
-0.854872
-0.45292
0.788547
0.294637
-0.456593
0.621046
0.506977
-0.787742
-0.963902
0.90381
-0.31405
-0.673962
0.433619
-0.417639
0.551302
0.479518
-0.169123
-0.58555
-0.714149
-0.647904
-0.039106
0.440743
0.105017
-0.547533
-0.470973
0.390599
-0.509075
0.903656
-0.98379
0.319537
0.342473
0.907469
0.467446
0.81095
0.232618
0.189045
0.301275
-0.076287
0.301822
0.941784
0.899981
-0.490464
-0.387195
0.0237935
-0.817897
-0.320809
0.0120456
-0.060731
-0.0524145
0.701245
0.655127
-0.953165
-0.0361044
-0.00896127
0.419269
0.738001
-0.355756
0.781608
-0.919215
0.752366
-0.6006
0.806387
0.277199
-0.480479
0.227179
0.749916
-0.237735
0.991912
-0.0887343
-0.830023
-0.157563
-0.971335
-0.761801
-0.916158
-0.4582
0.205823
0.479836
-0.292286
0.703902
-0.767099
0.183123
0.607099
0.992193
0.37451
0.76301
-0.576963
-0.55437
0.0509871
0.848422
-0.86589
0.855757
-0.418623
-0.360875
0.959713
0.695615
-0.79576
0.0100644
-0.576263
0.486269
0.828817
0.433929
0.459169
0.875871
-0.445837
0.0852256
0.252236
0.152692
-0.26643
-0.885735
-0.714509
0.519852
-0.484887
0.216711
0.707519
-0.331821
-0.852626
-0.846898
-0.869008
0.969942
0.998122
-0.819439
0.289648
-0.827373
0.79349
0.147712
0.585652
-0.903071
0.110034
-0.782803
-0.407648
-0.813386
-0.433945
0.728495
-0.572906
0.413015
-0.334048
0.588242
0.328287
-0.820614
-0.950958
-0.433828
-0.789077
0.501591
0.788081
0.356067
0.537369
-0.184612
0.144697
-0.286629
0.580351
0.0239856
-0.436971
-0.108954
-0.86731
-0.505528
-0.17132
-0.450339
-0.245655
-0.667303
0.498085
0.14565
-0.423383
-0.76523
0.899687
0.399658
0.678159
0.0692384
-0.161138
0.282145
-0.252873
0.0242804
-0.0301959
-0.0596959
-0.614371
-0.482302
-0.0195565
0.763502
0.898752
-0.570002
0.0638818
-0.960742
0.284569
0.472332
-0.632987
-0.633843
-0.980428
0.844062
0.675085
-0.71915
0.64356
-0.946402
0.773325
-0.547711
0.0347916
0.134253
0.245754
-0.0474526
0.608587
-0.0902961
0.774723
0.914742
0.534632
-0.66459
0.364312
-0.248167
-0.79846
-0.034746
0.720527
-0.754556
-0.706834
-0.641244
-0.518527
0.623251
0.427751
0.565012
-0.668877
0.719775
-0.561767
-0.869938
0.363438
0.685828
0.783509
-0.429805
-0.172429
0.046171
0.185285
-0.835525
0.0443432
0.420328
-0.0537737
0.719405
-0.331964
-0.426083
0.666351
0.417081
-0.926439
-0.992886
-0.651167
0.621811
-0.659373
-0.470688
-0.696999
0.856833
-0.573442
-0.274576
0.525247
0.994333
0.401607
0.308838
-0.585962
-0.59642
0.0260373
-0.658324
0.923085
-0.992749
-0.913488
-0.870586
-0.699568
0.444777
0.526541
0.998633
0.580459
0.603983
0.495287
-0.920724
0.297372
0.551672
-0.676509
0.32305
0.113107
-0.706054
-0.572577
-0.409676
-0.0741839
0.139543
-0.88033
-0.821791
0.958259
0.691342
-0.329878
-0.459828
0.677614
-0.00927175
0.113125
0.91226
-0.399425
-0.488109
0.0488977
-0.781358
0.130268
-0.622168
0.25569
0.611294
-0.292962
0.79598
-0.0410739
0.325614
-0.201274
-0.344562
-0.078528
0.51628
-0.363872
0.193879
-0.415979
0.104354
-0.398548
-0.17889
-0.267171
0.621651
0.93367
-0.533107
-0.87979
-0.651333
-0.857008
-0.609941
-0.822391
-0.893783
-0.312228
0.126623
0.118325
-0.417605
0.646629
0.061088
0.272276
0.573156
-0.759706
-0.873002
-0.238657
0.0579458
0.67543
-0.169638
0.0568492
-0.700936
-0.295777
0.257351
-0.690013
0.992308
0.343129
-0.00964488
0.613508
-0.0883876
-0.967391
-0.13031
0.228476
-0.118897
0.411516
-0.928721
-0.564298
0.630473
-0.253869
0.552813
-0.944907
0.0767816
0.00952441
-0.0154118
0.6676
-0.725794
0.0629974
0.917866
-0.348346
0.0298674
-0.132068
0.711797
-0.46999
0.702424
0.66645
-0.0520812
-0.851625
-0.408211
0.731484
-0.434951
0.607
0.215022
-0.389328
-0.358393
0.241113
0.449005
-0.910791
-0.190767
0.919407
0.350579
0.0370979
-0.923869
-0.0876742
-0.538038
-0.290372
-0.0122769
0.429546
0.605177
0.457035
-0.333468
0.264342
-0.381725
0.397414
0.7814
0.236106
0.427982
-0.409111
0.0311171
-0.702211
0.153877
0.821066
-0.310776
-0.83803
-0.792156
0.531547
-0.297315
-0.538466
-0.16579
0.370055
-0.0706662
0.618204
0.0497659
0.289221
-0.424243
0.992871
-0.285477
-0.314337
0.508998
-0.474636
0.668287
0.423419
-0.00437201
0.792872
0.186333
-0.966155
0.368442
0.821178
-0.733472
0.136443
0.732302
0.674926
0.785381
-0.374443
-0.280142
0.294633
-0.949465
0.541952
-0.610558
0.321075
0.0435579
-0.848672
-0.354621
0.611172
0.907544
0.667983
0.885357
-0.845146
-0.861684
-0.443972
0.066644
-0.397989
-0.861425
-0.461324
-0.990559
-0.635462
-0.362189
0.539181
-0.987616
0.440966
-0.0356753
-0.504045
0.521003
0.87193
-0.931269
0.979162
0.310242
0.873974
0.21231
0.935809
0.365545
0.545076
0.323075
-0.0541625
-0.34951
-0.116662
0.0236004
0.955684
-0.758057
0.292405
-0.00269823
-0.955582
0.549044
0.64451
0.703305
-0.715986
-0.318017
-0.871587
-0.915875
-0.438499
0.880423
0.277325
0.133248
-0.969197
0.657101
-0.128229
-0.361744
-0.667887
0.920632
0.332289
-0.838667
-0.805311
-0.777296
0.0776994
0.760682
-0.175754
0.439578
0.575753
-0.539963
0.0902651
0.519064
0.829059
0.97583
-0.508421
-0.0713442
-0.367902
-0.114082
0.627902
0.780947
0.489094
0.19084
-0.766609
-0.493725
0.505437
0.770941
-0.947338
-0.162857
-0.779243
0.464383
-0.138908
0.135107
0.291646
-0.413837
-0.278976
-0.964762
0.231878
-0.256077
-0.476937
0.470211
0.775863
-0.484156
-0.114155
0.49492
-0.602278
0.944653
-0.593388
-0.916386
-0.0277285
-0.555318
-0.280102
0.691174
-0.979373
-0.911309
-0.980707
-0.693003
-0.819139
-0.306452
0.3178
0.632427
-0.714714
-0.703571
-0.734104
0.0979584
-0.208972
-0.346121
0.474168
-0.82499
0.654664
-0.440128
-0.651593
-0.0649206
-0.164268
-0.0637891
0.258404
0.350392
-0.284405
-0.653832
0.375058
0.475812
-0.511413
0.761962
0.918632
-0.960798
-0.799769
-0.416251
0.503248
-0.879899
0.852655
-0.739316
-0.172309
-0.866349
0.525006
0.882386
-0.0364456
-0.196158
-0.707643
-0.0450687
-0.0334252
0.327377
0.367051
0.804041
0.703267
-0.228998
-0.445021
0.609741
0.0735516
0.120856
0.405487
-0.302502
0.287714
-0.872535
0.818927
0.0455227
0.513119
0.0214862
0.986874
0.91253
0.678355
-0.137002
0.0277888
-0.523024
0.489056
0.450892
-0.290917
0.0455786
-0.911033
0.594922
-0.142317
-0.586641
0.255271
-0.515258
0.170643
0.924694
-0.00640771
0.860805
0.0976278
0.790427
-0.0600594
0.312012
-0.848787
0.958098
-0.512481
0.330863
0.458767
-0.409311
-0.203983
0.829656
0.19886
0.98995
-0.33993
-0.276587
0.322945
-0.968061
0.662825
-0.698155
-0.119629
0.838281
-0.449033
-0.0942007
-0.360426
0.502979
0.037117
0.133484
-0.716774
0.793394
0.22415
-0.10667
-0.231379
0.658339
-0.69956
0.20383
0.129247
-0.988292
-0.11183
-0.958625
0.93799
0.253908
-0.736034
-0.583228
-0.785439
0.682598
0.551291
0.714463
-0.140176
0.491254
0.465851
0.183597
0.482773
0.812411
0.266713
-0.206104
-0.133562
0.0862057
0.197518
0.184274
0.839866
0.388447
0.936684
0.715959
-0.384608
0.642193
0.692544
-0.664906
-0.547574
0.452376
0.337938
0.14225
-0.119219
-0.00488171
-0.382464
-0.0374055
0.652304
0.77845
-0.130307
-0.848051
-0.422935
0.32081
0.725273
0.119097
0.314691
0.57877
0.117437
-0.0642537
-0.505426
0.638473
-0.647667
-0.372875
-0.202543
0.0733563
0.701273
0.470902
0.0244363
0.054419
-0.225757
-0.0860239
0.0875965
0.568412
0.670721
0.513743
-0.102358
0.819032
0.701169
0.401074
-0.697196
0.719843
-0.317065
-0.911797
0.824848
-0.781493
0.900827
-0.497543
-0.15041
-0.976865
0.0411626
-0.848728
-0.0380349
0.256749
0.877746
-0.103568
-0.00757209
-0.291031
-0.424847
-0.433456
-0.371278
-0.46407
0.797855
-0.46023
-0.0196077
0.146709
-0.355277
-0.747669
-0.142918
0.242193
0.446566
0.453236
0.982043
-0.350054
-0.469066
-0.163925
-0.216126
-0.526496
0.592577
0.564781
0.419972
-0.199312
-0.751531
-0.114662
0.545456
0.921658
-0.346837
-0.828565
0.657873
-0.259608
-0.067225
0.452003
0.878013
-0.143109
0.707522
-0.590859
-0.93983
-0.109711
0.848171
0.29813
0.701779
0.505686
-0.163086
-0.656022
-0.334549
-0.667731
0.819495
0.00596668
0.753641
-0.655095
0.27511
0.0336589
-0.130052
-0.315821
0.705628
0.844928
-0.655379
0.483819
-0.158812
0.338232
0.281686
-0.0564005
-0.114377
-0.33363
-0.857268
-0.392812
-0.531123
0.21203
-0.545243
0.378935
0.0112358
-0.143924
0.282687
-0.59061
0.723715
-0.016551
0.136849
0.904106
-0.324286
0.151032
0.0394386
-0.264616
0.860222
-0.956311
0.868703
0.303026
0.104208
-0.92763
0.25711
-0.25146
0.248912
0.531153
0.154583
0.233579
-0.101772
0.616429
-0.170364
0.294698
-0.201463
-0.4359
-0.376946
-0.0358358
0.556494
0.221608
0.621788
0.480748
-0.815039
0.761512
0.224271
-0.527602
-0.82254
-0.148521
0.770162
0.547684
0.4374
0.30801
-0.462541
-0.00520199
0.863622
0.29491
0.550528
0.879387
-0.81264
0.50487
0.189655
0.968766
0.458633
0.82962
-0.376424
-0.300508
0.037773
0.965164
-0.118516
-0.0543245
-0.994198
-0.559923
0.232249
0.826214
0.10333
-0.287867
0.907429
-0.784555
0.0677657
-0.527222
0.71061
0.0553268
0.869384
-0.615323
0.298346
-0.782074
-0.361418
-0.586906
-0.337925
-0.427116
0.359349
0.324278
-0.290669
-0.717156
-0.433358
0.8157
-0.164689
-0.5181
0.841095
0.252191
-0.805711
-0.495855
0.882544
0.198027
-0.268517
-0.197346
-0.272379
-0.401046
0.367903
-0.240715
0.546704
-0.996481
0.645371
0.36276
-0.76397
0.147347
-0.294966
0.568245
0.554088
0.590421
0.10436
0.455255
-0.967384
0.931415
-0.0645049
-0.800012
-0.953636
0.690067
-0.527404
-0.306741
0.280271
0.253703
-0.722892
0.570383
0.994201
0.262864
-0.573717
-0.199139
-0.540177
-0.964732
-0.713519
0.333244
-0.820386
0.820317
0.695797
-0.210796
-0.512661
-0.896358
-0.930133
-0.168072
-0.200597
0.132067
-0.417738
0.024994
-0.885249
0.0630073
-0.358282
0.724709
-0.852356
-0.268626
-0.28026
0.167529
0.184137
0.0529749
-0.344426
0.0526924
-0.440637
-0.081976
-0.17585
0.262435
-0.306463
-0.0214525
0.740648
0.284436
-0.473133
-0.00253705
0.0834428
0.228512
0.334101
0.330345
0.385315
0.699608
-0.40529
0.920101
0.269033
0.337337
0.188019
-0.179362
0.0360734
0.61051
0.171299
0.998698
-0.260237
-0.140054
0.691122
0.257869
-0.892987
-0.0371126
0.772222
-0.274164
0.805375
-0.672317
-0.896442
-0.2184
0.922626
-0.482254
0.899821
0.258769
-0.787611
-0.820447
-0.687623
-0.774454
-0.780547
0.111193
-0.686492
-0.775478
0.715487
0.69454
-0.891998
-0.343934
0.660859
0.0140713
0.402268
-0.0856877
-0.204382
-0.449475
0.0788336
0.985447
-0.206426
0.513994
0.182314
0.0167604
-0.689651
0.0974272
-0.45849
-0.695465
-0.290607
0.143735
-0.51362
-0.187872
0.986937
-0.598437
-0.796828
-0.362655
0.407111
0.61669
-0.766868
0.573133
-0.730025
0.129543
-0.115619
-0.349115
0.8441
0.00284295
-0.911032
0.773049
-0.0383695
0.785826
-0.000865104
0.889913
-0.966964
0.414331
0.248776
0.159947
0.245274
-0.963245
0.0093256
0.674123
-0.101372
-0.804693
0.971957
-0.590102
-0.257564
-0.771172
0.493579
-0.831897
0.402816
-0.973204
0.116194
0.561812
-0.439599
-0.865175
0.187655
-0.251139
-0.0584696
0.520679
0.410816
0.767251
0.375809
0.237356
-0.241805
0.356119
-0.994631
0.406117
-0.750522
0.273122
0.93716
0.751963
0.391653
0.957602
0.254502
0.254311
0.547131
0.390525
-0.555665
0.536131
0.163818
-0.841544
-0.542511
-0.382915
0.924567
0.607066
-0.295587
0.177785
0.504799
-0.335099
0.189364
0.47841
-0.969487
-0.0384043
-0.922519
-0.863635
0.217871
0.979859
0.555717
0.695964
-0.673724
0.426155
-0.705222
-0.902576
-0.97582
0.179457
0.767797
0.28797
-0.130503
0.85106
-0.985773
0.698459
-0.830663
-0.924895
-0.36407
0.0727559
0.658018
-0.415443
-0.522816
0.484936
0.636903
0.16808
0.556878
0.772783
-0.854199
-0.723644
-0.244755
0.635401
0.875442
-0.520594
-0.266822
-0.787849
0.509831
-0.137989
0.5749
0.796384
-0.981898
0.899239
0.836376
-0.923814
-0.0126131
0.0885456
0.850071
-0.127853
-0.846786
-0.370941
0.773073
0.711199
-0.600764
0.964582
0.28759
0.206689
0.889961
-0.894284
0.992439
-0.0386258
-0.756489
-0.390782
-0.576908
0.190307
-0.751573
-0.52753
0.306026
0.596893
-0.538119
0.704604
0.892733
0.0844022
-0.178852
-0.0124583
-0.509035
-0.681197
0.617487
-0.167979
0.460524
0.34191
-0.183077
-0.757097
0.775171
0.838062
0.910351
0.27963
-0.152588
-0.419185
0.973706
0.808589
-0.962461
0.191809
0.887416
-0.626191
-0.598438
-0.555732
-0.0256023
-0.314076
0.0180466
-0.675632
0.991436
0.858192
-0.360302
-0.676618
0.819597
0.298276
-0.793851
0.92381
-0.85613
-0.0513371
-0.851341
0.439219
0.572068
-0.02506
0.636256
0.316007
-0.343944
0.872654
0.321323
-0.663656
-0.708243
0.417542
0.983365
0.293127
-0.973018
-0.621477
-0.794235
-0.516894
0.103531
0.572193
0.59851
-0.17392
-0.156615
0.906897
0.101384
-0.559671
-0.580036
0.956331
0.612363
0.404264
0.383371
0.401024
-0.896443
-0.441695
-0.0618413
0.393137
0.751589
0.481141
-0.454447
-0.99283
-0.759947
-0.464039
-0.522651
-0.919145
-0.94665
-0.578183
-0.435223
-0.312003
0.725418
0.779
0.0449404
-0.121751
-0.183351
-0.386357
0.637665
-0.0386595
-0.149012
0.548757
0.194228
-0.697786
0.463696
-0.875329
0.333708
-0.735277
-0.521729
-0.754908
-0.827949
-0.492441
0.229525
0.493649
0.277642
0.341451
0.149115
-0.223286
0.483107
-0.87523
0.977838
-0.226153
-0.932178
0.821331
0.672612
0.53096
-0.518127
0.817464
-0.815327
-0.149381
0.858286
-0.0910531
-0.39644
-0.968674
-0.505542
-0.470739
-0.739595
0.645818
0.924683
0.0979208
0.920439
0.220185
-0.489601
-0.958211
-0.119666
0.251606
-0.695482
0.600409
-0.189672
0.94638
-0.745762
0.565657
-0.632216
0.877619
0.123196
-0.041559
0.163668
-0.00765048
0.390971
0.128956
0.370987
0.975351
-0.0330996
-0.940673
0.666746
0.71686
-0.561754
0.941024
-0.500487
0.164826
0.0319638
0.0223371
0.356131
-0.522947
0.480996
-0.349944
0.381397
0.270835
-0.618669
0.614569
0.204917
-0.135473
-0.971896
0.346402
-0.136609
0.465715
0.375277
-0.0289639
0.434427
0.982635
0.802546
0.265146
-0.345786
0.0775662
0.401159
-0.983311
-0.540883
-0.635628
-0.20857
-0.760195
0.455331
0.32594
-0.39436
-0.0167222
0.715974
-0.973112
-0.138079
0.592273
-0.606528
-0.799514
0.785799
0.7703
0.88849
0.112266
-0.788031
-0.052392
0.371065
-0.119327
0.32614
-0.425933
-0.40134
-0.0549074
-0.651781
-0.537749
-0.790376
-0.810821
0.582396
0.645984
-0.637212
-0.76465
-0.788494
0.164073
-0.217327
0.342617
-0.556665
0.575444
0.372066
0.0846099
-0.305349
-0.640812
0.890511
0.840247
0.260318
0.0392145
0.289203
0.798315
0.618941
0.122148
-0.42726
0.86042
-0.84756
-0.79002
0.742708
-0.357405
-0.171859
0.976447
0.58199
-0.570883
0.58911
0.273883
-0.389853
0.725512
0.444935
-0.765448
0.0296691
-0.794262
-0.634671
-0.922962
0.743745
-0.402368
-0.539643
0.0460819
0.761931
0.947507
-0.642026
0.134691
-0.223816
-0.528343
0.170419
