0
0
-0.656999
-0.329488
-0.390471
0.731019
0.663633
-0.869733
-0.180251
0.855849
0.156183
0.662068
-0.68973
0.751737
0.817291
0.724904
-0.702209
-0.815814
0.852585
0.743996
-0.296533
0.292449
-0.710754
0.579084
0.319828
-0.87327
-0.00631711
0.139624
-0.661528
0.506224
-0.768983
-0.299107
-0.700112
0.628998
-0.415252
0.449345
-0.462296
-0.117738
-0.285404
0.145544
-0.554007
-0.666976
-0.146519
-0.682366
-0.0262533
-0.995473
0.314928
-0.686828
0.926989
-0.887994
0.313839
0.501058
0.742101
-0.74772
-0.0969995
-0.109768
-0.659296
0.7519
-0.527204
-0.646737
0.616721
-0.20614
0.714101
-0.840716
-0.214983
-0.252155
0.401577
-0.125544
-0.541797
-0.935737
-0.45291
0.647321
0.185947
-0.215307
-0.417767
0.81958
-0.416218
0.522609
0.825583
0.252127
-0.690236
0.453747
0.0437206
-0.202256
0.677073
0.565171
0.976318
0.56981
-0.0975466
-0.0867318
-0.184103
0.00637982
0.759704
-0.158175
0.0425104
-0.627692
-0.165874
-0.0586341
0.431516
-0.826317
-0.178775
-0.941798
-0.762709
-0.827455
-0.351342
-0.752139
-0.849425
0.0594171
0.904725
0.210932
0.230165
0.652659
-0.932162
-0.112395
-0.395612
0.458888
0.867392
0.597443
0.21885
-0.82916
-0.515104
0.460787
-0.672586
0.910206
0.331823
-0.979947
-0.482269
-0.00466409
-0.605766
-0.717091
-0.164956
0.128136
0.548429
0.188545
0.875937
-0.961948
-0.198718
-0.435671
0.732224
-0.993103
0.42924
0.270799
-0.17044
-0.0603251
-0.0528486
0.543623
-0.991536
0.26398
0.958397
-0.293637
-0.0988597
0.88917
-0.125353
-0.479996
-0.863305
-0.607102
-0.691335
0.598273
-0.332579
0.500019
0.817685
0.450532
0.526695
-0.594604
-0.842804
0.147231
0.469833
0.0093271
0.201385
0.77823
-0.732964
0.494829
-0.334621
0.422782
0.819637
0.578034
-0.241597
-0.80186
0.522804
-0.362826
0.615562
-0.379872
0.544926
-0.236076
-0.933319
-0.499959
-0.543099
0.754074
-0.731156
0.806924
-0.481398
-0.572263
0.530051
0.881457
-0.221085
0.391741
-0.540653
0.137656
-0.192075
0.905296
0.0555483
0.375797
0.36087
0.345389
-0.752136
0.400749
0.869261
-0.399269
0.792634
0.572159
-0.100671
0.993732
0.631213
0.55804
-0.0102896
0.92128
0.79097
0.162459
-0.78982
-0.40421
0.81255
0.49624
0.0275424
-0.936507
0.104591
-0.752879
-0.273113
-0.205946
-0.689034
-0.91445
0.787492
0.363707
-0.0188921
0.113918
-0.994173
-0.411793
-0.767528
0.930638
-0.300392
0.669424
0.609893
0.22247
0.500888
-0.0763586
-0.506923
0.802871
0.885483
-0.545727
0.946064
0.876313
0.740685
0.35173
-0.205688
0.330102
0.661479
-0.304409
-0.0117713
0.0566799
-0.645081
-0.466008
0.433912
0.336285
-0.536833
0.0544497
0.00305138
-0.376811
0.587523
0.402714
-0.753023
0.938843
-0.629597
0.435179
-0.578058
0.559122
-0.45473
0.771805
0.313219
0.964454
-0.271236
0.179631
-0.56595
0.170879
0.346148
-0.297446
-0.354874
0.179911
0.0769659
-0.0578103
-0.179124
0.0859877
0.24441
0.0883031
0.953952
0.37819
0.415467
-0.0688346
-0.715103
0.941796
-0.151627
0.0976175
0.718611
0.644205
0.309577
-0.292785
0.152952
-0.344806
0.640155
0.352217
0.445446
0.191078
0.768743
-0.744392
0.288903
-0.748425
-0.420404
-0.659712
0.646261
0.457018
0.149791
0.903705
0.804747
0.0973285
-0.869751
-0.0759681
-0.0941688
0.339821
-0.881759
0.435086
-0.941598
-0.552923
0.366677
0.101472
0.401513
0.576377
0.918849
0.581882
0.910282
-0.544203
-0.835864
-0.230709
0.919816
-0.671929
-0.231439
-0.887249
-0.387786
-0.153452
0.843961
0.105572
0.395304
-0.862947
-0.412206
0.847829
-0.267143
0.5399
-0.742069
0.967818
0.556968
0.391277
-0.905831
0.0422291
-0.353393
-0.206
-0.701522
0.241472
-0.402225
0.102632
0.924575
-0.778335
-0.208115
0.04978
0.534037
-0.580703
0.861707
-0.608487
-0.708293
-0.548912
-0.283794
0.756901
-0.0738057
-0.62981
0.287863
-0.460168
-0.994556
-0.158169
0.490908
-0.734841
-0.857787
0.416713
-0.802897
-0.922169
0.816758
-0.840058
0.198069
0.592314
0.264264
0.616144
0.750587
-0.592166
-0.919219
0.939858
-0.703866
0.745278
0.644799
0.264136
-0.211775
0.196011
-0.765754
0.2048
-0.270049
0.0353074
-0.130385
0.843145
0.633756
-0.496774
0.590368
-0.405447
0.676852
-0.262369
0.578713
0.42878
0.734739
-0.313347
0.00466236
0.00675474
-0.911938
0.984476
-0.840512
0.230634
0.747006
0.308849
0.856021
0.092387
0.763226
-0.513337
0.606856
-0.255557
-0.655452
-0.572294
-0.210883
0.84127
-0.498761
0.313741
0.129356
-0.579362
-0.160532
-0.463234
-0.892916
-0.126428
-0.426141
-0.370768
-0.389089
-0.215843
-0.164377
-0.239353
0.447526
0.700834
0.983752
0.136794
-0.390591
0.492151
-0.750323
-0.0211283
0.396953
-0.641024
-0.266678
0.880771
-0.738861
0.496399
-0.725679
0.637583
-0.0733826
0.531838
0.326689
-0.587294
0.893015
0.404383
-0.584634
0.326681
0.756955
0.301595
0.33137
0.235368
-0.229433
-0.477941
0.220246
-0.903873
0.229656
-0.181348
-0.895742
0.763429
0.276561
-0.185461
0.511257
-0.650902
0.24542
-0.561489
-0.479882
-0.739458
0.836616
0.497036
0.3583
0.49379
0.435345
-0.509653
0.30401
-0.711429
-0.136296
-0.163242
0.11895
0.760374
0.38911
0.336528
0.837996
-0.122948
-0.669325
-0.697372
-0.110963
0.139755
0.965093
0.482722
-0.456069
0.161696
-0.785064
-0.83743
-0.969696
0.427281
-0.771675
-0.482759
0.299991
0.0599885
-0.259786
0.257684
-0.547471
-0.564494
-0.818405
0.613214
-0.660351
-0.0961106
0.0837356
-0.742176
0.831805
-0.741733
-0.808489
0.870069
-0.0494202
0.0158677
-0.466783
0.513131
0.294664
-0.776478
0.441292
-0.745176
-0.849825
0.540305
-0.654044
0.160738
-0.48767
0.406512
0.400024
-0.768197
-0.57102
-0.0682782
0.517656
-0.466625
0.479679
0.375222
-0.76647
-0.313773
0.113241
-0.24861
0.462056
0.585383
-0.360325
0.59537
0.160587
-0.105396
-0.445666
0.648179
-0.226067
-0.473994
-0.168437
0.750689
-0.965925
-0.663971
0.38513
0.783448
-0.0196614
-0.581441
0.875299
-0.301258
-0.627515
0.425091
-0.762263
0.156687
0.0749883
-0.996846
0.297481
-0.743365
-0.64827
0.125436
0.423474
0.00443889
-0.453715
-0.131626
0.633542
-0.12005
-0.696546
0.808697
0.104681
0.810565
-0.400345
-0.0424565
0.487589
0.701668
-0.348664
0.813708
-0.880246
0.56794
-0.458231
-0.426419
0.77376
-0.12777
-0.913539
-0.89333
-0.22383
-0.980027
-0.158767
0.0575315
0.419685
-0.893497
0.604403
-0.975878
-0.0123597
0.167563
0.573115
-0.862556
-0.155938
-0.149806
-0.652858
-0.769773
0.311117
-0.677235
-0.910583
0.49875
-0.143406
0.193215
-0.461883
0.829657
-0.864477
-0.0245735
-0.736366
-0.773613
0.264086
-0.121323
0.238654
-0.839909
-0.905116
0.593041
-0.961218
-0.429329
-0.890873
0.950251
0.583344
-0.802509
0.775311
-0.0748638
0.563724
0.397829
0.726987
0.204054
-0.598803
-0.222351
-0.751933
0.0981322
0.759698
0.880037
-0.652364
-0.538562
0.36829
0.00602267
-0.476335
-0.515592
0.897408
0.885867
0.602292
-0.285338
-0.774913
-0.976133
-0.482038
0.253847
-0.720888
0.774035
-0.363539
-0.0727426
0.704156
0.0330902
0.134409
-0.571835
-0.743199
-0.375488
0.672755
0.233803
-0.280984
0.56623
0.187673
0.905013
0.598285
0.919854
0.408282
-0.431859
-0.996607
-0.578862
0.694215
-0.240074
0.102307
-0.883205
0.868106
0.831925
-0.750792
0.106747
-0.153637
0.612349
-0.256919
-0.450885
-0.266991
-0.409392
-0.911179
-0.90676
0.96797
0.838009
0.892365
-0.803793
-0.806097
-0.18026
0.492513
0.930528
0.399319
0.497171
-0.143939
-0.747904
0.740927
-0.119613
0.462825
-0.464778
-0.365546
-0.267436
0.0536525
-0.592303
0.715311
-0.173469
-0.0735259
-0.569117
-0.272592
-0.440869
-0.524833
-0.791476
0.650191
-0.0121552
0.78413
-0.934086
-0.300031
0.77433
0.160777
-0.265467
-0.26866
0.662871
-0.378626
0.815246
0.469901
0.486529
0.613036
0.590348
0.538078
0.919051
-0.198045
0.740605
0.814169
-0.472387
0.307564
0.0350087
0.828192
-0.760638
-0.401466
0.0232666
-0.0669084
-0.0572246
0.785691
0.902499
0.419804
0.121734
-0.942378
0.181765
0.614225
-0.400537
-0.806166
-0.0997717
-0.944226
-0.718156
-0.236806
0.970077
0.404499
0.153109
-0.806253
-0.902011
0.359432
0.376562
-0.694006
0.125933
0.14473
0.0579609
-0.900635
-0.500944
0.619525
0.657846
-0.639173
0.630413
0.688793
-0.600002
-0.266541
-0.108213
0.246752
-0.624536
0.42333
0.257357
-0.527157
0.0388941
-0.89234
0.0317213
-0.175194
-0.559563
-0.154906
0.365722
-0.345121
-0.899355
-0.930434
0.797791
-0.877987
0.865029
-0.884848
-0.0821741
-0.514969
-0.0838668
0.289812
-0.752329
-0.129264
-0.05979
-0.17432
-0.161647
-0.621774
-0.821241
0.868263
0.00959142
0.869762
-0.872106
0.273979
0.602539
0.89668
0.0487422
0.0904467
0.196987
-0.927926
0.43817
-0.0934395
0.238857
-0.773776
0.62863
0.601211
-0.569505
-0.398542
-0.973167
-0.375557
0.120679
-0.2924
-0.180532
-0.537404
0.492279
0.104948
-0.54973
-0.988273
-0.0423508
-0.533205
0.329099
-0.439623
0.734541
0.0859578
-0.767853
-0.382765
-0.827374
0.150422
0.442357
-0.900164
0.451771
0.535347
0.244331
-0.81758
0.0288697
-0.50683
-0.852673
0.635902
-0.255061
0.683315
0.296223
-0.214462
0.730434
-0.0246692
-0.634573
-0.0524239
-0.38317
0.176541
0.420809
0.158326
0.922297
-0.0418202
-0.956519
0.400933
0.461021
-0.904636
0.114542
-0.918114
-0.465773
0.199877
0.0205906
-0.379684
0.812503
-0.56338
0.449895
0.500917
0.223276
-0.469645
0.875927
0.697181
0.616724
-0.930777
-0.853803
-0.116235
0.742743
0.367899
0.0441278
0.154599
0.875852
0.628698
0.571461
-0.62644
-0.835454
0.155022
-0.986077
-0.78964
-0.470347
0.14274
0.724933
0.682699
-0.215915
-0.345172
0.450153
0.343363
0.588181
-0.634502
0.983244
0.857682
-0.727462
0.468511
-0.778009
0.272681
-0.883304
-0.46368
-0.130043
-0.625138
-0.316863
-0.249345
0.577184
-0.176231
0.675184
-0.645504
-0.713631
-0.715018
0.804686
-0.968713
0.996738
-0.35911
0.198566
0.240042
-0.166234
-0.193058
-0.665686
-0.0342697
-0.642173
-0.077576
-0.974981
0.317633
-0.963214
0.639186
0.81406
0.265845
0.267224
0.701499
0.0323504
-0.389822
0.399052
-0.376902
0.572719
-0.563686
-0.526034
0.134948
-0.0359313
0.942616
-0.570019
-0.722827
-0.369753
-0.507535
0.495282
0.531562
0.856415
0.636076
0.0636032
0.804682
0.893582
-0.972476
-0.118941
-0.307957
-0.857158
-0.729758
0.564942
-0.17677
0.831088
0.795119
0.770362
-0.789168
-0.241358
-0.525985
-0.0199499
0.295973
0.91774
-0.411286
0.911558
-0.454488
0.982691
-0.0661858
0.4278
-0.437286
-0.602178
0.417758
-0.415588
-0.452084
-0.163321
-0.612903
-0.605512
0.0347291
-0.873032
0.239361
0.441673
-0.337127
-0.65548
0.961673
0.432478
-0.898982
-0.156305
-0.974808
0.143659
-0.904218
-0.782468
0.79836
-0.247867
-0.0487287
-0.612231
0.849931
-0.216318
0.694082
0.349408
-0.610096
0.913433
-0.861597
0.872344
0.361265
-0.780442
0.293197
0.512434
-0.0436642
0.921616
-0.0193225
-0.576143
0.0337514
-0.729274
0.31819
0.762173
0.493701
-0.411758
-0.672647
-0.251177
0.291006
0.696352
-0.249683
-0.749361
0.443251
-0.380084
0.172089
-0.669198
-0.0877291
0.121764
0.12071
0.694664
0.757058
-0.16949
0.804304
0.0227654
-0.605315
-0.845151
0.254708
0.877649
-0.635591
-0.547857
-0.19059
-0.597541
0.497984
-0.210108
0.496087
0.84962
0.682466
-0.667272
-0.0552136
0.137297
0.609874
0.722627
0.224917
0.559997
-0.107949
0.0408624
-0.0279353
0.156897
-0.549511
-0.326487
0.18249
-0.874577
0.572239
0.0797808
0.419967
-0.198113
0.25937
0.858446
0.872989
0.93859
0.603107
-0.0571286
0.898196
-0.624292
-0.445526
-0.857984
0.711286
0.687897
-0.455091
-0.0680797
0.664161
-0.853208
-0.357848
-0.402997
-0.548654
0.902767
0.506198
-0.386883
-0.701719
0.000215557
-0.60886
0.710144
0.178643
0.586596
0.0137859
0.880178
0.383886
0.784281
-0.939807
0.723455
0.0738134
0.59399
-0.341114
0.21338
-0.835081
-0.651744
0.52135
0.155188
0.241152
0.234335
-0.202816
-0.810756
0.911363
-0.862485
0.067118
-0.0739178
0.785651
-0.708516
0.229397
-0.0500112
-0.170576
-0.19995
-0.848279
-0.294205
0.124323
0.35242
0.858675
0.0269731
-0.641596
-0.64235
-0.75269
-0.0464306
-0.117561
-0.307196
0.828715
0.5172
0.0243949
-0.87165
0.214152
-0.293054
0.342691
0.565881
0.773378
0.876548
0.737873
-0.424472
0.0102633
-0.280897
0.944891
-0.231639
0.191155
0.994013
-0.840164
0.577886
-0.501384
0.734982
-0.631099
0.0484112
-0.0138909
0.169134
-0.15649
-0.728649
-0.932043
0.884232
-0.892411
-0.785297
0.0800881
-0.80118
-0.820223
0.351367
0.687668
0.171815
-0.36969
-0.0546715
0.103307
0.253469
0.92963
-0.142053
0.171635
-0.963268
0.74859
0.718756
-0.86778
0.0358256
-0.800778
0.664021
0.360538
0.521428
0.195102
-0.39545
0.291607
-0.0400628
-0.369466
0.211861
-0.451477
0.980728
-0.584909
-0.34411
-0.0595088
-0.55133
0.170941
0.606008
-0.0283472
-0.807648
0.998583
0.704457
0.178741
0.351064
0.363479
0.387621
0.386758
-0.10948
-0.274543
0.749728
-0.570859
0.538716
-0.317318
0.267205
-0.909805
0.440218
-0.253896
-0.642444
-0.645927
-0.63381
-0.817954
0.649836
-0.110185
0.783909
0.0151191
-0.863324
-0.879852
-0.235646
0.536713
-0.8114
-0.867355
-0.703161
0.0232758
-0.00643895
-0.00371459
-0.378581
0.51866
-0.810709
-0.364208
-0.453701
0.828916
-0.0607122
-0.687805
-0.0275135
0.347042
0.556197
0.0951943
-0.217931
-0.566851
-0.787881
0.514831
0.565656
0.590191
-0.69862
-0.674854
0.53401
-0.139412
0.370914
-0.46416
-0.955865
0.657427
0.436202
-0.995351
0.358151
0.531039
-0.517732
-0.696809
0.586932
-0.998809
0.296648
-0.934151
-0.740235
-0.775611
-0.728084
-0.625169
0.813908
0.850497
0.830131
0.97074
0.839175
0.223318
-0.637998
-0.648872
0.846131
-0.928394
-0.570516
0.306506
0.275776
0.84924
-0.491058
-0.157095
0.504777
-0.970307
0.549035
-0.599111
-0.651577
0.224162
-0.0136771
0.607053
-0.0030997
-0.498464
0.0272979
0.329836
0.181689
-0.310942
0.342763
0.0910613
0.406333
0.11871
-0.198931
-0.486171
-0.203749
0.989662
0.492782
0.559241
-0.117432
0.737872
0.727067
-0.360793
-0.48829
0.600615
-0.854864
-0.755814
-0.273772
0.957773
-0.406928
-0.272813
-0.779592
0.94094
-0.363912
-0.0516073
-0.50249
0.743857
-0.105545
-0.769244
0.0458937
-0.278258
0.557399
0.289649
-0.593718
-0.668537
0.000275954
-0.792685
-0.0354246
0.221278
0.909485
0.217479
0.88313
0.633508
-0.829405
0.95911
0.623239
-0.676655
0.875171
-0.49256
0.486595
-0.264202
0.098196
0.768168
-0.215058
0.802779
-0.582938
-0.0580245
0.971895
-0.430096
0.20187
0.333111
0.102078
-0.0661689
0.515034
-0.0423908
-0.316776
-0.338466
0.900145
-0.0372385
0.971023
-0.610985
-0.174602
0.545005
-0.355702
-0.436099
0.745306
0.906561
0.596521
0.690355
0.680624
-0.053923
-0.0744538
0.840412
0.119967
0.128175
0.667817
0.32183
-0.148238
0.118937
-0.664023
-0.985366
-0.416078
0.0582353
-0.978008
-0.69043
0.237892
-0.93717
-0.12673
-0.706718
0.714373
0.120717
0.536736
-0.137033
-0.466611
0.881173
0.81682
0.0188555
-0.393842
0.538299
-0.142583
0.887316
0.826423
0.0343566
-0.35153
-0.897909
-0.801671
-0.730632
0.00662057
-0.777876
0.163333
0.827016
-0.75429
0.361233
0.706079
-0.766838
0.233939
0.345273
0.0380101
-0.438881
-0.254602
-0.199548
0.394435
-0.376
-0.281275
0.576871
0.143962
0.799366
0.561941
-0.825526
0.128422
-0.613211
0.16721
-0.61684
0.996459
-0.657596
-0.498162
-0.319826
-0.853221
0.104967
0.85294
-0.260473
0.154583
0.289559
-0.0266346
0.0718897
-0.192162
-0.62139
0.704846
-0.480541
0.387354
0.679889
0.557694
-0.415203
-0.628418
-0.478613
-0.542659
-0.964519
0.543558
-0.841719
0.684526
-0.200402
0.00255877
0.258206
0.584182
0.976948
0.0940977
-0.433794
-0.315863
0.593525
0.371747
0.50347
0.249167
0.763419
0.335787
0.992904
0.80666
0.969217
-0.101965
0.909749
-0.873111
0.379405
0.108519
-0.618148
-0.323494
-0.852976
-0.685205
-0.362842
0.850404
-0.69145
0.727699
-0.643677
0.639785
-0.718582
-0.138275
0.483045
-0.729839
0.972757
-0.645591
0.0642051
0.822123
-0.291092
0.974582
-0.12176
0.496046
-0.433225
0.926201
-0.781635
0.968743
-0.58949
-0.553625
0.73426
-0.510799
0.991762
-0.795296
-0.244896
0.193537
0.326425
-0.00640061
0.0838682
0.250278
-0.233328
-0.676696
-0.220166
-0.582321
0.901436
0.660555
0.589517
0.661079
-0.520833
-0.232984
-0.619655
0.971938
0.264415
0.618846
0.531278
0.434934
-0.256016
0.77616
-0.964108
-0.409351
0.665513
-0.466856
-0.324179
-0.229243
0.977345
-0.813381
0.930889
-0.656292
0.995993
0.0338591
-0.0201677
0.188247
0.214793
0.319972
0.0861045
0.414627
-0.966095
-0.330025
-0.167496
0.999342
0.0585462
0.964765
0.689936
-0.498473
-0.00922265
0.753463
-0.166127
0.503232
0.540937
-0.243351
-0.0198241
-0.535869
0.258343
-0.511425
-0.524357
-0.274485
0.57519
-0.357359
0.277287
0.330966
0.552255
-0.961322
-0.746414
0.122324
-0.409023
-0.692617
0.387732
0.460465
0.240839
0.896352
0.426344
-0.889363
-0.250173
-0.19871
0.233446
0.363605
-0.342649
-0.336705
0.849004
-0.420485
-0.294498
0.490868
-0.545465
0.71663
0.51579
0.467302
-0.845651
0.226027
-0.96579
0.342225
-0.6863
-0.550269
0.895453
0.468267
-0.391034
0.0727768
-0.206114
-0.178776
0.45123
-0.264313
0.514379
-0.62777
0.49385
0.362793
-0.433309
0.938844
0.243003
-0.688434
-0.611844
0.862235
0.860094
0.899917
-0.472575
0.12353
-0.569415
-0.326017
0.860641
-0.0189362
0.0269311
0.850415
-0.831613
0.656825
-0.876321
-0.385552
0.652787
-0.0690579
-0.707142
-0.773154
0.445869
0.176518
0.229413
0.118934
0.472851
-0.785013
0.418214
0.805763
0.886503
-0.903438
-0.545
0.423036
0.399779
0.335324
-0.129587
0.255143
0.835524
-0.440143
0.395017
0.560788
-0.956392
0.60876
-0.368306
-0.0666446
-0.3606
0.126493
0.749876
0.883536
-0.59653
0.596002
0.655105
0.219708
-0.466329
0.624382
0.8128
0.504434
-0.484299
-0.170607
-0.369122
-0.966346
0.865718
-0.612238
0.62894
-0.315605
0.00755609
0.834379
0.051219
0.493599
-0.601661
0.770424
0.560675
-0.928808
-0.483581
-0.593302
-0.324614
0.0381185
-0.860307
0.541056
0.963901
-0.725373
-0.421472
-0.707305
0.802579
-0.173623
0.44482
0.428968
-0.630503
0.533723
0.309235
-0.326162
0.55085
0.849017
-0.8329
0.13144
0.0602426
-0.626863
-0.665682
0.227917
-0.807167
0.00509374
-0.592121
-0.128923
0.544308
-0.321856
0.05487
0.0679633
0.399254
0.909051
-0.138408
-0.0512292
0.372886
-0.52485
0.214428
-0.244197
0.78778
-0.289997
0.179816
0.0877392
0.54749
0.868303
0.37634
-0.622451
0.455653
0.708845
0.513468
-0.929765
0.584598
0.143649
0.834836
0.465324
-0.040208
0.151608
0.928448
0.915033
-0.433222
0.537884
-0.296981
-0.109769
0.885298
-0.761977
0.791034
-0.345356
-0.949793
-0.818773
0.196492
0.87073
-0.131484
0.15857
0.0397265
0.322443
0.875024
0.0738079
0.541246
0.732992
0.357891
-0.92941
-0.377315
-0.286203
0.799723
0.752712
0.610493
0.413274
0.312665
0.237111
0.101648
0.339496
0.488539
0.845759
0.520925
-0.399335
0.242966
-0.842853
0.544353
0.297258
0.92034
0.610093
0.237246
-0.933284
-0.856776
0.0474487
-0.827746
0.0726924
-0.856095
0.7192
0.395
0.241385
-0.187767
-0.611458
0.798663
0.549103
-0.615491
-0.60832
0.940863
-0.925786
0.800201
-0.665754
-0.861942
-0.877304
0.557598
0.423751
0.875095
0.154598
0.105113
0.270992
-0.949494
-0.0609594
-0.21548
0.650304
0.298713
0.0174833
-0.854064
-0.636201
0.436588
-0.111318
0.379591
-0.636408
0.123153
0.0275937
-0.961188
0.7226
-0.860932
0.991676
0.723152
-0.996221
-0.736672
-0.744704
-0.686072
0.422716
0.831942
0.471348
-0.764684
-0.587045
0.0930297
-0.38775
-0.742199
-0.105871
-0.539725
0.259242
-0.914725
0.804887
0.947212
0.195763
0.186743
0.356738
-0.817066
0.947318
0.383902
0.249971
-0.573118
-0.314532
0.196813
-0.0808937
-0.95845
-0.552633
0.859665
0.616218
-0.566994
0.398067
-0.532152
-0.801192
0.676534
0.922861
0.127219
0.382638
-0.0768684
0.952109
0.114231
-0.102961
-0.177539
0.252691
0.133304
0.76659
0.348312
0.065213
-0.27403
0.791829
0.565928
-0.980229
-0.284702
0.0524655
-0.598051
-0.118272
