0
0
0.58622
0.691405
0.951404
-0.560625
0.906654
-0.61839
-0.534338
-0.659492
0.817475
0.469185
0.0299909
-0.977449
0.501492
-0.564574
-0.389408
-0.434156
0.629322
-0.0377179
0.0128694
-0.717818
-0.220164
0.308308
0.235008
0.353405
0.589557
-0.748154
-0.457021
-0.483266
0.207467
0.441455
-0.567325
-0.171294
0.944769
-0.839154
0.415073
0.57918
0.949865
0.0614662
0.573475
-0.303367
-0.720327
-0.854346
0.682873
0.7074
0.492502
-0.427586
0.946808
0.679491
-0.663353
0.911263
0.141038
-0.572844
-0.514987
0.202476
-0.988714
-0.46326
0.374267
-0.178756
0.359994
-0.125447
0.91657
0.300688
0.449095
-0.30656
0.712238
0.0811995
0.992626
-0.396381
-0.353932
0.438753
-0.954212
0.620636
-0.292371
0.652289
0.407791
0.0513792
-0.0106387
0.232378
0.396088
-0.165122
0.450743
-0.393988
0.567702
0.486871
-0.353971
-0.157717
0.361368
0.339192
-0.269945
-0.513622
0.195669
-0.232656
0.925272
-0.72261
-0.931233
-0.263377
0.800242
-0.534454
0.862393
0.137991
0.800001
0.802635
0.76653
-0.984056
-0.107503
0.544661
-0.346911
-0.524889
-0.310976
-0.101258
-0.060858
-0.640519
0.23423
-0.409693
-0.653778
-0.320457
0.567446
0.756113
0.225649
-0.246001
0.33079
-0.675685
0.513342
0.769033
0.165369
0.633582
-0.437049
-0.376012
0.984924
0.126178
0.937765
0.219685
-0.774574
-0.368961
0.986902
0.735902
0.16062
0.607968
-0.602835
-0.456197
-0.269312
0.103037
0.597893
-0.988109
0.683379
-0.33748
-0.27087
-0.0509934
0.433963
0.645429
-0.931392
-0.622642
-0.394864
-0.7614
0.491283
-0.749883
-0.170782
-0.191027
-0.186632
0.14252
0.184869
0.251443
-0.561929
-0.890899
-0.607314
0.698078
0.899091
0.370973
-0.721693
0.554085
-0.324346
-0.301788
-0.589448
-0.785217
-0.877206
0.548793
-0.137458
0.914071
-0.929626
-0.618086
-0.624879
-0.881398
0.0102853
0.406403
-0.831152
0.775814
-0.990272
-0.645309
0.931951
0.0368306
-0.102469
-0.313734
0.92207
0.489406
-0.906641
0.781088
-0.810826
-0.894946
-0.40442
0.0609414
-0.418596
0.801729
0.512129
-0.139243
0.46829
-0.376474
0.41259
0.714095
0.195062
-0.785115
-0.102341
-0.771618
0.674346
0.820809
-0.617411
-0.895303
-0.430298
0.212671
0.887728
-0.387421
0.74858
0.0736736
0.676437
0.47894
-0.970588
-0.0580241
-0.522335
-0.174347
-0.909005
-0.130731
-0.900465
0.636803
-0.141474
-0.926606
0.131442
-0.224272
-0.581571
-0.615928
0.0414393
0.0531659
0.436223
0.29295
0.394967
-0.416619
0.178715
0.298666
0.671774
0.728338
0.681028
-0.417572
-0.32539
-0.153063
-0.974264
-0.465429
0.105499
-0.865061
-0.802139
0.439069
0.950196
0.244527
0.452793
0.475459
-0.949327
0.0158728
-0.601701
-0.838253
-0.949801
-0.517916
0.158527
-0.913072
0.834718
0.359687
-0.780929
-0.493412
0.913755
0.220672
-0.712831
-0.0620036
-0.996529
-0.197434
-0.0822913
-0.97649
-0.0330952
-0.226369
-0.0217425
0.524713
-0.600342
-0.0507673
-0.315058
-0.343412
-0.380354
0.878678
0.313844
0.635178
-0.858553
-0.585669
0.65478
0.0156855
-0.186302
-0.325156
0.34532
-0.0815099
0.893414
0.56196
-0.58056
-0.86297
-0.62986
-0.594063
-0.817581
0.296944
-0.229585
-0.697796
-0.678067
-0.203494
-0.500447
0.590666
-0.998867
-0.32539
0.621003
-0.200764
0.408085
-0.623319
-0.725145
-0.0274074
-0.165283
-0.997326
-0.109203
0.155696
0.152489
-0.285885
0.88104
0.283274
0.574096
0.64692
0.0637055
-0.405013
-0.533813
-0.0799637
-0.63753
-0.0240918
0.536594
-0.40462
-0.325966
-0.9787
-0.566315
-0.589258
-0.638196
0.711995
-0.136046
0.53135
-0.0986734
-0.246099
-0.596946
0.87636
0.111747
-0.468392
0.943621
-0.646636
-0.733133
-0.355603
-0.79993
0.947154
0.0805503
0.774213
-0.675063
0.846805
-0.694452
-0.751817
0.0988644
0.373123
-0.598685
0.312144
-0.91812
0.742579
0.76422
-0.549358
0.687251
0.816094
0.647883
0.318663
-0.359784
0.86992
0.0951703
-0.63248
-0.358209
0.384104
-0.178558
0.685192
0.550641
0.508038
-0.912987
-0.565417
0.412482
-0.534733
-0.706383
-0.602494
-0.0698722
-0.802968
-0.553599
0.42063
0.777183
0.221944
-0.0670578
-0.230643
0.45528
-0.505187
0.929723
-0.416138
0.780527
0.670771
-0.405535
0.344603
0.357893
0.540578
0.525137
-0.669778
0.358606
0.77018
0.589691
0.367779
0.612484
-0.236791
0.806118
0.732946
0.552009
0.969688
-0.58848
-0.478256
0.441983
-0.0332617
-0.672721
-0.137543
0.649674
-0.27617
0.247675
-0.0194691
-0.0967395
-0.409209
-0.373017
-0.768688
-0.266995
0.273473
0.132725
-0.202643
0.0238064
0.121351
0.165055
-0.513526
-0.936942
0.024995
-0.145464
-0.910834
0.557895
0.892765
0.64839
-0.376778
0.0476185
-0.249391
-0.460351
0.122483
0.269047
-0.572764
0.171179
0.713963
0.477288
0.708828
0.428053
-0.731701
-0.0289827
0.692914
0.492183
0.693785
-0.571193
0.257132
-0.954245
-0.686338
-0.574762
0.784573
-0.829297
-0.645875
0.259301
-0.815041
-0.223929
-0.0438592
-0.167596
0.24353
0.648438
-0.42994
0.837426
-0.331247
-0.0338875
0.214393
0.445529
0.898473
0.287188
0.0889627
-0.0126253
-0.486228
-0.241473
-0.307342
0.376749
0.941878
-0.696513
0.211847
0.745013
0.250256
0.413912
0.810746
-0.225329
-0.48696
0.241512
-0.748286
-0.822325
-0.687558
-0.387843
0.0907764
-0.0398889
0.883618
0.0519044
0.382172
-0.20567
-0.556284
-0.648408
0.92757
-0.292244
0.029617
0.228652
0.901974
0.535811
0.371637
-0.716794
-0.94803
-0.00722376
0.590888
0.910871
-0.712184
0.245085
0.923484
-0.558129
0.374349
0.859102
0.253901
0.307033
-0.840821
0.542825
-0.800886
0.705781
0.297398
0.459357
0.243561
0.0321836
0.0308934
-0.795975
0.975835
0.498045
0.654848
-0.475862
0.189738
0.69845
-0.53781
0.0794556
-0.0401799
-0.368013
-0.0701787
-0.737565
0.281043
0.412797
0.377911
-0.0998693
0.136802
0.863058
-0.137738
-0.214745
0.40111
0.537655
-0.167205
-0.0906455
0.013757
-0.233938
0.210546
-0.187142
-0.195909
-0.267742
0.198614
-0.964361
-0.0630283
0.149463
0.699527
-0.902958
-0.458207
0.903082
-0.317041
0.740262
-0.540759
0.788711
-0.221682
-0.120716
0.89861
0.933273
0.324577
-0.209322
0.450567
0.18605
0.630516
0.185075
-0.387383
-0.404645
0.327507
0.169725
0.165237
-0.52459
0.434924
-0.0921497
0.764008
0.649112
-0.711825
-0.0151732
-0.708621
-0.491695
-0.267353
0.493803
0.0741257
0.325363
0.987776
0.602125
0.95712
0.274442
0.674808
0.0568273
0.353773
-0.890223
-0.875498
-0.760167
0.730279
0.41635
0.00345554
-0.878979
0.447567
-0.0367241
0.816176
0.951161
-0.966267
0.296419
0.0337659
0.942317
-0.671183
0.93219
-0.740511
0.804766
-0.61665
-0.443516
0.779168
-0.69773
0.524566
0.247452
-0.468513
0.144869
-0.550961
0.361598
0.633606
-0.72076
-0.513282
0.88667
0.601091
-0.386824
-0.660218
0.424729
-0.559337
0.511608
0.318266
-0.795487
-0.894432
-0.581369
0.152715
0.642236
-0.992249
0.873937
0.219491
-0.769419
-0.328489
0.51335
0.767518
-0.870162
-0.519011
-0.238632
0.276476
-0.101058
0.857245
-0.0959982
0.178916
0.739604
0.498822
-0.969853
0.039366
-0.308452
-0.163935
-0.266032
-0.0394741
0.043597
0.790009
0.596975
0.259983
-0.673465
0.418789
0.64867
-0.00534309
0.481058
-0.949752
0.630915
-0.293967
0.267396
-0.0645538
-0.452958
-0.302771
-0.133004
0.182288
0.727099
0.868495
-0.463721
-0.608774
0.482571
0.824715
-0.134029
0.380366
-0.603092
-0.110659
-0.0670019
-0.738153
0.163586
-0.386898
0.198099
-0.194163
-0.635073
0.194294
-0.290615
0.572706
0.045908
0.191281
-0.958576
-0.978709
0.545646
0.926782
0.186673
0.778276
-0.00436182
-0.997936
0.941285
0.561509
0.727104
0.901789
-0.694338
-0.587323
0.405459
-0.282774
-0.599636
-0.959137
0.471936
-0.205035
-0.896587
-0.710177
0.0327036
-0.062266
-0.993027
0.460059
-0.657657
-0.876436
-0.689102
0.141563
-0.4251
0.498288
-0.339838
-0.495394
0.89174
0.715548
-0.745094
0.98474
0.432421
-0.029422
0.337253
-0.0830176
-0.168504
0.288051
0.0289812
-0.796754
0.874143
-0.860786
-0.715819
-0.911179
-0.651902
0.834573
0.16937
-0.688996
0.455717
0.462561
-0.169585
-0.234449
-0.533587
0.756102
0.0435579
0.821054
0.586879
0.680869
-0.59842
0.231272
-0.294973
-0.534617
-0.934945
-0.928376
0.544332
-0.120068
-0.738599
0.568431
0.897615
-0.755131
-0.937733
-0.319565
0.761411
0.979091
-0.883785
0.127393
-0.544489
0.304443
-0.0962518
0.375632
-0.605144
-0.954374
0.65777
0.24892
-0.483924
-0.406341
-0.837225
0.363454
-0.665898
-0.342976
-0.625962
-0.809828
-0.429191
-0.418997
-0.70762
0.839393
0.934383
-0.73119
-0.798245
0.0331637
-0.191076
-0.209715
0.408645
-0.549278
-0.610704
-0.476709
0.274684
-0.54912
-0.60446
0.536956
-0.722238
0.765452
-0.62097
0.946564
0.991153
0.238662
-0.09543
0.398683
-0.511874
-0.100902
0.508742
0.361356
-0.468573
-0.259583
0.153383
0.857593
0.211605
-0.149803
0.403376
0.770572
-0.284552
0.136393
0.53581
-0.891447
-0.752583
0.729921
-0.30017
-0.738015
0.592577
0.468315
0.902185
-0.616426
0.376488
-0.803342
0.843551
-0.48827
0.97616
0.402651
0.166426
0.779359
-0.342351
-0.364146
0.206098
0.336782
0.015781
0.396477
-0.336464
0.047346
-0.678926
-0.634581
0.684882
-0.114381
-0.0594713
0.055963
0.995303
-0.630074
0.690196
-0.47584
-0.725022
-0.0303171
-0.860042
-0.11638
0.415759
0.134665
0.0764398
0.0846349
-0.64752
-0.741257
-0.768495
0.89566
-0.902112
0.130201
-0.944073
-0.549827
-0.284244
-0.163106
-0.58289
0.88006
0.101962
-0.927521
0.991319
0.978238
-0.00265767
-0.12405
0.398377
0.820943
-0.0218205
-0.691207
-0.304941
0.588046
-0.570838
-0.11336
0.331991
-0.64249
-0.179523
-0.0195291
0.247143
0.509886
0.549014
0.133021
0.157569
0.52477
-0.364824
-0.621805
-0.845539
0.320271
0.209108
-0.0949376
-0.857821
-0.59972
-0.248155
0.794446
-0.21683
0.517965
-0.821902
-0.527016
0.454252
0.625429
-0.731754
-0.0781675
-0.252716
0.826239
-0.912095
0.842275
-0.259269
0.342602
0.111802
-0.814012
-0.959117
-0.0961324
-0.358078
-0.902525
0.254242
0.778052
-0.0957616
0.0529087
0.969765
0.0554377
0.404865
-0.875868
-0.0681659
-0.229915
-0.15556
0.0619318
-0.466995
-0.192652
-0.76592
0.641049
0.443469
0.904934
0.103611
-0.292217
0.296989
-0.0300235
0.333594
-0.46697
-0.772755
0.362749
-0.0509648
-0.796519
-0.695545
-0.106121
-0.930771
0.423738
-0.363073
-0.844538
-0.921042
0.56235
-0.823899
-0.110555
-0.298184
-0.454953
-0.810777
0.521216
-0.648202
-0.658729
0.745451
0.674286
-0.0862848
0.424915
-0.595113
-0.700487
-0.0332567
-0.89041
0.301969
0.60153
-0.256063
-0.0383217
-0.311056
-0.12523
-0.277364
0.463003
0.788268
-0.183929
0.0737258
-0.82073
0.269479
-0.341016
-0.59769
-0.863401
0.248702
0.0517776
-0.727582
-0.0868916
0.650924
0.0678798
-0.99649
-0.182204
0.299309
-0.43409
-0.0114629
-0.626539
-0.979807
0.104522
0.891096
0.641496
0.957253
-0.0944305
0.0913498
0.259067
0.722812
0.759949
-0.83348
-0.731675
-0.63846
0.627564
0.519714
0.584391
0.162612
0.852065
0.516152
-0.403575
0.566112
-0.731343
-0.986161
0.981489
0.785208
0.393806
0.989488
0.871563
-0.474121
-0.808625
-0.501615
0.532896
-0.00699289
-0.815
-0.598412
-0.314484
-0.0576451
-0.919245
0.158352
-0.497776
0.697467
-0.590904
-0.909764
-0.292505
-0.366693
-0.65204
-0.732939
-0.772001
-0.621291
0.796962
-0.702588
-0.904281
-0.133384
0.376059
0.613794
0.631797
0.823875
0.179515
0.57028
-0.47029
0.688171
-0.725536
-0.115284
-0.864405
-0.7879
-0.484181
-0.267733
-0.196201
0.188829
-0.40397
0.3394
-0.692585
-0.0544295
-0.334698
-0.825896
-0.894715
0.193197
-0.45428
0.449965
0.801544
-0.305979
-0.665856
-0.785458
-0.798168
-0.0800445
-0.244882
-0.924477
0.942705
0.479081
-0.103883
0.287402
-0.717808
0.120638
-0.611176
0.053826
-0.236488
0.643344
-0.542126
-0.129036
0.592902
-0.337694
0.702811
-0.380838
-0.426206
-0.17361
-0.448949
-0.146936
-0.460768
-0.844728
-0.748778
0.974465
0.827766
-0.974539
-0.20024
-0.303039
0.362978
0.624941
0.013405
0.471075
0.477032
-0.135159
-0.732857
0.987935
0.0210302
-0.443319
0.308629
0.853446
-0.721114
0.453761
-0.180421
0.493998
0.732183
0.597789
0.471653
-0.779981
0.696384
0.669809
-0.847194
0.689304
0.0408699
-0.650668
0.493163
-0.396121
-0.33408
0.507283
0.218766
0.831508
0.970452
-0.649001
0.338231
0.515173
0.314987
-0.470528
-0.969733
-0.833629
-0.505538
0.294088
-0.0527244
0.502561
-0.0973596
0.017541
0.757103
-0.0482288
0.488707
-0.550191
0.0126615
0.572503
0.899524
-0.840918
0.0859912
-0.675612
0.260448
-0.333663
-0.291376
-0.467668
-0.369822
0.216604
-0.839521
0.209026
-0.974118
-0.473029
0.220932
0.532813
0.8792
-0.229827
0.418323
0.950226
-0.119624
-0.979241
0.0316396
-0.374178
-0.0243987
0.739403
0.567421
0.997159
-0.578809
-0.325031
0.808329
0.928225
0.525639
-0.686562
0.0866054
0.986217
-0.71906
-0.576511
0.0262361
0.438059
0.0285834
0.637331
0.473326
0.510689
-0.222448
0.829534
0.864761
0.207328
-0.0870641
0.922292
-0.663236
0.429522
-0.200391
-0.00748105
0.224972
-0.877262
0.703755
-0.271871
-0.57877
-0.203262
0.470376
-0.188442
-0.285686
0.287746
0.881185
-0.152609
-0.0882341
-0.407121
-0.685782
0.950451
0.639188
0.780576
-0.011946
0.806624
-0.6753
0.84042
-0.13152
0.413359
-0.893266
0.658305
0.630767
0.473889
0.617193
-0.26107
0.413
-0.297956
0.793199
0.602485
0.997684
-0.557568
-0.485397
0.251548
0.0444626
-0.149828
-0.855389
0.0423316
-0.863265
0.406423
0.0789276
0.56656
0.81977
0.477746
0.321065
0.361671
-0.406189
-0.12992
0.373283
0.267799
0.226826
-0.14363
0.676517
-0.456252
-0.956725
-0.795129
0.232535
0.681941
0.441303
0.303821
0.871978
-0.143461
-0.675836
-0.9545
0.231002
-0.549804
-0.0607332
0.619178
-0.267471
0.868877
-0.829818
-0.229224
-0.633653
-0.862875
0.394636
0.550003
0.690644
0.22275
0.276241
0.224399
0.335025
0.834943
0.867784
0.110065
-0.0180379
-0.548427
0.496361
-0.0943755
0.0244105
0.727769
-0.508272
-0.237897
0.0601051
0.650733
0.96428
0.231749
0.00294384
-0.338598
-0.85789
-0.828291
-0.118677
0.558868
-0.378087
0.209986
0.917441
-0.895088
-0.692928
0.00160766
-0.0438753
0.095972
-0.382297
0.237875
0.497649
-0.0294027
0.943201
-0.257083
-0.519475
-0.226737
0.473245
0.28341
0.385001
0.28629
0.225172
0.261754
0.0467681
0.544494
-0.98668
0.37627
-0.0518633
-0.871349
-0.663017
-0.545546
0.0778028
0.637874
0.435747
0.388861
-0.392304
0.139006
0.630572
-0.91088
-0.0758997
-0.50793
0.444845
-0.384294
-0.355679
-0.302203
0.480949
-0.41139
0.320265
0.680817
0.776458
0.99219
0.614301
-0.867963
0.0149324
0.101976
-0.673586
-0.716445
-0.606822
-0.39658
0.957069
-0.951304
-0.924833
-0.955459
-0.681055
-0.537368
-0.913258
-0.201031
0.539692
0.559813
-0.172273
0.452973
0.909841
0.987722
0.0709109
-0.515086
-0.622451
0.873954
-0.680986
-0.363811
0.603246
0.175751
-0.0735138
-0.910836
-0.555681
-0.0229808
-0.414711
0.404459
-0.708668
-0.934162
0.47752
-0.295811
-0.340339
0.535937
0.838065
0.927776
-0.342439
0.995311
0.0874249
0.158472
0.768265
0.0890769
0.573881
0.132518
0.752709
-0.505367
0.905576
0.575787
0.389954
0.0290632
0.856924
-0.476784
-0.0643923
-0.693264
0.274235
-0.362985
0.982497
0.54748
-0.462394
-0.435906
-0.402179
0.838732
0.0413777
-0.350453
0.301896
-0.733771
0.573855
0.164585
0.501275
0.671348
-0.833277
0.755325
0.526571
-0.720894
0.470812
0.529035
-0.40093
0.992071
0.878246
-0.44941
-0.734625
-0.590815
-0.494765
0.510867
-0.332384
0.233552
-0.577354
0.346288
0.087834
0.264385
-0.311847
-0.632399
-0.0647736
0.650348
-0.739576
0.634353
-0.0684508
0.615724
0.440757
-0.0448264
-0.0992796
0.437394
-0.814493
-0.75715
-0.986257
-0.972626
-0.245293
-0.205188
-0.844382
-0.0411203
-0.244813
0.190085
-0.467751
-0.572577
-0.0154292
0.128693
0.145919
-0.644462
-0.97061
-0.212196
0.633607
-0.546688
-0.58384
0.809835
-0.875022
0.518977
-0.376054
-0.514701
0.550644
0.92464
-0.681515
-0.920548
0.0791325
-0.971763
0.355589
0.216867
-0.528223
0.534952
-0.442241
-0.0944722
0.532766
0.00193607
-0.692066
-0.0709076
-0.711037
-0.627883
-0.950139
-0.823724
-0.8931
-0.128878
0.743254
-0.369835
0.555308
-0.883514
-0.164288
-0.272653
-0.727585
0.905138
0.320014
0.522856
-0.438306
0.747878
0.372119
-0.390162
-0.77377
0.878531
0.921313
-0.430337
-0.940557
0.894213
0.385778
0.948017
0.582866
-0.982393
0.217504
-0.999237
-0.955474
-0.0363539
0.0656007
0.936315
-0.777374
0.332033
0.970126
0.246961
0.0460529
-0.531689
-0.976523
-0.10814
-0.831676
0.467146
-0.537406
0.480763
-0.0450937
-0.602518
-0.543198
0.640903
-0.774166
-0.864298
0.341637
-0.146741
-0.173822
0.808659
-0.999267
-0.328514
-0.778793
0.567608
-0.694195
-0.11403
0.863465
0.00810175
-0.484255
-0.0692977
-0.0952641
0.53228
-0.627306
0.426396
-0.461239
0.708358
0.275894
-0.995522
0.334388
0.8299
-0.96282
0.778241
0.878682
-0.807341
0.205119
0.846185
0.594834
-0.792705
-0.586539
0.150156
-0.292217
0.0119886
-0.637984
0.948998
0.512637
0.0230958
0.594405
0.0900302
-0.518072
-0.362786
0.693469
0.605385
-0.630815
-0.397065
0.33053
-0.892451
-0.791185
-0.302626
0.422295
-0.484582
-0.319384
-0.889523
0.973238
-0.449213
-0.124787
-0.20508
0.536277
-0.713211
0.528588
0.568946
-0.984442
-0.0672935
0.829488
-0.909011
0.25486
0.379672
0.306542
0.629876
0.439704
0.254098
0.435844
-0.678411
-0.587184
-0.792979
0.69286
0.617358
-0.458923
0.00874096
-0.569437
0.563307
0.474933
-0.623698
-0.899125
-0.274452
0.198893
0.797233
-0.274553
-0.167131
0.188177
-0.866279
-0.770384
-0.884935
-0.277226
-0.776743
-0.292499
0.079354
0.51698
-0.911921
0.89405
0.903074
0.19309
0.199942
0.602041
-0.986572
-0.146514
-0.774727
-0.488568
0.746961
0.558647
0.493063
0.113516
-0.894939
-0.46103
0.710913
0.919041
-0.284306
0.603942
0.152502
0.0971167
0.625963
-0.605319
-0.80557
0.111651
-0.800788
-0.649723
0.950956
0.78384
0.665356
0.507424
-0.204095
-0.658443
-0.0635582
-0.619382
-0.927957
0.975854
0.909587
0.503884
0.247313
-0.886834
-0.981095
-0.0231603
-0.126545
0.186188
0.663121
-0.268254
0.92063
0.904553
-0.823966
-0.831371
-0.0238836
0.027468
-0.447443
-0.0893787
-0.0649269
-0.174876
0.0689484
0.698101
-0.846174
-0.178522
0.202569
-0.122411
-0.596491
0.688366
0.0174194
0.511608
0.146785
-0.832538
-0.0727516
0.114738
-0.845331
0.245626
-0.338784
0.251349
0.169509
-0.756387
-0.280234
0.661682
0.805283
-0.535003
0.682213
0.270796
-0.32822
-0.301929
0.2813
-0.331261
0.626688
0.236529
-0.858885
-0.339929
0.858184
0.616219
-0.736445
-0.815353
-0.54131
-0.931734
-0.498234
-0.387594
-0.432351
0.705259
-0.321054
-0.125068
-0.362927
0.373415
0.407881
0.635834
-0.813661
-0.221595
0.52132
0.518119
-0.746994
0.89016
-0.218412
-0.0599715
0.716766
0.470097
0.651226
-0.88684
-0.41347
-0.0899986
-0.256357
0.770728
-0.249331
-0.428611
-0.123921
0.876572
-0.618296
-0.847328
-0.951262
-0.362449
0.786148
0.543412
0.759311
0.79677
0.0292054
0.864497
-0.93848
-0.0648136
-0.465094
0.66064
-0.169573
0.738885
-0.258737
-0.947542
-0.865272
0.728692
0.00789964
-0.354121
-0.654198
0.321598
0.446321
-0.284723
0.607532
0.664079
-0.882974
-0.388138
-0.0561433
0.505286
-0.582894
0.240229
-0.839742
-0.167578
-0.767151
-0.397771
-0.856209
-0.171669
0.20865
-0.905631
-0.327426
0.939128
0.401378
0.883748
0.125123
0.384241
0.608643
-0.663602
0.27781
0.459166
0.561792
0.239885
-0.815043
0.733587
-0.280241
0.0625371
-0.744554
-0.209265
0.844808
0.707327
0.302108
0.212044
0.677363
0.537809
0.960958
-0.713963
-0.194593
0.259058
-0.0790284
0.863153
0.517063
-0.368185
0.355646
-0.880824
0.827467
-0.320699
0.74476
-0.708293
0.874901
-0.522394
-0.109939
0.199327
0.0304428
0.41833
0.0965759
0.345422
-0.227404
0.487077
0.333706
0.612098
0.0295804
-0.888262
-0.400186
-0.242716
-0.95366
-0.493977
-0.57763
-0.399212
-0.217781
0.112365
0.946117
0.236101
-0.350501
0.644962
-0.000308068
-0.244006
0.696756
-0.103315
-0.171978
-0.777645
-0.44271
-0.277111
-0.480176
-0.0823472
0.501954
-0.835574
-0.428627
0.508518
