0
0
-0.372735
-0.385365
0.198934
0.536817
0.745919
0.522702
-0.780844
0.74277
-0.126558
-0.175844
0.187556
-0.449872
-0.144733
0.0360163
-0.55987
-0.118752
-0.180328
0.0833606
-0.526407
0.948774
-0.728435
0.812126
0.0869091
-0.774747
-0.780557
0.966092
-0.0761948
-0.792915
0.960372
0.582313
0.61597
0.434077
-0.421998
-0.778669
0.0409053
-0.954627
0.042536
0.0854762
-0.826217
0.391317
0.95662
0.709683
0.100377
-0.273436
-0.264876
-0.634566
0.501258
-0.0452818
0.349997
0.94181
0.769495
-0.561488
0.129915
-0.561684
-0.631542
-0.120047
-0.99329
-0.327467
0.915494
0.71774
0.316522
-0.327807
-0.185673
0.312118
0.485811
0.747656
0.0522819
0.442224
0.00295812
0.560702
-0.506773
0.797792
-0.14344
-0.644097
-0.573196
-0.195614
-0.145916
0.925361
-0.579231
-0.457522
-0.502044
0.482292
-0.959753
0.0643436
0.357746
-0.471503
0.52566
0.513508
0.762515
-0.188173
0.508223
0.0391874
-0.108872
-0.902949
-0.733538
-0.0864481
0.709336
0.654483
-0.364114
-0.841187
-0.646403
-0.286536
-0.559378
0.608368
-0.0776042
0.540282
0.192014
-0.178718
0.425756
0.512357
0.896046
-0.0788649
-0.543107
0.248527
-0.259466
0.933671
-0.742645
0.212049
-0.855389
0.435183
0.139601
0.476869
0.486173
-0.276386
-0.750455
-0.641921
-0.0372299
-0.645719
-0.12187
-0.8298
-0.610694
-0.110956
-0.617122
0.68857
0.933669
0.430022
0.717912
0.989353
0.423062
0.444795
0.566911
-0.685453
-0.879288
0.691522
-0.370683
0.176235
0.0418502
0.710174
0.393254
0.94648
-0.805035
0.108521
-0.333806
-0.967063
0.28468
0.03711
0.866275
-0.809405
-0.512218
-0.0965848
-0.392305
-0.0100735
-0.0608447
-0.161741
0.00133122
0.513285
0.127625
0.562262
-0.80655
0.283549
0.438057
0.836982
0.165779
-0.303736
0.942375
-0.452378
0.00998053
-0.657033
0.103709
0.743262
0.522172
0.245475
-0.0216914
0.184627
-0.701345
0.856526
0.687279
-0.0598793
0.783732
0.371054
-0.918431
0.818168
0.0803391
-0.765788
0.0362559
-0.893074
-0.849527
-0.0332402
-0.00647529
0.575782
-0.0247097
0.791315
0.71258
-0.954284
0.820163
0.25259
0.703945
0.184208
0.350411
-0.306264
-0.795027
0.338874
0.183279
-0.349933
0.023463
0.905215
-0.851715
-0.550241
0.0606732
-0.166743
-0.239505
-0.19739
0.858567
-0.303374
0.2976
0.877501
-0.936151
0.323076
-0.0715165
0.187948
0.248154
0.276842
0.0653275
-0.326191
0.0137168
0.948067
-0.381832
0.0189565
0.0436497
0.806322
-0.613238
0.259425
-0.0837566
0.269511
0.166623
0.798553
-0.070517
-0.83423
-0.639933
0.548298
-0.72607
-0.412753
-0.805738
-0.763591
0.589686
-0.581624
0.616906
0.631684
-0.949031
-0.640465
0.893934
-0.957592
0.108281
-0.411328
-0.192923
-0.466785
-0.18098
-0.717338
-0.0948181
0.357068
-0.310411
-0.568086
-0.389518
-0.858462
0.244432
-0.714048
-0.065865
0.370399
0.46188
0.98024
-0.47378
0.668568
-0.977358
-0.205888
-0.117748
-0.302625
-0.342142
-0.853206
0.467501
-0.134057
0.493339
0.439281
0.929477
-0.0722067
-0.278798
0.742175
0.929121
-0.0206169
0.734001
0.164091
0.667955
-0.556006
0.396328
0.57844
-0.960804
0.787851
-0.77363
-0.984007
-0.789379
0.651626
0.550989
0.961247
-0.550968
0.29751
-0.406761
0.996469
-0.36926
0.867276
-0.343723
0.266102
0.76847
0.344165
0.432469
0.962859
-0.0075419
0.845315
-0.218353
-0.0557777
-0.378205
-0.919636
0.844162
0.819738
0.40237
-0.988385
-0.156223
0.866689
0.907632
-0.0526824
-0.285848
0.396507
-0.0362862
0.756173
-0.517414
0.870978
0.114374
-0.654362
0.487411
-0.982782
-0.0077491
-0.906036
-0.943744
-0.889342
-0.0869963
-0.969175
-0.498738
0.683228
0.367958
0.771283
0.94898
-0.279255
-0.681742
0.000604573
0.0555797
0.249037
0.569362
0.172777
-0.925972
0.736577
0.657276
-0.973917
-0.0830058
-0.0208302
-0.543563
-0.168618
-0.766973
0.453003
-0.881068
0.53858
0.408321
-0.498039
0.713771
-0.99926
-0.243848
0.534532
-0.840487
-0.660452
0.677653
0.260049
0.178923
-0.383255
0.152299
0.167798
-0.430355
0.995552
0.112424
-0.350334
0.882059
-0.63357
-0.341446
0.662961
0.572033
-0.151667
0.422694
0.928676
-0.838231
0.918332
0.621982
-0.830248
-0.0817106
-0.784691
0.437227
-0.753091
0.731541
-0.616427
-0.94228
0.549588
-0.0988032
0.267578
0.315962
-0.422879
0.971583
-0.114373
-0.0190482
0.115963
0.400669
0.98559
0.221062
0.989142
0.923403
0.365288
0.977759
0.332849
-0.582224
-0.148577
-0.960586
-0.856479
-0.75459
0.2769
0.253657
0.766571
-0.600334
-0.192172
0.295176
0.640888
-0.845734
-0.851995
-0.209259
0.0163293
0.540784
-0.0985852
0.112612
-0.554446
-0.538461
0.0837065
-0.306144
0.606442
-0.970191
-0.618453
0.54037
-0.659344
0.340665
-0.562091
-0.656472
0.20603
-0.359344
-0.0769996
0.215475
-0.529361
-0.295556
0.767718
0.712417
0.729988
0.0126018
0.855434
0.899373
-0.990153
-0.979768
-0.0774777
0.299611
0.186953
0.838087
0.365626
-0.324016
0.251717
-0.232437
-0.572319
-0.877805
-0.119086
0.914614
0.804761
0.448869
-0.187605
-0.583059
0.291703
0.519568
0.625997
0.687992
0.921025
0.854458
0.783848
-0.476911
0.646065
-0.0212995
-0.615215
0.283246
-0.924765
-0.529926
-0.0784969
-0.647955
-0.537912
-0.935319
0.678266
0.132377
0.621669
-0.397859
-0.693385
0.0805656
0.437205
0.882388
0.330731
-0.586993
0.100043
-0.057487
-0.0423828
0.346434
0.489207
-0.0967012
-0.856907
0.69085
0.452987
-0.927168
0.590304
0.0884583
0.442932
0.26894
0.849727
0.110059
0.579861
-0.337631
0.0313242
-0.198851
0.775531
0.43963
-0.323525
0.0488838
0.0135667
0.910959
-0.821625
0.182771
-0.876785
0.234398
-0.842601
-0.801439
-0.168399
-0.985862
-0.600264
0.50081
-0.784203
0.307349
-0.761098
0.598437
0.746535
-0.795695
-0.834376
0.305509
0.478034
-0.201679
0.586502
0.212364
-0.416897
-0.231425
0.854798
-0.0625483
-0.294305
-0.873593
0.849296
-0.234981
0.941606
0.790796
-0.965324
0.341974
-0.155144
0.247435
-0.420286
-0.842096
0.498727
0.990443
0.818054
0.765763
0.140921
0.704624
0.0553097
-0.939513
0.15293
-0.529934
-0.376036
0.16927
-0.111314
-0.788672
0.413706
-0.403316
0.988924
0.0253295
0.575081
0.932482
-0.971128
-0.540313
-0.875019
0.916851
-0.456606
-0.459608
-0.267832
0.0364203
-0.0128095
0.617285
0.691943
-0.735509
0.738427
0.51875
-0.84224
-0.84982
-0.246113
0.0864273
-0.310278
0.0705934
0.897309
0.16646
0.0473163
-0.651192
-0.766759
0.807723
-0.1774
-0.864715
0.894996
-0.843324
-0.642181
0.262697
-0.245183
-0.464659
-0.837976
0.821741
-0.875562
0.26727
-0.0332859
-0.186419
0.343954
0.197834
0.483569
0.939584
0.0846307
-0.760948
0.818357
-0.50297
0.901214
-0.323368
-0.840023
-0.34849
-0.0152278
0.887553
0.616658
-0.969302
0.753206
-0.145772
0.0117142
-0.246028
-0.692036
-0.991921
0.40838
0.186594
0.791223
-0.0602415
-0.815392
0.932236
0.678043
-0.0860999
0.342825
0.792172
-0.631976
-0.345806
0.873244
0.298924
0.383791
-0.946205
0.489134
0.913795
0.543553
0.218432
-0.286922
-0.764251
0.537972
0.224744
-0.793868
0.998549
0.984562
-0.763619
-0.581748
-0.130986
-0.403255
-0.806933
-0.528615
0.359524
0.3599
-0.345136
0.247468
-0.744938
-0.923648
-0.12642
0.145429
-0.61265
0.873889
-0.80239
-0.697078
-0.941742
-0.482589
0.808752
-0.834026
0.101963
-0.830997
-0.308048
0.297368
-0.33693
0.651477
0.0348778
-0.485681
0.988447
-0.306797
-0.0224775
0.266476
-0.442046
-0.356121
-0.537315
-0.345154
0.139535
-0.265596
-0.970804
9.75747e-05
-0.277124
0.928305
-0.0990668
-0.402061
-0.711176
0.828801
0.452015
-0.522559
0.523022
-0.262156
-0.573987
-0.560477
-0.0526241
-0.358475
-0.775398
0.640324
-0.604729
-0.703492
0.422292
-0.749579
-0.992147
0.172475
-0.557038
0.587883
0.621129
0.194091
-0.651924
0.134163
-0.906402
-0.939447
0.233395
0.0653695
0.363676
-0.227381
-0.0585455
0.568345
-0.585581
0.562268
-0.0209646
-0.484693
-0.21561
0.787702
0.761446
-0.189467
-0.430239
0.25916
0.316556
-0.207153
0.634445
-0.0207227
0.115566
-0.91112
-0.579862
-0.678828
0.795903
-0.552215
-0.141855
0.216747
0.911054
0.131178
0.816566
-0.200612
-0.348687
-0.624465
0.255329
-0.299824
-0.326294
0.920321
0.644173
-0.518814
0.0289385
-0.390155
0.390167
0.790419
-0.780379
0.790286
-0.0792987
-0.963974
0.651466
-0.776217
0.358952
0.515235
-0.156188
-0.86167
0.310512
0.298616
0.378198
0.691113
-0.454108
-0.578237
0.194679
-0.119998
0.554808
-0.847795
-0.623424
-0.137025
0.68842
-0.603904
-0.803798
-0.932275
-0.50815
0.560362
0.479064
0.654425
0.876864
-0.926759
0.594397
0.959076
-0.984769
0.322944
-0.749817
-0.624339
-0.461748
0.418229
-0.355454
-0.583935
-0.402288
-0.188712
0.634318
0.193215
-0.443639
0.58027
-0.723106
0.426954
-0.539611
-0.684501
0.998648
-0.170472
-0.803877
0.70266
-0.799097
0.601338
-0.669744
-0.483381
0.696673
-0.186485
-0.879575
-0.370342
0.617859
-0.606898
-0.660401
-0.528186
0.834592
-0.0413671
-0.56674
0.766165
0.223577
0.341265
-0.307941
-0.757922
0.884423
-0.131084
0.0781739
-0.448799
0.669914
0.281129
0.966947
0.726015
-0.728806
-0.779197
-0.579848
-0.929857
-0.430561
0.751704
0.376668
0.00212431
0.814559
-0.693547
0.00942927
0.380066
-0.412355
-0.766697
0.971278
0.860691
0.476303
0.384853
0.352507
-0.602841
0.477122
0.28329
0.779267
0.849478
0.625006
-0.184024
-0.975332
0.668844
-0.545688
-0.572811
-0.476228
-0.984744
0.877557
-0.734515
0.485475
-0.560998
0.712788
0.317513
0.377297
-0.706699
0.999266
-0.264426
-0.882247
0.265082
-0.179629
0.597166
-0.378383
-0.999583
-0.84562
-0.268999
-0.872563
0.133432
-0.334896
0.256223
-0.746891
0.431907
-0.495292
0.912382
-0.352018
0.359888
-0.508804
0.274994
-0.643201
0.490983
0.552855
0.314293
-0.336294
-0.331646
-0.617864
0.572242
0.901482
0.604848
0.946766
-0.809483
0.458083
-0.0721928
-0.24898
-0.366826
0.425314
-0.270065
-0.170078
0.997915
-0.887008
0.172253
0.109874
-0.446762
0.614824
0.109351
-0.842727
-0.166967
0.441961
-0.176512
0.645616
0.492471
-0.208063
0.345246
-0.218312
0.163556
0.512624
-0.88338
0.848065
0.308162
0.868519
-0.475901
-0.939791
-0.718273
0.883539
0.684568
-0.488187
-0.719709
-0.649199
-0.446736
0.110234
-0.526701
-0.86839
0.245176
-0.103821
0.0591483
0.22051
-0.430632
-0.856483
0.940022
-0.857762
-0.255319
-0.625165
0.175362
-0.251156
0.0708588
0.798027
-0.945285
0.396012
-0.998273
0.0602299
-0.450403
-0.644691
-0.582887
-0.983262
-0.729357
0.505737
0.800591
0.333628
0.754046
-0.508582
0.707471
0.877413
-0.886798
0.980803
0.263247
0.793281
-0.791413
0.688276
-0.340352
-0.687663
-0.587972
0.296598
-0.438705
0.189656
0.800606
-0.342414
-0.613108
0.557971
-0.573016
-0.656516
-0.8687
0.659971
0.675021
0.496735
-0.108377
0.239302
-0.395249
-0.376809
0.517609
-0.571696
0.0476527
0.65295
-0.265
0.770601
0.150555
0.668111
0.116549
-0.287283
0.868587
-0.200814
0.971627
-0.768999
-0.889527
-0.771916
-0.605822
0.191852
-0.872419
-0.260631
-0.91446
-0.40692
0.394529
-0.745985
-0.121262
0.195379
0.465071
0.0387159
0.155615
-0.211017
-0.581732
0.785368
-0.393621
-0.454144
0.619888
0.15585
0.832632
0.80079
0.728434
-0.732114
0.0991128
0.698017
0.729641
-0.165612
-0.774929
0.447119
-0.954098
-0.901688
-0.481741
-0.566677
0.417126
0.947548
0.564864
0.663602
-0.989746
0.66456
-0.883421
-0.111401
-0.387217
-0.866482
0.760215
-0.650146
0.321644
0.168329
0.644346
0.369583
-0.49989
0.867899
0.274399
0.447826
0.120292
0.390911
-0.9577
0.5503
-0.334323
-0.0846972
0.248542
-0.779955
0.580624
0.13229
0.00162929
-0.605768
-0.892255
-0.425954
0.870467
-0.215539
0.125731
-0.484464
-0.403138
0.268972
-0.948447
-0.201777
0.679109
0.702087
0.439039
0.534312
-0.357489
0.408462
0.555127
0.0718862
0.406564
0.679453
-0.281464
0.170298
0.896255
0.793658
0.947203
0.605433
-0.548303
-0.356437
0.162125
0.966996
-0.376819
0.283849
-0.114039
0.737856
-0.370839
0.138719
-0.525961
-0.935702
-0.636915
-0.578046
-0.960871
0.464501
0.791022
-0.379473
0.764166
0.30259
0.403207
-0.621144
-0.028288
-0.0312025
-0.30934
0.144166
-0.705977
-0.89103
0.492982
0.459036
0.394623
-0.848048
0.175746
0.539843
-0.907334
-0.655038
-0.0668051
-0.256673
-0.962497
0.555117
0.173251
0.34286
-0.999646
-0.780524
0.263541
0.409567
0.683103
-0.875173
0.365249
0.917497
-0.834507
0.519485
0.593576
0.0850675
0.0251622
-0.7232
-0.323348
-0.531583
0.238935
0.938386
0.0889718
0.0853158
0.775466
-0.335168
-0.304265
0.590091
0.847683
-0.143846
-0.735254
-0.584405
0.246414
-0.894532
-0.87162
0.177323
-0.592165
-0.379688
-0.949458
-0.984578
-0.360221
0.441636
-0.146319
0.308777
0.448495
0.159049
0.525507
0.573031
-0.024821
0.204226
-0.642827
0.579561
0.952812
0.851553
0.361099
0.256917
0.874174
0.517135
0.775892
0.498127
0.827686
-0.499823
0.0989436
0.871461
-0.711908
0.491904
0.388772
-0.994678
-0.68931
-0.422127
-0.177705
-0.316268
0.27945
-0.21357
-0.427404
0.369447
0.198749
0.440816
0.668679
0.907159
-0.360481
0.671474
0.419698
0.557964
-0.937828
0.920387
0.762559
-0.338518
0.165399
0.0190933
-0.397729
-0.128992
-0.712706
-0.247814
0.605776
0.498501
-0.417892
0.75272
0.497664
-0.342034
0.707957
0.773137
-0.853844
-0.229526
0.113754
-0.933931
0.059505
0.689224
-0.263905
0.452224
-0.161343
0.751741
0.894892
0.010495
0.656514
0.770776
0.273668
0.927751
0.071542
0.870439
-0.343537
-0.888563
0.634512
0.294088
-0.115105
-0.70334
-0.557292
-0.0948542
0.0687458
0.976631
-0.160546
0.328445
0.253468
0.789457
-0.165938
0.496665
0.715569
-0.882155
-0.685647
-0.38995
0.447289
0.0190047
0.856839
0.855685
-0.0260358
-0.0244062
-0.621572
-0.0912004
0.361044
-0.502644
0.38644
-0.355969
-0.299795
-0.852428
-0.307957
-0.781487
-0.976357
-0.449859
0.296849
-0.58607
0.294156
-0.581651
-0.777002
0.133675
-0.441127
0.865296
-0.902848
-0.26935
0.846958
-0.321318
-0.082382
0.577438
0.825489
0.683377
0.00678553
-0.82175
-0.152678
-0.621139
0.318335
0.605309
0.984706
0.842965
0.536056
0.363773
-0.178545
0.288328
-0.474608
0.713744
-0.455593
0.997004
0.924049
-0.530882
0.399155
-0.305869
-0.384701
-0.0767752
-0.24739
0.799392
0.00213221
-0.702567
0.222016
-0.64286
0.542536
0.746535
0.938234
-0.124418
-0.126837
-0.0981684
-0.659552
0.129323
0.112789
-0.594658
0.417894
-0.118554
0.0604102
0.422008
0.491675
0.74402
0.892786
0.393566
-0.243365
-0.36623
-0.293044
-0.42296
-0.0618494
0.594411
0.097421
0.818269
0.556347
0.313787
0.793157
0.216473
-0.226593
0.366055
0.381393
-0.210841
0.978817
0.812157
0.80903
0.628989
0.401354
-0.238917
-0.736335
-0.311502
0.0829737
-0.111159
-0.818066
0.695369
0.487089
-0.0860115
-0.885702
-0.129526
-0.183713
-0.341306
0.0252666
0.297443
-0.752247
-0.4871
-0.32027
0.808104
-0.264389
-0.482283
-0.678257
0.0789059
-0.0502831
-0.973781
-0.0602415
0.28848
-0.470655
0.415796
0.752892
-0.883296
0.0459265
-0.977118
-0.988372
0.162663
-0.61115
-0.151898
0.480277
-0.0833743
-0.0472028
0.257464
-0.843685
-0.989579
-0.0364504
-0.00956751
0.206373
0.379115
-0.0148923
-0.433976
0.444471
0.310766
0.515143
0.735861
0.0518256
0.513319
0.0941239
0.854481
0.0828703
0.249948
-0.771509
0.400445
0.0200533
-0.67626
-0.346182
0.0181915
-0.854952
-0.467614
0.00807467
0.956612
0.396599
0.375239
-0.149996
-0.564556
0.608498
0.318271
0.703443
-0.970388
-0.498219
0.30183
-0.815196
0.482788
-0.615373
-0.728093
0.55681
-0.153349
-0.0310304
0.283977
0.76667
-0.56198
-0.919853
0.6118
-0.038265
-0.219301
-0.831168
-0.220049
0.404133
0.238373
-0.190384
0.268239
0.428551
0.0679174
0.561578
0.0595277
-0.126324
-0.370465
0.110221
-0.0490351
0.157296
-0.933221
-0.678641
-0.208753
0.0063427
-0.686785
0.978173
-0.437317
-0.217566
-0.349951
0.118448
-0.289728
-0.42577
0.446428
-0.963501
-0.0152547
-0.82099
-0.211876
0.407961
-0.813377
-0.666498
0.157707
0.555245
-0.287661
0.422874
-0.52246
0.645948
-0.919661
0.714064
0.139379
-0.244641
0.187145
-0.900112
0.0621832
-0.882112
0.36624
-0.201354
0.365625
-0.296371
-0.211158
-0.459936
0.161155
0.604541
0.215865
-0.441556
-0.245113
0.641792
0.452583
0.889362
0.360089
-0.678142
0.510019
0.0134262
-0.74361
-0.98823
-0.170162
0.811865
0.559287
0.332087
-0.844332
0.2354
0.749932
-0.575073
0.610936
0.919702
-0.383485
-0.368524
-0.0761731
-0.872057
-0.0525479
-0.828803
0.660759
-0.70957
-0.579778
-0.487247
-0.873533
0.983749
0.459688
-0.753931
0.75584
0.825506
0.641069
-0.712548
0.0533708
-0.407146
-0.762103
-0.288405
-0.797917
0.849925
-0.776517
0.422025
-0.0218474
-0.325918
0.909308
-0.382955
-0.666561
0.14361
0.182627
0.859784
0.0471396
-0.797241
0.93889
0.132847
0.0886818
0.386171
0.512563
0.34139
-0.8564
-0.517283
-0.0779682
-0.294296
-0.991772
0.811466
-0.465924
0.0085194
-0.846396
0.741658
0.98271
-0.36747
-0.745861
0.894402
-0.235117
0.789853
-0.884528
-0.428451
-0.804576
0.679464
0.196726
-0.53899
0.566038
-0.325011
0.613149
-0.369344
0.726441
0.773123
0.895562
0.60632
-0.246787
0.673363
0.403332
-0.514662
0.301648
0.756064
-0.689374
0.567503
-0.39897
-0.030171
-0.202766
0.899463
-0.487734
0.713438
0.470979
-0.995472
-0.0767701
0.599402
-0.991819
0.058596
0.479197
0.450349
0.51104
-0.22731
0.924169
-0.214765
0.468444
-0.411645
0.817492
-0.581547
0.310128
-0.250025
-0.0745981
-0.187181
0.102436
-0.122011
0.00196939
-0.431686
-0.978662
-0.041869
-0.651476
0.0102501
0.0176536
-0.161421
0.15499
-0.46934
-0.0999421
0.123567
-0.139616
0.13991
0.183044
-0.748215
-0.285772
0.306755
0.0384733
0.405096
-0.62139
-0.155797
0.419963
-0.23138
-0.171595
-0.550736
0.618828
0.450469
-0.232839
0.0683762
-0.0790899
-0.26695
0.0636417
-0.447828
0.461378
-0.755768
0.341248
0.235471
0.599859
-0.5894
0.673436
0.951907
-0.548381
0.602475
0.254097
-0.686294
0.647279
-0.422825
0.319687
0.376338
-0.997874
-0.805685
0.955568
-0.867486
-0.772819
-0.843162
0.629251
-0.749915
0.655623
-0.579214
-0.589063
0.764262
-0.371759
-0.475197
-0.522404
-0.974757
0.588025
0.703456
0.556521
0.747078
-0.864527
0.582306
0.852321
0.222953
0.296678
0.327591
-0.00198831
0.967147
0.645893
-0.357912
0.479543
0.00865943
-0.750946
-0.661972
0.609223
0.365518
0.774019
-0.463978
-0.185309
-0.593636
0.268173
-0.797983
-0.947327
-0.0879652
-0.695095
-0.291119
-0.850796
0.96215
0.328638
0.50678
0.243655
0.403789
0.569489
0.593075
-0.697501
0.179444
-0.366496
-0.260645
-0.829038
-0.717569
0.284149
0.00832134
-0.898746
0.70637
0.0931637
0.668351
0.797449
-0.254477
0.503414
-0.729566
0.526572
-0.162603
-0.435642
0.293015
0.822689
0.719758
0.27534
0.340232
0.876583
-0.213031
-0.856355
0.0502116
-0.198388
-0.870374
0.659244
0.262499
0.859582
-0.816991
-0.395371
-0.423759
0.619726
-0.267418
0.375158
-0.841692
0.37339
-0.0634156
-0.580119
-0.720951
-0.740386
0.141841
0.65488
-0.806075
0.75803
0.946387
-0.66416
0.734038
0.875781
-0.364729
-0.541113
-0.281516
-0.798971
-0.949831
-0.784308
0.500791
0.969654
0.850141
-0.404751
0.493066
0.932078
-0.117157
-0.472063
0.616521
-0.81795
-0.451508
-0.358886
-0.913475
-0.178691
0.734652
0.30231
0.622051
-0.835716
0.598183
0.71553
0.945784
-0.235334
0.248339
-0.718838
-0.522611
-0.024387
0.765279
0.0268042
0.607932
-0.458495
-0.362799
-0.821637
-0.804663
-0.162019
-0.298456
-0.707039
-0.319847
0.254036
0.981668
0.119266
0.484777
0.529711
0.612954
-0.647979
-0.81348
0.844107
-0.0421707
0.0297231
-0.64248
-0.478624
0.253685
0.913448
-0.693246
0.841419
-0.0768056
-0.922015
-0.401435
-0.280345
-0.585549
-0.924979
0.757131
0.444802
0.80963
0.65628
0.146769
0.579554
-0.661673
-0.712974
0.987493
0.466898
-0.270454
0.882939
0.834065
0.736784
-0.239076
-0.154422
-0.326927
0.798762
0.59965
-0.372072
0.59465
0.52107
-0.0647805
0.919026
0.925227
0.160188
-0.545925
0.483873
0.254377
-0.442987
0.974681
-0.60659
-0.783516
0.31509
-0.85759
0.557786
-0.995232
-0.8316
-0.779864
-0.827518
-0.441459
0.892141
0.0625032
