0
0
0.532564
-0.405409
-0.739174
-0.439289
-0.297771
-0.279649
-0.00323469
0.837658
-0.739508
-0.180616
0.917565
-0.117724
0.495696
0.789975
0.83404
0.165599
0.338849
-0.17174
-0.391479
0.666307
-0.627855
-0.879864
0.40822
-0.0832538
0.9061
0.569741
0.263634
-0.370641
-0.707316
-0.456435
-0.744218
0.10323
0.938878
-0.990337
0.696897
0.356327
-0.248278
0.375983
0.577101
0.59114
0.598716
-0.517393
0.464896
0.936921
-0.723444
-0.658503
0.907699
-0.809879
-0.536786
0.479896
-0.305519
0.641508
0.367727
0.892396
0.29877
-0.492947
-0.0446699
0.217572
-0.382295
-0.246153
-0.265583
0.184802
-0.107039
0.971175
-0.767544
-0.193046
0.604005
-0.248701
0.503116
0.944351
-0.163546
0.759419
-0.249361
0.0982694
0.243064
0.407189
0.249148
-0.676638
-0.49954
-0.25464
-0.421833
0.306638
0.550564
0.521336
-0.111351
-0.619378
0.538365
-0.91298
0.960797
0.0641107
-0.469073
-0.441268
-0.165497
0.748799
0.162348
0.17369
0.975869
0.172891
0.0134578
-0.000683974
0.0789206
-0.411714
-0.758483
-0.36859
0.340303
0.916687
0.504931
0.354182
-0.14108
0.365164
0.281074
0.310644
-0.76051
-0.181238
0.0941641
-0.610639
-0.350041
0.850735
0.0257005
0.835736
-0.344952
-0.0224213
0.309413
0.371423
0.957252
0.229246
-0.361096
0.32867
0.304861
-0.303126
0.324148
-0.44685
-0.0829435
0.990913
0.539349
-0.0685535
0.495213
0.324259
0.909874
-0.393136
0.139212
0.429174
0.573667
0.333201
-0.889014
-0.33527
0.282608
-0.0810692
-0.581388
-0.809264
-0.600434
0.29985
0.929934
0.800097
0.281763
-0.332185
0.180607
0.188125
-0.68341
-0.971323
0.354989
0.158557
0.828876
0.448891
0.0095139
0.0500942
-0.639185
-0.272001
0.2728
-0.551456
-0.501106
0.260961
0.260196
0.0724782
0.0310078
0.0247991
-0.389122
0.406585
-0.158256
0.225524
-0.417652
0.335075
0.277644
0.17529
0.828112
0.517873
-0.576757
-0.18537
-0.531838
0.299571
0.459891
-0.367788
0.181817
0.730855
0.463794
-0.390147
-0.560008
0.612563
0.819812
0.454555
0.0682481
0.161997
0.996762
-0.832739
0.742408
0.756775
0.900641
-0.563126
0.150815
-0.821965
-0.802099
-0.508871
0.277354
-0.385194
-0.00767949
-0.972924
-0.798801
0.062066
0.94809
0.988712
-0.483503
0.892354
0.583052
-0.737415
0.086297
-0.0934922
-0.149147
-0.81327
0.698422
-0.624417
0.0458097
-0.0308474
-0.741527
-0.17461
0.162837
-0.448614
0.788718
0.0837883
-0.896952
-0.379023
0.351967
-0.617884
0.685644
-0.832602
-0.44395
-0.527369
-0.0557819
-0.82799
0.90606
-0.238082
0.812767
-0.11362
0.0329945
0.153942
-0.213879
0.299101
0.5031
0.975024
0.528143
-0.860879
-0.597648
0.784262
-0.451568
0.341091
0.627444
0.473462
-0.32776
0.979055
-0.511136
0.820954
-0.287533
0.262839
0.364758
-0.278933
0.837967
0.485809
-0.749827
0.685803
0.121728
0.963663
-0.449687
0.392569
-0.90593
-0.0227621
0.897009
0.74255
0.858485
0.747914
-0.385862
0.300471
0.352621
-0.13996
0.446749
0.724558
0.314476
0.843949
-0.786438
0.469703
0.8728
0.506865
-0.192851
0.218291
0.846024
-0.440808
-0.281577
0.206297
-0.700777
0.514844
0.334301
-0.280877
-0.318234
-0.896059
0.406923
-0.756753
0.968313
0.938611
-0.410198
0.24156
0.180609
-0.613208
0.839828
0.213091
0.872956
-0.266173
-0.117298
-0.74081
0.980654
0.623271
0.138361
0.398726
0.911231
-0.868726
0.489503
0.619585
-0.699781
-0.0116679
0.761542
0.650181
0.192428
-0.722585
-0.521529
0.907494
-0.77654
0.535588
-0.941393
-0.962265
-0.536818
0.0752481
-0.819116
0.94903
-0.0781989
-0.0464496
-0.0668733
0.012426
0.14928
0.594735
-0.0895985
0.614526
-0.792788
-0.762746
0.923125
-0.185158
0.41757
-0.109864
0.881625
0.432634
0.774559
0.668943
-0.765965
-0.258055
0.867798
0.116723
-0.912324
-0.0311404
0.00876139
-0.786579
-0.326859
-0.166418
-0.380505
0.788236
-0.338641
-0.109919
0.14852
0.521317
0.240736
0.456057
0.762015
-0.248209
0.529164
-0.39767
-0.616471
0.108693
-0.0594941
-0.886444
0.699407
0.380007
-0.360878
0.41658
0.216055
-0.525268
-0.602274
0.314871
-0.779782
-0.90933
-0.734655
0.264519
0.2855
0.124459
0.947811
-0.136063
-0.477449
0.310611
-0.745467
0.930538
-0.387139
0.356006
-0.293196
-0.960725
0.606802
0.76059
0.819759
-0.40078
0.612345
-0.513949
-0.992036
0.746013
0.155887
0.582536
0.442539
0.951954
-0.636047
0.0970925
0.649963
0.0744398
0.279853
0.000856508
-0.50197
0.0686925
0.825484
0.720154
-0.888767
-0.808771
-0.790776
-0.580252
0.107733
-0.760361
-0.894139
0.802266
0.445465
0.430539
-0.518078
-0.527841
-0.860607
-0.12872
0.846132
0.00487653
0.350968
-0.0402941
-0.655389
0.638793
0.94246
0.202436
0.515813
-0.532555
0.327102
0.179306
-0.0900236
-0.561224
0.661601
-0.216638
0.946488
0.739919
0.405702
-0.734613
-0.306903
0.230306
-0.265183
-0.305673
-0.154041
0.255753
0.0413475
-0.0289028
0.74626
-0.0540251
0.080919
0.673073
0.835364
0.918761
-0.963556
0.62514
-0.542306
-0.657513
0.173198
-0.605173
0.485995
-0.142764
0.754788
-0.41209
0.675893
-0.207801
0.224449
0.672326
0.291353
-0.48723
-0.99457
0.120278
-0.0946584
0.182895
0.690659
0.771994
0.682651
-0.463978
-0.144878
-0.47161
-0.498201
-0.305568
0.566785
0.117216
-0.875622
0.805559
-0.532167
0.597751
-0.659825
0.891588
0.898212
-0.165692
-0.836794
0.666304
-0.0663133
-0.712714
-0.813308
0.592543
-0.722746
-0.49527
-0.397343
-0.423537
0.694129
-0.303778
-0.435379
-0.77959
-0.108406
0.104475
0.231778
0.635189
-0.786321
0.183374
-0.131915
0.19873
0.501036
-0.914454
-0.244545
0.0234734
-0.848992
-0.380925
0.51086
0.13701
-0.425066
-0.211823
0.163584
0.346663
-0.473774
0.358225
0.592561
0.899525
-0.77439
0.614496
-0.843382
-0.155176
-0.853656
0.374203
-0.496406
0.32867
-0.975473
0.66859
0.0432106
-0.885657
0.379302
0.656061
0.914663
-0.656146
0.794963
-0.575659
0.0217072
0.982099
0.83776
0.099549
0.904476
-0.677607
0.630765
0.927533
0.914574
0.0656632
-0.739025
0.527219
0.329773
0.921074
0.915621
-0.156793
-0.799767
-0.698199
0.226292
-0.880451
-0.989347
-0.528452
-0.166355
-0.946269
-0.753848
0.968396
0.245972
0.50124
0.390347
0.708255
0.0306225
0.379158
0.73596
0.938789
-0.0871941
0.0856509
-0.611767
0.296306
0.0668018
-0.837829
0.67505
0.31749
0.292369
0.929458
-0.149833
-0.869114
0.244094
0.074539
0.0586492
0.422716
-0.04719
0.921418
0.573852
-0.170847
0.658672
-0.791174
-0.53675
-0.141371
0.106277
0.821816
-0.996241
-0.660176
0.192777
0.330006
-0.0106514
-0.321907
-0.349425
-0.70497
-0.684849
-0.355864
0.555844
0.959838
-0.885336
-0.624707
-0.107409
-0.483275
-0.621419
-0.765935
0.99136
-0.356346
0.283606
0.820333
0.887943
-0.0602883
0.508216
-0.890398
0.998008
-0.367796
-0.141133
0.424296
0.0391016
-0.981791
0.91254
0.0241257
0.646554
0.790477
-0.777801
0.957951
0.0358976
0.696489
0.29559
-0.389043
0.936688
-0.82386
-0.675267
-0.598317
-0.0762864
0.730594
0.327175
-0.857389
0.677582
-0.0713596
-0.859055
0.928612
-0.340317
0.602387
0.605221
0.346825
-0.194995
-0.290864
0.0587271
0.537687
0.709534
0.486808
0.893635
0.576569
0.326087
-0.919991
-0.316232
0.550708
0.319907
0.919419
0.738287
0.713201
-0.66802
0.278012
-0.141493
0.334749
-0.588375
-0.229546
-0.115651
0.924271
-0.726766
0.382192
0.81916
0.377986
0.66106
0.273601
-0.562434
-0.722553
0.0448231
0.58797
0.889681
-0.65949
-0.384205
-0.95746
-0.955825
0.705386
-0.126136
0.534306
-0.480604
0.284936
-0.866721
-0.964247
-0.290715
-0.514144
-0.912547
0.627417
0.993502
0.599178
0.673991
0.333593
0.502254
-0.906742
-0.929247
0.38893
0.663777
-0.414848
-0.915744
0.728899
-0.576866
0.504469
-0.099678
-0.252174
-0.621446
-0.591701
0.120397
0.16336
0.425976
-0.0343815
0.522882
0.372083
-0.86692
-0.874114
-0.357912
0.60903
0.141611
0.868202
0.41622
-0.779166
-0.55622
-0.421372
-0.708215
-0.919003
0.960479
0.76189
-0.712166
0.475085
0.465494
0.599138
-0.604916
0.0596929
-0.467939
-0.929333
-0.696048
-0.389529
-0.601479
-0.452293
-0.105332
-0.986573
-0.130396
-0.0596838
-0.14652
0.257824
-0.267709
-0.534088
0.665991
0.805029
-0.819403
-0.125333
0.501985
-0.50558
-0.55749
-0.365929
0.849901
-0.969885
-0.487771
0.115725
-0.328834
-0.592591
-0.506134
-0.67438
0.157021
0.421996
-0.398639
-0.782998
-0.964602
0.54493
-0.976274
0.363968
0.694584
0.0985177
0.635453
-0.451911
0.805713
-0.964571
0.462571
0.965705
0.279001
-0.221863
-0.919622
0.874264
-0.591368
-0.628425
-0.351364
-0.610085
-0.374474
-0.1323
0.999289
-0.304275
-0.639849
0.512145
-0.595543
-0.0470638
-0.288704
0.719102
-0.121257
-0.45977
0.27957
-0.556933
0.655825
0.270831
-0.500468
0.980189
-0.161905
-0.85133
-0.0130338
-0.109588
-0.106696
0.283362
-0.861446
0.760571
-0.855002
-0.736105
-0.0323063
-0.0949692
-0.534179
0.72441
-0.797961
-0.754121
-0.897165
-0.866943
0.175597
0.418672
-0.643232
-0.137979
-0.622016
-0.2166
-0.381501
-0.396288
-0.817896
0.302149
0.119878
-0.771551
0.237356
0.6792
-0.948411
-0.0580236
-0.117626
-0.233913
0.690248
-0.348076
-0.967968
0.404926
0.395056
-0.970663
0.226716
0.697396
-0.107111
-0.253823
0.891653
0.917765
0.199103
-0.911263
0.472919
-0.527301
-0.212389
-0.150199
0.557331
0.815286
-0.320352
0.890425
-0.827654
0.251917
0.934764
-0.113551
-0.467479
0.944957
-0.60401
0.562263
-0.0536285
0.768356
-0.0545204
0.88009
-0.649992
-0.759281
0.178621
-0.134727
-0.324996
0.856539
0.98318
0.596572
0.61448
-0.236006
0.372415
-0.496624
0.135935
0.502736
0.747227
0.426737
0.356553
0.857025
0.81858
0.06887
0.859813
-0.126172
0.981499
-0.893273
0.806451
0.325044
0.0113133
0.918888
0.816124
0.757541
-0.62323
0.0631828
0.836681
-0.122344
-0.0549004
0.959344
-0.692215
0.236694
0.189353
0.164672
0.398656
0.263722
0.256493
0.512904
0.535691
-0.0720805
0.54881
0.322433
0.249973
-0.150012
0.0914179
-0.934005
-0.803944
-0.682735
-0.463651
0.953143
0.476255
0.0443002
0.576167
-0.887978
0.737275
0.747287
0.981198
-0.275687
-0.753099
0.468335
-0.380739
-0.182526
-0.110392
-0.353688
0.077086
0.679243
0.423881
-0.567492
0.62298
-0.126037
-0.148742
-0.239906
-0.721961
-0.844881
0.758678
-0.554769
0.167159
0.399792
-0.935404
-0.237645
-0.259658
-0.477699
-0.936067
0.21093
-0.190265
-0.611347
0.221465
0.00181517
0.228085
-0.653372
-0.746012
0.886744
-0.258095
-0.970455
0.377513
-0.556354
0.186222
0.690996
0.63817
0.650723
0.854692
-0.39882
-0.523012
-0.949231
-0.522357
-0.00106877
-0.940135
-0.506714
-0.100598
0.65719
0.414135
0.631092
-0.785759
-0.814204
0.927355
-0.315479
0.589922
0.972148
0.463974
0.293483
0.114047
0.67168
0.853125
0.916477
-0.83219
-0.977778
0.909594
0.813859
-0.38157
-0.250896
0.0725608
-0.701255
0.535799
-0.0992045
-0.340703
-0.782651
-0.426117
-0.211237
-0.644724
-0.827176
-0.415783
0.82468
-0.684959
-0.782379
0.931144
0.0586086
0.480252
0.785997
-0.947991
-0.430207
0.526129
-0.349804
-0.572912
0.048577
0.693277
0.339202
-0.964129
0.477653
-0.693632
-0.993636
-0.628561
0.670968
-0.822112
0.617793
0.157215
-0.78108
0.272039
-0.0562103
0.344831
0.782626
-0.196771
-0.00304924
-0.0261416
-0.951007
0.560025
-0.784339
-0.682558
0.734934
-0.727464
-0.60814
-0.807169
0.850679
-0.0884763
-0.0934709
0.91424
0.244061
-0.422135
-0.412592
-0.693084
0.957243
0.198705
-0.04603
-0.170187
0.393288
-0.333125
0.146915
0.615736
0.0116262
0.390797
0.0980798
-0.916099
-0.0416269
-0.477711
-0.250495
0.310984
0.219203
-0.759492
0.614408
-0.518885
-0.200386
0.267053
-0.526053
-0.828066
-0.261569
-0.920032
-0.717695
-0.89862
-0.884942
0.0892526
-0.204636
-0.188335
-0.239055
0.402825
-0.849833
-0.973365
0.106547
-0.396294
-0.458341
-0.304316
0.325014
-0.618516
-0.100922
-0.813858
0.235035
-0.614949
-0.264583
0.40314
0.790112
-0.0399072
-0.67141
0.885006
-0.947749
0.385691
0.0268982
-0.132939
-0.623846
-0.217313
0.811961
-0.29273
-0.748875
0.385031
0.389533
-0.00143665
-0.623567
-0.105757
-0.42137
-0.676954
0.268802
0.655257
-0.140632
-0.0499432
-0.00170656
0.0968439
-0.149213
-0.393849
0.445701
0.569353
0.167944
0.0315856
-0.200186
-0.345155
0.351499
-0.166967
-0.17725
0.409245
-0.995893
-0.561039
0.321997
0.090726
-0.159958
-0.278567
0.831585
0.208545
-0.410883
-0.0621658
0.268151
0.450208
-0.285291
0.0422036
-0.376201
-0.427916
-0.247291
0.836034
0.290987
-0.761365
0.641016
0.375641
0.534595
0.285819
-0.6609
0.860025
-0.228348
0.117368
0.694053
0.135653
0.851411
-0.837222
-0.654124
-0.624114
0.837918
-0.455494
-0.75541
0.56925
0.105561
-0.775223
-0.640404
-0.969253
-0.21198
-0.653874
-0.33714
0.63798
-0.984308
-0.623416
-0.391339
0.579064
-0.947955
0.13903
-0.527928
-0.649246
-0.788801
0.607494
0.965351
-0.0907181
0.100964
0.690143
-0.993907
0.863666
0.136643
0.466961
-0.478735
-0.00988198
-0.515897
0.75219
0.288011
-0.228922
0.350144
0.292083
-0.0239895
0.757845
-0.147523
0.530163
0.543746
-0.172579
-0.0400784
-0.537583
-0.244157
0.107755
-0.267408
-0.251044
-0.707908
0.426802
0.0152194
0.438512
0.787396
0.162838
-0.254981
-0.0577296
-0.434752
-0.522689
-0.788505
-0.710933
0.299855
0.0711683
-0.777063
0.70555
-0.0855516
-0.267212
0.542614
-0.935746
0.204454
-0.496261
-0.341329
0.283404
-0.495067
-0.0163951
0.384971
-0.844953
0.504095
0.629806
-0.473129
0.741973
0.86314
0.851849
-0.146611
-0.534823
-0.179323
-0.335093
0.0598606
-0.788379
-0.0433361
0.613238
-0.209017
-0.130527
-0.448937
0.941311
-0.313197
-0.650148
0.219376
-0.563494
-0.618248
0.588093
0.969288
0.103164
-0.273124
-0.974236
-0.222894
0.40407
0.362717
0.602931
0.754516
0.290604
-0.953165
0.605342
0.0989809
-0.580694
-0.585304
-0.292133
-0.0362756
0.877591
0.604459
-0.260214
0.458096
0.40712
-0.237814
0.399114
-0.832333
0.850666
-0.104262
0.812497
0.538864
0.901612
0.488833
-0.269816
0.347723
0.995681
-0.187923
-0.147345
-0.278016
0.942652
0.744186
0.437133
0.312097
-0.322244
-0.0729141
-0.663089
0.673463
-0.689339
0.0028513
-0.650274
-0.5092
0.184087
0.93515
0.220484
-0.447211
0.853142
-0.837394
-0.2323
-0.888524
0.910329
-0.110211
-0.0270364
0.562416
-0.205183
-0.225154
0.970051
-0.435556
0.809591
-0.239501
-0.00330128
-0.0436451
-0.104718
0.623654
-0.91255
-0.293649
-0.839867
-0.214291
-0.090386
-0.15749
-0.418456
-0.523556
0.981992
0.97785
0.446281
-0.607768
-0.909522
-0.204686
0.330654
0.519725
-0.660423
0.663077
-0.637897
0.611922
-0.147565
-0.450011
0.744413
0.000823677
-0.654797
0.515925
0.823708
0.581447
0.832786
-0.682445
0.754077
0.960232
0.594559
-0.496924
0.88162
-0.839032
0.52665
-0.36293
-0.871429
0.0341376
0.828907
-0.702017
-0.261238
0.416091
-0.371262
-0.457404
-0.194244
0.242203
0.264358
0.898608
-0.756873
0.986718
-0.0381544
-0.655596
0.839865
-0.245761
-0.389207
0.0939133
-0.941325
0.764229
0.24507
0.137926
-0.403027
-0.634933
-0.330569
0.371552
0.596916
0.533311
-0.543666
-0.499411
0.434682
-0.178388
0.432545
0.458392
0.672019
0.444687
-0.233801
0.233605
-0.686302
0.856248
-0.642053
0.800589
-0.318574
-0.234161
-0.202947
-0.0647968
0.065471
0.594177
-0.744829
-0.45875
-0.500171
-0.114161
-0.438646
-0.876653
-0.0631153
0.328602
-0.0446639
0.808219
-0.152577
0.621404
-0.714111
0.86538
0.2536
0.311314
0.496917
-0.482425
0.712527
-0.421024
0.841521
0.660319
0.733668
0.70362
0.370765
-0.0536771
0.986517
0.372231
0.275618
-0.762146
0.425995
0.0119925
-0.978888
-0.826854
0.67005
-0.947123
0.534726
0.495974
-0.159469
-0.569875
0.53541
-0.208652
-0.211005
-0.256581
0.210759
0.327139
-0.917036
-0.477366
0.490554
-0.669128
0.434111
-0.627025
-0.908189
0.0112703
0.63989
0.164812
-0.639714
0.0511135
-0.771241
-0.0757141
-0.726679
0.150132
0.358065
0.329366
0.890889
-0.712683
0.741873
-0.513183
0.522589
-0.929559
-0.30397
-0.18123
-0.769994
0.281265
0.971626
0.0518335
0.849028
0.280244
-0.822848
0.967393
-0.383008
0.503803
-0.956804
-0.6502
-0.595261
-0.431876
-0.324857
0.913919
0.250175
-0.104865
0.553705
-0.323372
-0.564
-0.633654
-0.8617
-0.139025
-0.178313
0.721438
-0.281581
-0.381332
0.950249
-0.292303
-0.588724
0.609504
-0.635911
-0.639569
0.672312
0.583168
-0.65238
-0.702796
-0.701809
-0.0324259
0.198451
-0.156688
0.557338
0.995661
0.903533
-0.605812
-0.0164163
-0.385521
-0.81799
0.86753
0.857511
-0.351936
-0.984457
-0.616775
0.387914
0.476188
-0.603034
0.050034
0.198519
-0.998739
-0.742997
-0.0200157
-0.439301
0.636763
0.25197
-0.957236
-0.335728
0.0398261
-0.772326
0.235035
0.460381
0.646814
-0.951023
0.930345
0.580442
-0.804848
-0.209374
0.810438
0.993558
-0.576727
-0.427472
0.403307
-0.856166
-0.770506
0.763102
0.221868
0.622992
0.569508
0.111449
0.447335
-0.575906
0.240156
-0.460103
-0.675047
0.521749
-0.252182
-0.823581
0.571675
0.536289
-0.48975
-0.667092
0.528697
0.721378
0.196159
-0.883384
0.363495
-0.441341
0.326295
0.828795
0.942401
0.243838
0.160579
-0.0959293
0.906056
-0.361464
0.225256
0.719299
0.466587
-0.0366265
-0.540867
0.426644
-0.269862
0.310679
-0.00919804
0.0404647
0.926229
-0.918673
0.841378
-0.266018
0.728884
-0.719725
0.905632
0.815304
0.170117
0.166231
0.687031
-0.0960102
-0.834511
0.228826
0.107753
0.413691
-0.39048
-0.198697
-0.934272
0.50326
0.267127
-0.451126
-0.774559
-0.704011
-0.27611
-0.0317213
0.39749
-0.643277
0.0797622
-0.716144
0.592887
-0.636219
0.764815
-0.82005
0.0679435
-0.23738
-0.0480838
0.405687
0.125495
-0.377622
-0.3283
0.66456
-0.482413
0.616367
-0.295251
0.626816
-0.0247542
-0.879545
-0.389887
0.49005
-0.683296
-0.236751
0.601542
-0.552227
0.792818
0.599423
-0.00376539
-0.403334
-0.441405
-0.197741
0.388486
0.606527
-0.488082
-0.797968
0.356233
0.23082
-0.659111
0.689188
-0.72674
0.89726
-0.57837
-0.0983714
-0.121824
-0.13114
0.742687
0.251716
0.285044
-0.867424
-0.878402
-0.707864
0.845862
-0.97569
0.334102
-0.522638
-0.0935251
0.839582
0.360231
0.659237
0.139935
0.243729
-0.16836
0.302314
0.252117
-0.505852
0.861487
-0.675254
0.177974
0.0287583
-0.916795
-0.568823
-0.882104
0.435007
0.325903
-0.676616
-0.618286
-0.8936
-0.754273
0.485351
-0.954257
0.0393929
0.448622
-0.0278064
-0.752636
-0.957213
0.164175
-0.467046
-0.705409
0.239494
0.728538
-0.312476
-0.235037
0.664582
0.903423
-0.203678
-0.0711994
-0.367474
0.767755
-0.450018
0.44302
0.663557
0.680452
0.375808
-0.184632
-0.432827
-0.797009
0.895463
-0.621789
0.73026
-0.706228
0.503951
-0.16282
-0.131459
0.437673
-0.834099
0.27795
0.9334
0.267497
0.985648
-0.327349
0.0211358
-0.379485
-0.637435
0.459566
0.7493
0.710317
0.413816
-0.22727
0.918434
0.937327
0.726968
-0.950916
0.289621
-0.118892
-0.623361
-0.235853
0.753379
0.0714003
-0.811706
-0.704555
-0.456176
0.57052
-0.210406
0.507294
-0.898856
0.219191
0.746248
0.413428
-0.488228
-0.956295
-0.14498
-0.0754168
-0.127092
-0.93744
0.966026
0.96215
0.636131
0.401783
-0.486378
-0.808349
0.305022
0.703367
-0.9543
0.347441
-0.00168318
-0.540387
-0.199406
0.732118
0.209925
0.444531
0.140491
0.753983
-0.855524
-0.655522
0.661271
0.771627
0.20578
0.709978
0.69765
0.657021
-0.544389
0.504732
-0.613468
0.997688
-0.594831
-0.370924
0.288117
-0.982539
-0.855976
0.394804
0.407373
0.198704
0.472165
-0.182056
0.675818
0.955133
-0.560389
-0.690992
0.0790586
-0.934515
-0.701891
0.521678
0.14786
0.43596
-0.0414996
0.625751
-0.960342
-0.251051
-0.207857
0.52841
-0.869732
0.77621
-0.752577
0.4123
-0.753068
-0.369712
-0.633156
0.831516
-0.947333
0.836581
0.894064
0.527156
-0.934561
-0.588443
-0.670858
-0.857625
-0.103876
-0.970001
-0.146992
-0.713906
-0.605259
0.522941
-0.988631
-0.15019
0.443576
-0.910289
0.17608
-0.201291
-0.236974
-0.490985
-0.491735
-0.108956
-0.118856
0.274014
0.986728
-0.010068
-0.713746
0.730917
-0.893098
-0.147622
-0.331069
-0.337503
0.694082
-0.335364
0.849794
0.908229
0.368294
-0.333865
-0.774943
0.838521
