0
0
0.0869892
0.608111
0.303615
-0.321683
0.714491
0.805164
-0.318205
0.318366
0.9136
0.880027
0.753812
-0.374636
-0.334065
-0.670204
-0.41314
-0.114482
-0.444113
-0.02599
-0.626069
-0.218556
-0.107553
-0.607318
0.670307
0.699852
-0.827644
-0.857756
0.0758318
0.136545
-0.491228
0.900459
0.222595
0.544623
0.474654
0.316305
0.391257
0.414002
0.189705
0.0365696
-0.272963
-0.812484
-0.535162
-0.194807
-0.166056
0.782974
-0.715764
-0.377567
-0.882865
-0.675771
-0.782276
0.828448
-0.0328426
-0.503013
-0.846278
-0.732944
-0.862863
0.0636781
0.193146
0.327099
0.602082
-0.509322
0.949278
-0.144546
-0.639749
-0.90954
-0.270225
0.113059
0.852047
0.676891
-0.624163
0.966825
0.51736
0.810932
0.0423462
-0.37766
-0.599846
-0.424668
0.229694
-0.897789
0.104723
-0.632774
0.310389
0.170411
0.715853
-0.792994
0.134778
-0.604067
-0.264541
0.309345
-0.0655787
-0.135323
-0.027899
0.692586
-0.273929
-0.411679
-0.0153748
-0.355241
-0.544338
-0.434711
0.703252
0.974124
0.214153
-0.940697
0.964688
-0.328474
0.409712
0.808251
-0.948757
0.0609256
0.0425454
0.99834
0.561082
0.0411625
0.608991
0.98042
-0.948444
0.64784
0.682676
-0.317493
0.861635
0.380682
-0.00995738
0.777359
0.375472
-0.0782276
-0.297304
0.0480751
0.685783
0.754766
-0.689734
-0.193939
0.241506
-0.0465872
-0.54988
0.716071
-0.873636
0.432286
0.200271
-0.12635
-0.271448
-0.678109
0.344675
0.832226
-0.181926
0.00276595
-0.275165
0.947569
0.667816
-0.118584
0.617365
0.0257945
0.724554
-0.723602
0.800296
0.330109
0.391269
-0.281079
-0.0476141
0.376658
0.0229763
0.676302
0.530575
0.827301
-0.613066
0.43775
0.0174255
-0.225728
-0.494942
0.0253411
0.943274
-0.52019
-0.434196
-0.0299699
-0.139736
0.945421
0.449792
-0.928012
0.327652
-0.316527
-0.0132216
-0.0351017
-0.407962
-0.856356
-0.103885
-0.950846
-0.727347
-0.824656
0.523853
0.872552
0.247409
-0.671403
0.820835
0.226281
-0.715041
-0.900181
-0.219452
0.690278
0.538389
0.258725
0.876629
-0.335373
-0.155149
0.770151
-0.210351
-0.615484
0.930972
0.606605
0.570397
0.149999
-0.661938
0.119434
0.557591
0.384369
-0.456125
-0.876744
0.597072
0.344455
0.94355
0.918211
-0.140988
0.859291
0.744523
0.61752
-0.704562
-0.72069
0.566085
0.460197
-0.0933067
0.00380126
-0.450406
0.309751
-0.917208
-0.427926
0.612057
0.679952
0.247096
-0.24446
0.27865
0.920062
-0.318698
0.136492
0.492881
0.945455
0.878584
0.748392
0.431624
0.525351
-0.374029
0.921207
-0.0850965
-0.00668436
0.545262
0.445351
0.324474
0.887192
0.854196
0.79157
-0.159512
0.0513284
0.470821
0.868395
0.553802
-0.44425
0.967664
-0.736101
-0.429513
0.294996
0.57701
-0.554203
0.14664
-0.673016
0.269825
0.429949
-0.0988415
0.155088
0.347079
-0.106439
-0.958518
0.277347
0.984132
0.163968
-0.823542
0.508114
0.663036
0.612781
-0.244542
-0.412516
-0.908271
-0.89132
0.412992
-0.944106
0.353058
-0.19365
-0.910133
-0.47017
-0.609862
0.758722
0.211746
-0.545943
-0.315518
0.667109
-0.273732
0.405214
-0.491502
-0.631438
0.98011
0.884597
-0.451336
-0.638846
-0.724475
-0.692353
-0.70645
-0.590306
-0.852037
-0.154677
0.111007
0.96557
-0.130882
-0.515214
0.00988546
0.027889
-0.51333
-0.819267
-0.139351
0.383713
-0.0225256
-0.665649
0.0718056
-0.452741
0.354399
0.0922976
-0.333545
0.351874
0.552498
-0.426919
-0.606576
-0.0715794
-0.706525
0.96275
-0.4791
-0.980049
0.157951
-0.719255
-0.254268
-0.615025
0.956204
0.388812
0.878418
-0.555905
-0.936487
-0.0300482
-0.864479
-0.953108
0.115204
-0.490118
-0.461561
0.0520613
0.927266
0.158982
-0.19995
0.404568
0.865135
-0.915196
-0.906625
0.391918
-0.797997
0.731435
0.263815
-0.101659
0.20772
0.0610962
-0.641837
-0.107894
-0.178521
-0.107988
0.511319
-0.344719
-0.996999
-0.346579
0.949363
0.741837
0.754051
0.850483
-0.98424
0.270528
0.199463
-0.232608
0.422023
0.694975
-0.210445
-0.168385
-0.973361
-0.49051
-0.635027
-0.313537
-0.917959
0.24629
0.0299637
0.532796
-0.856446
-0.208633
-0.650455
-0.823747
0.836403
-0.866945
-0.0233613
-0.81697
0.592489
-0.346919
0.426837
-0.781607
-0.153066
-0.295264
-0.0586848
-0.427568
-0.672441
0.992768
0.621155
-0.979625
-0.763153
-0.182185
-0.405105
0.405273
-0.673201
0.843914
0.230949
0.752266
0.654154
0.966577
0.22233
0.277861
-0.341801
-0.064607
-0.270024
0.794455
0.504845
0.424557
-0.370559
0.93534
-0.465821
-0.388837
0.485997
-0.910366
-0.957209
-0.68521
0.521936
0.13983
-0.531659
0.318578
0.480211
-0.779713
-0.399268
-0.743982
-0.219126
0.497904
-0.424228
0.229047
0.664628
0.385124
0.357111
0.80292
-0.000412547
0.291389
0.740456
-0.617639
0.717391
0.544559
0.523699
-0.0253693
-0.98491
-0.868143
-0.0639033
-0.0581894
-0.761367
0.130646
0.851235
-0.445071
0.0519842
-0.203634
0.218598
0.577087
0.0588163
0.0630526
0.333778
0.0901191
-0.82998
-0.977588
0.76199
-0.847814
0.620184
0.436211
-0.0988146
-0.608408
0.25638
0.783186
0.806466
0.0436112
-0.0391799
0.316871
0.902055
-0.77964
0.817771
0.0803497
-0.625566
-0.214787
-0.978659
-0.768418
-0.0291338
0.812791
-0.323024
-0.77843
0.756097
-0.314841
0.517714
-0.698494
-0.947301
0.0941143
0.116522
0.776513
-0.921902
0.172874
0.965639
0.399012
-0.0814004
0.269185
0.745551
0.316966
-0.0270396
0.914953
-0.297577
-0.0769668
0.0327622
-0.982734
0.00723249
-0.731823
0.371293
0.904302
0.0992682
0.985325
0.375263
-0.592107
-0.414289
-0.597904
-0.457793
0.51167
-0.45803
0.244172
0.964211
-0.734669
0.332059
0.678282
0.946213
0.10149
0.543125
0.352518
0.798854
0.627684
0.155974
-0.410763
-0.307003
0.142274
0.99354
-0.893565
-0.825082
0.795324
-0.536115
0.418747
-0.347522
-0.42171
0.626634
-0.337558
0.146588
-0.468014
0.899739
0.899556
-0.979136
0.596508
0.995843
0.141354
0.767708
0.206966
0.13741
-0.505254
-0.411986
0.400733
-0.824013
-0.48068
-0.998419
-0.533203
-0.495795
0.193199
-0.767687
-0.212801
0.422104
0.220679
-0.403849
-0.507728
0.951065
0.0813797
0.320383
0.294709
0.341916
-0.608591
-0.562748
-0.104125
0.13228
-0.626348
-0.182836
-0.797587
0.611956
0.39365
0.349636
0.617324
0.701967
-0.015553
-0.958814
-0.355763
-0.687081
0.951186
-0.68128
0.373161
0.220024
0.98956
0.894567
0.357151
0.597991
0.0209355
-0.133712
-0.887387
-0.363338
-0.88195
-0.737932
-0.273199
0.0963426
-0.77011
-0.398627
0.114174
0.543099
0.868238
-0.887179
-0.211876
0.235981
-0.309129
0.0486426
-0.15649
-0.648223
0.482657
-0.0155543
0.933995
-0.189165
-0.462344
0.126694
-0.402238
-0.278537
0.650157
0.874249
0.548805
0.694761
-0.445828
0.689394
-0.788796
0.625985
0.938892
0.000716888
-0.907801
0.430255
0.966707
-0.63133
0.967225
-0.842629
0.144721
0.0853779
-0.90058
0.899457
0.130652
-0.750653
0.407684
0.584403
0.296364
0.477563
-0.317163
-0.277509
-0.485295
0.342759
0.128439
0.49249
-0.309163
0.127261
0.641547
-0.297847
0.785556
-0.89347
-0.247573
-0.786758
-0.511743
-0.330327
-0.672766
-0.505768
-0.460661
-0.504672
-0.480427
0.53265
-0.746717
0.0232095
0.261584
-0.592493
0.766589
0.191555
0.451795
-0.843673
-0.844752
-0.772194
0.903509
0.723991
0.576398
0.589171
0.254798
0.882442
0.599365
0.047113
0.523534
0.814185
-0.812534
0.766156
-0.461808
-0.411233
0.944758
0.73515
-0.288176
0.064498
-0.568787
0.281471
-0.7352
-0.67669
-0.129152
0.354169
0.944236
0.66594
-0.710837
0.530721
0.969266
0.871223
-0.00878771
-0.285468
0.425255
-0.00454768
0.612516
-0.503958
-0.561315
-0.383952
0.0189823
0.989939
-0.111008
0.194723
-0.00723846
-0.0103637
0.615331
-0.7669
-0.200219
0.203465
-0.841136
-0.68202
-0.00758611
-0.553035
0.995058
0.462804
-0.310445
0.482216
0.644057
-0.506805
-0.601181
0.896451
0.263839
0.712132
0.526798
-0.133093
-0.535565
-0.346728
0.0705421
-0.268322
-0.324019
-0.256616
0.0560529
-0.833337
-0.783191
-0.912854
0.232689
0.358028
-0.05577
0.526134
-0.972586
0.236262
-0.99918
0.268929
0.598542
-0.983077
0.88534
0.615775
-0.656598
0.651867
0.108386
0.627338
-0.105172
0.805727
0.441135
-0.538195
0.23
-0.0521136
0.351265
-0.197995
0.860627
0.663179
-0.862267
-0.513944
-0.451547
-0.458268
-0.44696
0.650313
-0.426356
0.830858
0.389953
0.0762277
0.125943
-0.53828
-0.582168
-0.856147
0.343296
0.928954
0.228896
0.89972
-0.593292
0.417998
0.00117765
0.448001
-0.564195
0.790896
-0.666298
0.420402
-0.105321
-0.07232
0.519395
0.307172
0.0988313
-0.75664
0.794542
-0.664084
-0.823534
-0.719852
0.00335062
-0.100387
0.841819
-0.617599
0.503955
-0.62683
-0.524505
-0.779148
-0.246906
0.271075
-0.780608
0.00440274
-0.842178
0.887225
-0.557543
0.854309
-0.225525
-0.235385
-0.674786
0.210024
-0.261502
0.934541
0.301461
-0.881657
-0.9823
0.702221
0.798061
-0.0643613
0.165206
-0.924128
-0.0609802
0.579112
0.578912
-0.902197
0.166568
0.875978
-0.657257
-0.0349118
0.78809
0.163698
0.432811
-0.376036
0.997777
-0.140212
0.690565
-0.20638
0.541965
0.922847
0.584411
0.201441
-0.983963
-0.193478
-0.764526
0.998571
0.777267
-0.082914
0.617734
0.179788
0.833436
0.743884
0.835261
0.168547
0.322854
0.877095
-0.733466
-0.0585357
0.728281
-0.39996
0.108484
-0.641943
0.164036
0.107572
0.848588
0.384862
0.856605
0.954383
0.884576
-0.189148
0.790947
-0.274385
0.840901
0.474459
0.368538
0.287663
0.230405
-0.97403
-0.601453
-0.730407
0.540681
-0.865709
-0.449376
0.126943
-0.0669576
-0.592274
-0.579988
0.763565
0.20154
-0.622195
0.42549
-0.719911
0.1474
-0.871992
-0.00126068
-0.383793
0.40445
0.919837
-0.884337
0.182526
0.0035511
0.138361
-0.86134
0.0133881
-0.068966
-0.396611
0.283987
-0.961498
-0.403174
0.210469
0.11379
0.653817
0.696259
-0.690493
-0.763459
-0.982117
0.938741
0.213318
-0.569414
-0.208568
0.752975
0.628125
0.55393
0.677789
-0.871694
-0.136906
0.857218
-0.437079
0.796326
0.819295
-0.688513
-0.40753
-0.114708
0.671385
-0.0909498
-0.442369
-0.122253
0.414588
0.280874
0.124282
0.155283
-0.487667
0.775249
0.714289
-0.99528
0.381682
-0.855611
0.355808
0.0955915
0.644376
-0.210728
-0.547624
-0.283188
0.971349
-0.289898
0.110526
0.57014
0.525958
-0.415059
-0.033769
-0.201383
-0.606414
0.656392
0.466027
0.706702
-0.469366
-0.19639
0.0100254
-0.32486
-0.421769
-0.425033
0.489936
-0.104145
0.0429075
0.0205138
0.032244
-0.45978
0.158732
0.484909
0.533902
-0.950086
0.94419
0.063838
0.592217
0.500676
0.0791139
-0.438055
0.147641
0.733829
0.61168
0.814961
0.545056
-0.408379
-0.0613212
0.96991
-0.840848
0.1435
0.0742573
0.643145
0.175024
0.0916624
0.818094
0.844253
0.274286
0.1511
0.495208
-0.338855
0.14182
0.062836
-0.586812
-0.247651
-0.995439
0.774365
0.648269
0.209366
0.958334
0.974285
0.695276
0.268948
-0.42913
-0.787501
-0.159022
-0.088751
0.985065
0.909287
0.831326
-0.592029
-0.334898
-0.13419
-0.633049
0.00650004
0.346205
0.470257
-0.22291
0.878451
-0.587978
0.8467
-0.993472
0.170113
-0.439459
0.388324
0.264357
-0.0629986
-0.558613
-0.39947
-0.794934
0.703341
0.098975
-0.677113
-0.706703
0.616875
0.195129
0.600488
0.921703
-0.143839
-0.176184
-0.850061
0.757502
0.233405
-0.411959
0.926214
-0.782669
-0.327531
-0.0310552
0.116153
0.461274
0.654397
-0.542221
0.118218
0.552501
0.284529
-0.702625
-0.0711481
0.453095
0.407081
-0.332573
0.0245067
-0.186223
0.916696
-0.89304
0.821957
0.320323
-0.583268
-0.211279
-0.126059
-0.471449
0.423632
0.832669
0.456062
-0.527217
0.458091
-0.1749
0.460311
-0.641856
-0.750591
-0.902667
0.55936
0.375065
-0.892003
-0.228392
0.936734
-0.301556
-0.0254843
-0.179667
-0.217199
0.545161
0.496126
0.0946011
0.526809
0.709445
-0.535551
-0.827083
-0.904364
0.350663
0.377259
0.110209
0.0209636
0.533155
0.479451
-0.315915
-0.569763
0.699087
-0.878786
-0.569171
-0.412098
0.158159
-0.710019
0.62704
-0.284286
-0.57376
-0.723854
0.671304
-0.717663
-0.888418
0.363235
0.359311
0.42181
0.0468554
-0.32905
-0.795202
0.154756
-0.943264
-0.987807
0.192751
0.908758
-0.513088
0.115948
-0.738303
-0.913307
-0.12041
-0.675529
0.148425
0.238186
0.823596
0.473828
0.600979
-0.363208
-0.470535
-0.549998
0.885883
0.0519511
-0.772055
0.7175
0.605948
-0.325818
0.240344
-0.708838
-0.15311
-0.620014
0.438602
-0.404074
0.671186
-0.183202
-0.927929
0.0981186
0.602528
0.954246
0.269219
-0.285752
-0.917149
-0.283823
-0.0613017
0.39801
-0.532135
0.287271
-0.137247
0.683042
-0.287865
0.422249
0.636193
-0.815579
-0.0123596
-0.998589
0.491768
0.0978437
0.142635
-0.866485
0.978232
-0.630987
-0.444763
-0.858162
-0.275259
0.36724
-0.317307
-0.0533891
0.673605
0.780483
0.328269
-0.586181
-0.839972
-0.00678984
0.370459
-0.99228
-0.270264
-0.736545
-0.678395
0.23306
0.0835822
0.517827
-0.958044
0.0404249
0.58055
0.590778
-0.069699
-0.50908
-0.00676495
-0.705388
0.471435
-0.283137
0.771481
0.381229
-0.970544
0.814685
-0.280892
-0.686473
0.0848166
0.149528
-0.66109
0.947771
-0.595753
-0.445008
-0.502325
0.138162
-0.3448
-0.392503
-0.0178166
-0.899135
0.269517
0.212546
0.246049
-0.32807
0.499033
0.33949
-0.440217
0.870913
0.14066
-0.256221
0.922985
0.612388
0.607566
-0.679999
0.210917
-0.170864
0.374525
0.102791
-0.0421357
0.277376
-0.95804
-0.745217
0.586678
-0.0781763
-0.66472
-0.848635
0.768081
-0.76786
0.240475
0.203742
0.556796
0.569154
-0.453362
-0.455469
-0.903545
-0.296624
-0.974194
0.376472
0.374372
-0.108554
-0.835238
-0.477409
0.647457
-0.952945
0.0738733
0.221159
-0.565667
-0.48192
0.072711
-0.380174
-0.681686
-0.935287
-0.886194
0.121085
0.718136
0.342068
0.841515
0.984559
-0.539059
0.74549
0.807595
0.282169
0.738367
0.629552
0.411192
0.986834
0.653101
-0.384186
0.556562
0.5446
-0.456856
0.128566
-0.0371406
-0.830036
-0.460197
-0.00149659
0.675095
0.0466574
0.598105
0.40215
-0.838964
-0.590235
0.59125
-0.728203
0.122179
-0.491316
0.17768
0.0227886
0.0111987
0.68197
-0.780591
-0.114658
-0.966339
-0.0740009
0.0671953
-0.357114
0.930592
0.440729
0.271711
-0.9801
-0.110496
-0.119754
0.136441
0.197698
0.13356
0.404223
-0.0111858
0.629541
-0.305948
0.63851
-0.0293774
-0.317515
-0.0931581
0.947556
0.608913
-0.199407
0.210354
0.819436
0.0494395
0.911564
-0.0877799
0.358678
-0.838916
0.494834
0.400432
0.622906
-0.51937
-0.0204162
-0.566774
0.430154
0.590657
0.158778
-0.254272
0.0135793
0.634398
0.250288
-0.265472
-0.691137
0.156823
0.968478
-0.764612
-0.574602
-0.715963
-0.281853
-0.219829
0.138804
0.238184
-0.728324
0.42866
0.388631
-0.519802
-0.909953
0.91776
-0.382141
0.797929
0.565556
-0.307927
-0.544412
-0.295429
0.127749
-0.471528
0.917422
-0.624209
-0.84616
0.596856
0.510693
-0.837962
0.844132
0.220343
-0.123417
-0.52183
0.180197
-0.673117
-0.716554
-0.592361
0.520368
0.639377
-0.187573
-0.893279
-0.185157
0.451836
-0.21312
-0.378961
0.86712
0.0597378
0.754744
0.517694
0.656515
0.71562
-0.990436
0.608713
-0.0419788
-0.207655
-0.729951
0.455025
0.979735
-0.814773
-0.798101
0.773851
0.962367
-0.487065
-0.869776
-0.290695
0.422942
-0.983069
0.563437
0.684416
0.985381
0.653905
0.583268
0.958627
0.231817
-0.615959
-0.490015
0.721105
0.368966
-0.188343
0.69693
0.551241
-0.466896
0.434332
-0.0622617
-0.392663
-0.633193
0.5138
-0.489511
-0.54006
-0.480221
0.108095
-0.197533
-0.710902
0.135267
-0.340405
0.61701
-0.388024
-0.636517
-0.925924
0.940664
-0.666115
0.756185
-0.794141
0.738609
0.821408
0.658495
-0.739887
0.786689
-0.167867
0.0717642
0.19531
-0.0897462
0.221968
-0.0263073
-0.565026
0.230789
-0.656787
0.356821
0.820402
-0.58759
-0.138606
0.581547
0.113944
0.446699
0.715081
-0.259494
-0.696947
-0.415467
-0.0515683
-0.531177
-0.794955
-0.50902
-0.429555
0.350701
0.0110673
0.232062
0.672179
0.0713067
-0.216133
-0.274526
-0.318248
0.54261
-0.0373596
0.0244631
-0.530228
0.119681
0.0236114
-0.898805
0.102084
0.45385
-0.541692
0.504217
0.922971
-0.911899
-0.917698
0.655451
0.38465
0.802244
-0.323698
-0.000581281
-0.36407
-0.209121
-0.0447518
-0.300519
-0.327122
-0.13563
-0.958103
0.466721
0.732791
-0.972446
0.460211
0.514335
0.677427
-0.986847
-0.467059
-0.64829
-0.650222
-0.496467
-0.0858288
0.520393
0.254008
-0.828368
-0.747688
-0.934941
-0.302026
0.76664
0.984234
-0.33946
-0.63456
0.193232
0.0160582
0.467108
0.755503
-0.925994
0.279101
-0.141945
0.650157
-0.761839
0.943714
0.928573
0.688861
-0.68479
0.430695
0.604001
0.191557
-0.660422
-0.658885
0.837169
0.691742
-0.308432
-0.207631
0.643348
-0.44395
0.357127
-0.317819
0.628053
0.0544666
-0.581296
0.548
0.589138
0.897944
0.490475
-0.83384
-0.683541
0.965573
0.959037
0.805876
0.156249
0.771993
-0.596824
-0.559315
-0.348327
-0.64865
-0.890979
0.679316
0.205218
-0.129107
0.109867
0.984668
0.445252
0.80005
-0.256694
0.45853
-0.849509
-0.78676
0.5881
0.881583
0.721675
0.689672
-0.333573
0.242518
0.314448
-0.0398415
-0.252537
-0.636075
0.15603
-0.771439
-0.288177
-0.862495
-0.266384
0.0966688
0.912665
-0.0626998
-0.195422
-0.201811
0.761182
0.0787547
0.283635
0.485689
-0.669586
0.280577
0.118711
-0.440683
0.705021
-0.761236
0.396088
-0.197675
-0.0475814
0.667481
-0.747047
0.619853
-0.528415
-0.787183
0.435997
0.727395
0.297452
0.302197
0.513071
0.218249
-0.280228
0.96539
-0.370404
-0.407936
-0.140686
-0.764075
-0.479913
-0.0493838
-0.551241
0.26912
0.68871
-0.479598
0.922359
0.135705
-0.560319
-0.901222
-0.919649
-0.0116893
0.375017
0.0572149
0.725763
-0.127709
0.882906
0.519769
0.825479
-0.236035
-0.478831
0.851319
-0.655697
0.405034
0.317581
-0.673565
0.438377
-0.98242
0.713632
-0.772699
-0.923694
-0.646531
-0.990594
0.507124
-0.465242
0.553657
0.251967
-0.482531
0.381055
-0.507857
-0.764159
0.0696108
0.435901
-0.238048
0.533265
-0.0473166
-0.907912
0.997956
0.837219
0.251179
-0.475871
-0.990126
0.645263
-0.0969785
0.750307
-0.922829
-0.28811
0.284527
0.8945
-0.83166
0.868708
-0.929337
-0.660079
-0.0515262
-0.610805
-0.803156
-0.182236
-1.32094e-05
0.739017
-0.780304
-0.631729
0.0574512
-0.127082
-0.276523
-0.743821
-0.062241
0.2791
0.302309
-0.129825
-0.598866
0.960612
-0.690932
-0.779952
0.872936
-0.0668608
0.112035
0.931286
0.812727
-0.0408825
0.510254
0.0525003
0.536331
-0.891083
0.776836
0.245114
-0.906723
0.564819
0.401637
0.417192
-0.3505
-0.981865
0.943015
-0.291403
0.15411
-0.807659
-0.995871
0.780987
-0.442107
-0.281541
-0.429112
-0.483688
0.40588
-0.886619
-0.705859
-0.736535
-0.0455066
-0.74481
-0.76573
-0.920994
0.251485
-0.267456
-0.0214072
-0.04967
-0.243328
-0.379215
-0.702447
-0.119747
-0.195932
-0.332642
0.947067
0.389708
-0.642428
0.648244
0.698557
-0.947479
-0.202668
-0.459994
-0.500446
-0.766131
0.53859
0.246934
0.374851
0.328223
-0.993666
0.0770424
-0.314885
-0.752701
0.1353
0.228411
0.95303
0.560641
-0.3187
0.248614
-0.400054
0.0163467
-0.476707
-0.483583
-0.156721
0.692053
-0.422222
-0.294293
-0.697976
0.275697
0.675701
0.596546
0.98571
0.0458605
0.236993
-0.0595537
-0.279674
0.435943
0.775295
0.672581
-0.456025
-0.119291
-0.739424
0.631308
-0.547643
-0.623729
-0.087979
-0.893421
0.600698
0.528508
-0.925466
-0.191627
0.343337
-0.857304
-0.217111
-0.57948
-0.636464
-0.810284
-0.395235
-0.089291
0.16815
-0.307514
0.103928
-0.543101
0.670895
-0.724302
-0.762876
0.0662909
-0.0704895
0.550767
-0.179705
0.413328
-0.370928
0.791928
0.307636
-0.465696
0.889836
-0.668036
-0.693716
-0.567575
0.818119
-0.370816
-0.417292
-0.300885
0.8789
-0.368446
0.349005
0.45704
-0.502836
-0.881626
0.682701
-0.0742132
-0.363675
0.655014
0.491332
-0.543523
-0.535891
0.231311
-0.696073
0.000668275
-0.695863
0.961362
0.210493
-0.814185
0.564364
-0.768667
-0.892791
-0.826571
-0.238042
-0.820922
-0.142784
-0.0217468
-0.828627
-0.980717
-0.778903
-0.102083
-0.318703
0.77777
-0.936324
0.297199
-0.742022
-0.953494
-0.005828
-0.262699
0.37912
-0.846424
-0.208134
0.000140591
0.453755
-0.26505
