0
0
0.582513
-0.0186118
-0.648507
0.574126
0.0122125
-0.98008
0.588193
0.461018
0.99078
0.768761
-0.451842
-0.741735
-0.131525
-0.734826
-0.388927
-0.73866
0.693026
0.436783
0.147903
-0.111237
-0.366743
0.75374
-0.923403
0.328052
-0.803551
-0.151572
0.813428
-0.328765
0.216561
0.682431
-0.0565688
-0.921489
0.295802
0.828016
-0.0922562
-0.100736
0.833535
-0.878846
-0.697687
-0.280838
-0.397058
0.498191
-0.325971
-0.0119218
0.29087
0.551743
-0.533201
0.928268
-0.173729
-0.417485
0.770775
-0.600342
0.659925
-0.872927
0.567401
0.546898
-0.962991
0.629106
-0.87401
0.914262
-0.432295
0.484676
-0.992894
0.252752
0.0922642
0.603688
-0.887759
-0.778012
-0.153294
-0.711292
0.732843
-0.615005
-0.855971
0.78171
-0.404144
-0.0141446
-0.163454
0.385273
0.607869
0.00497269
0.994068
-0.34593
-0.660902
-0.598908
-0.0328763
0.530207
-0.637799
-0.318643
0.201845
-0.161415
0.111615
0.48474
0.765467
-0.946688
0.281157
-0.861137
-0.290316
-0.456454
-0.137563
-0.486936
-0.215868
-0.0571993
-0.625937
-0.778051
0.295251
0.581682
0.651489
-0.668124
-0.0168614
0.30557
-0.539223
0.711887
0.169494
-0.572945
-0.521149
-0.0469814
-0.68065
-0.0599549
0.503538
0.213246
0.350493
-0.0268949
0.727191
-0.216848
0.442555
-0.685467
-0.806723
-0.0966376
0.0116658
0.68937
-0.616686
-0.00948225
0.924958
0.989049
-0.979807
-0.192483
-0.208759
0.680124
0.274702
0.00935365
-0.18965
-0.354814
0.216732
0.944898
-0.112258
0.23996
-0.374986
-0.197986
0.768915
0.591311
-0.878421
-0.980738
0.925156
0.438868
0.738721
0.267269
-0.709981
-0.873579
0.8547
0.665011
-0.993881
0.457997
0.0668396
-0.745368
-0.48263
-0.258433
0.265261
0.711872
0.27839
0.239517
0.604606
-0.563308
-0.470436
0.542722
-0.725063
0.129718
-0.996647
0.700835
0.440269
0.983864
0.922931
-0.13589
-0.60348
0.250857
0.516888
-0.140296
0.388348
0.971027
0.761911
0.6157
0.197407
0.500912
-0.984213
0.714148
-0.436086
-0.632657
0.562292
-0.490254
0.128414
-0.755161
0.610013
-0.297574
0.381153
0.331187
0.690395
0.183842
0.941245
0.95925
-0.938693
-0.319843
-0.0865641
0.161788
-0.681405
0.248894
0.115113
-0.796951
-0.434701
-0.416714
-0.714015
0.0885152
0.155915
0.11362
0.462544
0.186899
0.000831646
-0.34043
0.838349
-0.0568821
0.486284
-0.254968
0.118095
0.685679
0.255294
-0.208092
-0.875261
-0.947196
-0.607739
-0.798135
-0.477634
0.584929
-0.439863
0.128999
-0.814127
0.17665
-0.465462
-0.795678
-0.964247
0.405871
-0.537263
0.0724397
0.0999149
0.775604
0.213126
-0.875027
0.948204
-0.43349
0.671313
0.500023
0.976502
-0.587034
-0.586586
-0.0932528
0.792714
-0.940264
0.743994
0.0791656
0.892974
-0.79316
-0.577856
-0.724698
0.818615
0.299469
-0.296259
-0.623113
0.45668
0.262424
0.83602
-0.141718
0.585386
0.704289
0.570867
-0.285034
0.622393
0.796071
-0.681096
-0.22567
-0.863284
-0.26525
0.931593
-0.838815
-0.573949
-0.723582
-0.380965
0.338815
0.537393
-0.720696
-0.967888
0.171944
0.126023
-0.407982
-0.74252
0.948251
0.324644
-0.167957
0.101305
0.581366
0.870565
-0.804922
-0.526154
0.619648
0.789693
0.607155
-0.357069
0.661827
-0.317501
0.00518581
-0.950552
0.0168831
-0.469429
0.239785
-0.166763
0.824315
0.936021
0.882847
-0.00360724
-0.835695
-0.0998074
-0.763831
0.999711
-0.933469
0.973088
-0.861087
0.545718
-0.351625
-0.446764
0.932441
0.390022
0.690072
-0.637513
-0.758498
0.672676
-0.16974
-0.856844
-0.0910572
-0.534207
-0.503793
-0.00500258
-0.988387
0.470829
0.921758
-0.580959
0.615196
-0.848783
-0.217741
0.604918
0.013921
-0.280445
0.504297
-0.44931
0.115192
-0.435414
-0.383062
-0.819225
-0.28962
-0.145872
0.834746
0.288683
0.897706
0.351886
-0.288736
0.466754
0.558616
0.734062
-0.849936
0.997296
-0.710347
-0.492884
-0.349909
-0.269808
0.723411
-0.632475
0.577959
-0.175059
-0.272557
-0.0881947
0.22689
-0.702565
-0.795663
-0.0104822
-0.796332
0.268405
-0.862115
0.960523
-0.382855
-0.418731
-0.214022
0.603474
-0.875771
0.928618
0.113902
-0.720357
-0.214738
-0.15566
-0.277185
-0.429249
0.609148
-0.527228
-0.676375
0.406496
0.987401
-0.1425
0.504268
0.650664
-0.756747
0.0950733
0.753838
-0.959931
-0.415918
-0.917461
0.475042
-0.884995
0.415723
0.929342
0.386374
-0.169675
0.697975
0.185297
0.235116
-0.723202
0.578173
-0.913933
0.450837
0.403624
0.927954
-0.301012
0.952046
-0.490206
-0.442718
-0.485957
0.02642
-0.0515068
-0.703717
0.487319
0.0529754
0.157434
0.895768
-0.021816
-0.495508
-0.732763
0.65104
-0.725384
0.840788
-0.412976
-0.37129
0.102103
0.775091
-0.0882278
-0.226812
-0.425958
0.408869
0.753719
0.374439
-0.721866
-0.199625
-0.735669
-0.63101
-0.837693
0.845926
-0.0984246
0.0811469
0.820513
-0.368029
0.427413
0.485982
-0.596713
0.91704
0.342731
-0.895601
0.0711603
0.60217
-0.139671
-0.409048
0.251088
0.0787683
-0.263379
0.907023
-0.784792
-0.984913
0.734198
-0.458605
0.567003
-0.813112
-0.57137
-0.563642
-0.989553
0.584773
0.980311
-0.0138597
0.531345
0.631193
0.394549
-0.641926
0.741354
0.120245
0.264581
-0.771076
-0.55677
-0.964393
-0.889547
-0.403391
-0.108097
-0.143335
0.918152
0.683638
0.518561
-0.686299
0.0938747
0.526081
-0.967831
0.153323
-0.54116
-0.698348
0.437997
0.331478
-0.942433
0.260415
-0.870197
-0.752091
-0.919955
0.905136
-0.338826
-0.615575
0.377308
-0.36538
-0.700036
0.645857
-0.973919
-0.240993
-0.411471
-0.374901
-0.534673
0.998884
0.910869
0.188781
0.516257
0.411858
0.561884
0.0602083
0.432913
-0.647829
-0.85828
-0.605425
0.587614
0.242842
-0.902587
-0.509284
0.323346
-0.214971
-0.936249
0.407135
-0.532766
0.651967
0.380313
-0.0951135
-0.161747
-0.280251
-0.0964809
-0.584356
-0.984869
-0.709491
-0.133123
-0.790437
0.680319
0.713637
0.0791715
-0.29318
0.76752
0.0640768
-0.243057
-0.737375
0.194858
0.473787
0.179588
0.899873
0.877484
-0.0150085
0.821731
0.620997
0.627779
-0.778324
-0.479767
-0.264875
-0.785614
-0.422297
-0.270037
0.490582
0.364183
-0.987322
0.944353
-0.220146
0.524192
0.989615
0.40685
-0.456218
-0.851355
0.671432
0.20963
0.233469
-0.807025
0.173357
0.0698385
-0.691328
0.511612
-0.710279
-0.187201
0.819862
-0.623271
0.419158
0.828521
0.479139
0.149334
0.318875
-0.252637
0.736233
-0.191961
0.889856
0.320501
-0.84808
0.459915
-0.100357
0.989554
-0.651698
0.0764036
0.670521
-0.890268
0.587
-0.432149
0.635344
-0.430056
0.623309
0.388461
0.79535
-0.535304
0.119934
-0.25952
0.141263
-0.585024
0.214075
-0.447573
0.11404
0.692614
0.332629
0.352962
0.00624842
-0.0287229
0.612346
0.646973
-0.453106
-0.878826
0.384046
0.0691243
-0.923615
0.599216
0.172331
0.31348
-0.912932
-0.557687
-0.679892
0.914893
-0.692745
-0.636757
-0.135392
-0.983998
-0.71788
0.456972
0.460794
0.870608
0.271439
0.87736
0.135946
0.161234
-0.64584
-0.922391
0.343851
0.916466
-0.668961
-0.21368
0.197597
-0.0738193
0.721171
0.5237
-0.550529
0.725274
0.64715
-0.488488
-0.562768
0.782922
0.706637
-0.0138052
0.619319
-0.215923
0.440374
-0.428065
0.162994
-0.363041
0.485179
0.9902
-0.748715
0.032161
0.717899
0.941874
0.865321
-0.134079
0.67054
-0.818555
0.494591
0.367607
-0.651284
0.543219
-0.117232
-0.0944946
-0.998706
-0.380397
-0.96484
-0.399186
-0.171924
-0.845823
-0.203803
-0.952503
-0.105728
0.282797
-0.699632
0.796607
-0.00178858
-0.478169
-0.588791
-0.818832
0.158493
-0.356488
0.444979
0.141865
-0.389018
-0.051761
-0.264172
0.696791
0.168174
0.172912
-0.0786112
-0.536555
0.0899628
0.856067
-0.929361
0.308552
0.374036
-0.090654
0.857591
0.846771
0.904018
0.233135
-0.786625
-0.670216
0.166706
-0.975727
0.893886
-0.922971
0.541152
0.337221
-0.130008
-0.0780077
0.537707
-0.954084
0.469005
-0.471488
0.0132933
0.358593
0.204178
0.718223
0.0736398
-0.34904
-0.0809777
0.359417
-0.0404233
0.0533584
-0.706774
0.374707
-0.14781
-0.883676
-0.429075
0.688025
-0.893662
-0.832611
-0.175087
0.0877978
-0.54647
-0.44499
0.706328
-0.871638
-0.278139
-0.0558409
-0.282751
0.496576
0.6514
0.216228
-0.66255
0.00365767
-0.598144
-0.650188
0.878012
-0.355256
0.430959
0.186099
-0.980093
-0.853365
0.859272
0.704588
0.764022
0.185382
0.852344
-0.193984
-0.898327
0.859034
0.908717
0.222462
-0.888068
-0.452003
0.359259
0.316164
0.194354
-0.27197
-0.604852
0.475751
0.381243
-0.972727
0.466433
-0.524908
-0.151813
0.94529
0.555528
0.86054
0.215582
0.0516118
0.55473
-0.705029
-0.355874
-0.366537
-0.441607
-0.345104
-0.262411
-0.0458719
0.889471
0.691534
-0.311098
-0.656878
0.951337
-0.0825433
-0.5025
-0.570466
-0.602605
0.793271
0.414435
0.0709471
-0.23856
-0.298515
-0.223542
0.480071
-0.593012
-0.714177
0.788857
-0.372578
0.325882
0.864351
0.0395959
-0.406347
0.669633
0.185328
-0.319969
-0.515163
-0.116016
-0.384936
-0.367798
-0.954071
0.835289
-0.322551
0.0727332
0.0371736
-0.298415
-0.358958
-0.789267
0.191948
0.360272
-0.708674
-0.3081
-0.397111
-0.274222
-0.162974
0.54344
0.00863134
0.272726
-0.124579
-0.936771
-0.0351823
-0.284165
-0.723314
-0.758978
0.0607874
-0.814071
0.338798
0.150131
0.364087
0.3656
-0.52247
-0.788767
0.999781
-0.478061
-0.296342
0.491797
-0.362841
-0.268431
-0.997835
-0.743
0.864198
0.0701029
-0.668814
-0.0574428
-0.51021
-0.190091
0.640524
-0.870142
-0.15167
-0.609688
-0.180965
0.900686
0.0530134
-0.361263
-0.584412
-0.783247
0.771841
0.888991
0.284828
-0.323439
-0.370426
0.948257
0.845701
-0.0625385
0.0768307
-0.18492
-0.878604
-0.520724
-0.37971
-0.453398
0.484789
0.33808
-0.0833732
0.389484
0.313855
0.366696
-0.738099
-0.0685864
-0.228302
0.368915
0.100114
0.602864
0.777851
0.678087
0.664836
0.32251
0.434355
0.772213
-0.225074
-0.0777664
0.653729
0.323388
-0.0349996
-0.634266
-0.183726
-0.76021
0.548638
0.427613
-0.917862
0.399092
-0.324703
-0.179483
0.301512
-0.774164
-0.986923
0.253642
0.94102
-0.787154
-0.860632
0.389754
-0.743437
-0.0217937
0.82769
-0.938976
-0.0337388
0.776815
0.490715
-0.609793
-0.906264
-0.605201
0.78437
-0.097502
-0.867983
-0.130812
-0.520257
-0.220044
0.990381
0.379908
0.816236
-0.217229
0.981977
-0.435183
-0.75633
-0.246931
0.681149
0.0459078
-0.594849
-0.268993
0.855494
-0.214983
-0.737215
-0.165627
-0.522011
-0.634058
-0.440743
0.975806
-0.0160618
-0.0522246
-0.694088
-0.847916
-0.118908
-0.291436
0.463001
-0.501586
0.538004
-0.092512
-0.385153
-0.406309
-0.535887
-0.590125
0.786249
0.106239
0.985276
-0.17969
0.936413
-0.936593
-0.226138
0.399897
-0.726864
0.0625322
-0.621885
0.142137
-0.788915
0.0842303
-0.66214
-0.963389
0.963781
0.67938
0.162409
-0.106957
-0.360939
0.043264
0.445367
0.0302494
-0.299498
-0.791116
-0.597617
0.104154
0.717035
-0.972148
0.459618
0.965694
-0.596615
-0.337657
0.36851
-0.625587
-0.0454804
-0.854329
0.45203
-0.565448
0.257114
-0.148914
-0.382984
0.748239
-0.328909
-0.787135
-0.0863057
-0.190201
0.778202
-0.012716
-0.000701022
0.103096
-0.363165
-0.226276
0.722676
0.151865
-0.304959
0.779575
-0.679866
0.722869
-0.88073
0.613067
0.885574
0.294865
0.178598
-0.905282
-0.100503
-0.809742
0.887328
0.785292
0.0690795
0.995806
-0.714386
0.607804
-0.424297
0.492775
0.600374
0.833399
-0.382052
0.0245342
0.773561
-0.629835
0.696451
-0.336574
-0.776482
-0.738849
0.375542
-0.991519
0.366355
0.179917
-0.155072
0.172551
-0.84542
-0.0592533
-0.108916
0.173006
-0.156805
0.160815
-0.99478
0.546027
-0.599848
0.225323
0.418257
0.893037
0.257468
0.935844
-0.420943
-0.313136
-0.445825
-0.20106
0.603377
0.426336
-0.299773
-0.920138
0.624005
0.187857
0.350541
0.4876
-0.590553
0.0257551
0.973123
0.58773
0.0421255
0.18173
0.0657974
-0.803243
-0.567073
0.514091
0.805113
-0.434919
0.949536
-0.948812
0.658071
0.495568
0.354342
0.49186
0.843966
0.831604
-0.76791
-0.0987073
-0.0250573
-0.150337
-0.900881
0.576465
0.0972264
0.0871702
-0.734153
0.388717
0.53846
-0.773936
-0.120901
-0.552477
-0.656394
-0.474779
-0.189361
0.865938
0.307752
-0.0818763
-0.702401
0.97444
-0.332911
0.727349
-0.106567
0.128635
-0.289122
-0.942369
0.580235
0.0466869
-0.173329
-0.728071
-0.809619
-0.443032
0.778646
0.717342
-0.835586
-0.230603
0.989565
0.846625
0.190498
0.559646
-0.728005
-0.816475
-0.377534
0.0675762
0.36138
-0.448308
0.194296
-0.907097
-0.668586
-0.181166
-0.419277
0.715828
0.798169
0.772867
-0.768558
-0.0743625
-0.63265
0.0236561
-0.294067
0.617211
0.72116
0.415534
-0.143363
0.683296
0.752674
-0.187082
-0.217124
-0.832365
0.879431
-0.548819
-0.400176
0.161507
0.649286
0.241049
-0.00437089
0.300633
-0.578142
-0.0311946
-0.566887
0.853806
0.073118
0.644099
0.282577
-0.786722
-0.929401
0.479171
0.510396
0.655725
0.938814
0.653731
-0.417687
-0.951842
-0.671729
0.720712
0.782088
-0.60853
0.387119
-0.33498
-0.284478
0.115044
0.375497
-0.466014
-0.5481
-0.271042
-0.875888
-0.36701
0.0450403
0.488121
-0.727446
0.329903
0.149299
-0.258751
0.302359
-0.562699
-0.826494
0.0231451
-0.631823
0.162923
0.27217
-0.89838
0.695282
-0.0805652
0.00607054
0.143527
0.213647
0.998519
-0.106673
-0.925226
-0.78916
0.982951
0.621644
0.0807352
-0.826239
0.406255
-0.0918252
-0.758837
-0.7743
0.183256
0.473825
0.373452
0.212042
0.138892
-0.412754
-0.335987
-0.47129
-0.645157
0.880733
0.809842
-0.595404
-0.509592
0.450784
0.114262
-0.580592
0.855844
0.0835455
0.477344
-0.0357577
0.865461
0.891679
0.903571
-0.884089
-0.454876
-0.696668
-0.435703
-0.078236
-0.716093
0.108112
0.0285915
-0.660788
-0.478528
0.855261
0.00303046
0.0607278
0.441107
-0.480156
0.649164
0.593288
-0.193261
-0.258926
-0.385686
0.0831337
0.802053
0.656705
0.227684
0.370832
-0.169695
-0.101617
0.202356
0.337372
0.398343
-0.288841
-0.892956
0.665563
0.303331
0.241963
0.559693
0.972616
-0.588843
0.436967
0.177774
0.289794
-0.628287
0.196284
-0.0545118
-0.644078
0.445139
-0.106858
-0.222523
-0.985394
-0.654398
0.61522
0.950994
0.463773
-0.810262
0.218146
-0.0582556
0.500287
-0.645857
-0.697321
0.992052
0.928392
0.795183
-0.48538
-0.664546
-0.636014
0.641745
0.241433
-0.407692
-0.729367
0.643424
0.327637
-0.0718
0.504201
0.821125
0.077082
0.916151
0.783471
0.785901
0.145962
0.849049
0.549559
0.862712
-0.739501
-0.6437
-0.385571
0.183259
0.0950196
-0.62114
0.407478
-0.151354
-0.84482
0.416269
-0.660883
-0.064043
-0.290294
-0.975651
-0.761858
0.890348
-0.768813
0.126621
-0.607196
-0.538173
0.991353
-0.470937
0.79805
-0.0497745
0.142261
0.858981
-0.985835
-0.668786
-0.756882
-0.799683
-0.6599
-0.0770351
-0.694788
0.898731
-0.872121
-0.709978
-0.0334428
0.249993
0.510983
-0.661231
-0.117007
-0.539193
0.991834
0.765222
-0.835009
0.963053
0.0397013
-0.833767
-0.471873
0.561213
-0.63996
-0.699468
0.210672
0.971624
-0.0320979
-0.534354
0.337374
-0.426993
0.471996
0.229266
0.498486
0.939555
-0.629509
0.263137
-0.739169
-0.929725
-0.544785
0.61779
0.398734
0.398599
0.278617
0.155793
0.569322
0.511038
-0.746162
0.109704
0.564718
-0.150903
0.702029
-0.689967
0.67593
0.299878
0.261278
-0.770804
-0.800078
0.3812
0.0485231
0.139422
-0.080888
-0.344918
0.160778
0.0269535
0.882999
-0.358425
-0.716367
-0.695994
0.227032
-0.854264
0.195482
-0.649419
-0.614673
0.369862
0.0707781
-0.286744
-0.528798
0.543102
-0.439361
-0.782292
0.722799
-0.962911
0.192594
0.0877789
0.948343
0.0355648
0.120248
0.0024704
-0.0634327
-0.351658
-0.00656716
0.109049
0.00402154
0.852263
-0.680727
0.372412
0.285744
-0.137088
-0.622438
0.968827
0.0305185
0.00299466
0.535675
0.243231
0.495527
0.36334
-0.133414
-0.334548
0.509844
0.0986625
0.883296
-0.586545
-0.171318
0.83021
0.651
0.582031
0.658867
0.00175685
0.613171
-0.556541
-0.183526
0.500692
0.617088
-0.536736
0.1119
0.0233049
0.643364
0.25782
-0.00376038
0.503624
-0.726239
0.702123
0.43427
0.458355
0.0176093
-0.607561
-0.591549
-0.102989
-0.476428
-0.22171
-0.437497
0.00708704
-0.517024
0.138625
-0.702101
-0.858451
-0.189706
-0.354733
0.355288
0.804543
-0.259038
-0.902299
-0.235017
-0.874281
-0.356827
0.794555
-0.21077
-0.248835
-0.16657
0.967735
-0.155954
-0.457468
0.574398
-0.941014
-0.0156696
0.815975
-0.949492
0.00776777
0.0937921
0.683993
7.84234e-05
-0.479547
0.129486
-0.466918
-0.630469
-0.322239
0.400679
-0.0554943
-0.641419
-0.51374
0.477001
0.79024
0.355756
0.408566
-0.822953
-0.955742
-0.60149
-0.970967
-0.313006
0.794178
-0.382217
-0.233078
-0.804228
0.670066
0.771606
-0.124516
-0.544773
-0.981867
0.443568
0.0236663
0.406155
0.591113
0.0580875
0.936564
-0.69346
-0.959246
0.0561604
0.384881
-0.000903007
0.545644
-0.532845
0.439506
-0.0558669
0.737683
0.893521
-0.346333
-0.0518626
0.611599
-0.99651
-0.519601
-0.97505
-0.745074
-0.0627519
-0.732311
-0.423817
0.908877
-0.312006
0.177977
0.488657
0.687614
0.798514
0.227513
-0.565724
0.871234
0.0806073
-0.887304
0.250571
-0.226568
0.200177
0.1723
0.688582
-0.281869
0.391666
-0.0738398
-0.0660745
-0.261891
0.00762163
0.35513
0.916015
-0.686787
-0.187046
-0.391842
0.0462501
0.213022
-0.624468
-0.704405
0.361711
0.90839
0.52242
-0.692459
0.10612
0.561918
-0.287366
-0.848189
-0.115619
-0.170265
0.899431
0.553688
-0.359603
-0.517353
-0.199239
0.0938417
0.48303
-0.758471
0.994002
-0.255699
0.805452
-0.650884
-0.147123
-0.210186
-0.526858
-0.284186
0.874012
0.342585
-0.902927
-0.179507
-0.876729
-0.356305
0.526624
-0.910107
0.199212
-0.50006
0.374569
0.110105
0.554857
0.824445
0.0891332
0.248354
-0.855794
-0.271057
0.0114962
-0.27635
-0.159461
0.143858
0.988013
0.685927
0.4933
-0.215583
0.50366
0.504653
-0.42875
-0.802807
0.911011
-0.627373
-0.294479
0.815255
0.369209
-0.833069
0.563142
-0.0860507
-0.311903
0.43991
0.970133
0.27714
-0.471037
0.106682
0.00851824
-0.26568
0.126521
-0.446835
0.497679
0.29055
0.101797
0.0908822
-0.401662
0.0221506
0.638275
-0.743335
-0.552913
0.57067
-0.301258
0.173427
-0.989984
-0.661939
0.816666
0.748643
0.273127
0.759325
0.0403068
-0.679214
-0.762098
0.600861
-0.635413
0.835887
0.479424
-0.0370605
-0.615479
-0.223197
0.125896
-0.450095
0.64263
0.201179
-0.416294
-0.38977
-0.212491
-0.286118
0.632803
-0.890819
0.803503
-0.923766
0.822279
0.800299
-0.0312539
-0.505126
-0.883856
0.984108
0.554525
0.868236
-0.684565
0.0438187
0.625211
-0.190841
-0.341569
-0.712809
-0.140446
0.103906
0.640249
0.364954
-0.501217
0.174936
-0.836203
-0.127651
-0.250456
0.620914
-0.628794
0.486587
0.480412
0.24307
0.665381
-0.550849
0.823237
-0.304827
-0.795916
-0.32776
0.405484
-0.912944
0.834247
-0.72392
0.450198
0.697646
-0.510084
0.512723
0.896403
-0.00269531
0.544407
-0.661985
0.459336
0.576708
0.379055
-0.367595
0.717264
0.264263
-0.136245
-0.583666
0.227439
0.696359
-0.477014
-0.0498152
-0.657833
-0.966448
0.52651
0.161256
-0.175512
0.365196
-0.0580663
-0.659608
0.0827635
-0.161781
0.620579
0.909356
-0.725758
-0.579869
0.984413
-0.835792
0.136703
0.431552
0.382324
0.448356
-0.206354
-0.0353753
0.303014
-0.726534
-0.570199
-0.970254
0.510366
-0.417972
-0.389433
0.901763
-0.00477725
-0.356308
-0.922804
0.230775
0.441476
-0.73042
-0.462802
-0.696687
-0.0916849
-0.730558
-0.775087
-0.845851
0.852206
0.519908
0.428828
0.563377
-0.759349
0.153445
-0.177219
0.212995
-0.709126
0.871969
0.736898
-0.606928
-0.208592
0.112091
0.287678
0.245719
0.404186
-0.152513
0.392462
-0.12881
-0.717866
0.0824337
-0.453289
0.271907
0.26871
0.906497
0.881957
0.286774
-0.851506
0.351241
0.63183
-0.545478
0.612094
-0.260505
-0.0540885
-0.752192
-0.508262
0.499518
0.938953
0.535695
-0.161712
-0.553904
-0.319198
0.666186
0.706959
0.729195
0.978612
0.859398
0.524065
0.365074
-0.511236
-0.680416
0.955047
0.788419
-0.452439
0.215817
-0.98505
0.642095
-0.473725
-0.331447
0.566503
0.810721
-0.609581
-0.575177
-0.968013
0.842179
-0.949867
-0.799339
0.890113
-0.161141
0.148118
0.012758
0.308964
-0.355933
0.819853
0.407681
-0.848614
-0.121262
