0
0
0.982748
0.876612
0.479
-0.545083
-0.777572
-0.894997
0.637535
-0.559233
0.896734
-0.687215
0.666185
0.604569
0.536883
0.750879
-0.768894
0.928112
-0.6886
0.940421
0.547668
0.750901
-0.537043
-0.248535
-0.00644228
0.549112
0.83755
0.456955
-0.68744
0.367926
-0.0422885
-0.922313
0.954723
0.122264
0.301551
0.971582
-0.677442
0.196702
0.424359
-0.997948
-0.476702
-0.757356
0.527123
-0.45219
0.137123
-0.118807
-0.14812
0.993956
-0.584428
-0.608136
0.00550018
-0.32419
-0.315105
0.51529
-0.173279
0.295514
-0.431108
0.41761
-0.711975
-0.00164271
-0.65454
0.712954
0.0991992
0.767998
0.841615
-0.621601
0.0795377
-0.892867
0.25829
-0.600166
0.916443
0.683823
0.659661
-0.371081
-0.270273
-0.494359
0.162147
-0.421756
0.267143
0.282736
0.0766704
-0.654447
0.340256
0.449202
-0.496574
-0.655652
0.221949
0.626573
-0.287135
-0.915609
0.513639
-0.735763
-0.294935
0.290355
-0.490021
-0.735549
-0.648538
-0.308526
0.608382
0.806394
0.502729
0.613831
0.823522
0.791465
-0.88874
-0.385621
0.776466
0.223422
-0.148246
-0.818079
-0.515657
-0.317652
-0.878509
0.538487
-0.746785
-0.99998
-0.953721
0.829959
-0.255266
0.516777
0.530102
0.808878
0.0888694
0.665011
0.827657
0.06683
0.118078
0.629939
-0.91094
-0.569461
0.411897
-0.940977
-0.77053
-0.72408
-0.593091
0.266304
0.129338
0.95866
0.977692
0.334678
0.847698
0.0324101
0.206465
-0.248372
0.696619
0.29799
-0.0524652
-0.913765
0.71185
0.701984
0.400946
-0.338837
-0.324534
-0.446908
-0.370969
0.924374
-0.173952
0.237783
0.745806
-0.60896
-0.396707
-0.520944
-0.922648
-0.372348
0.594126
0.181071
-0.399488
0.378715
0.0774117
0.473271
0.90097
0.208208
-0.427395
-0.764994
-0.46938
0.237171
0.366357
-0.909404
-0.780076
0.690224
-0.341831
0.135845
-0.411102
-0.492136
0.825855
0.783228
-0.288628
0.516007
-0.70315
-0.595861
0.803101
-0.721576
-0.87223
-0.177712
-0.0103704
0.96433
-0.220662
-0.178854
-0.217621
0.414374
-0.242384
0.602622
0.703296
-0.971799
0.173127
-0.77666
0.0195696
0.268212
0.431992
0.290985
-0.535415
-0.507113
-0.341924
-0.45095
-0.326329
-0.793914
-0.636933
0.144013
-0.831163
0.401532
0.450981
-0.782612
0.118
0.329376
-0.594452
0.923599
-0.281146
0.887756
0.922283
-0.602349
0.342327
0.384603
-0.331798
-0.887208
0.0226313
-0.911196
0.329562
0.297299
-0.0826192
-0.117516
0.692973
0.344407
-0.578929
-0.738463
0.27396
-0.511748
-0.245741
-0.112871
0.257152
0.509746
-0.272185
0.99545
0.462154
-0.790296
0.309254
-0.613479
-0.626571
-0.629675
0.510546
0.191467
-0.274788
0.102836
0.0602131
0.478718
-0.245558
0.383366
-0.803335
0.83503
-0.775747
-0.708107
0.749625
-0.593274
0.58346
0.299113
0.478696
-0.396169
0.56328
-0.22577
-0.496512
0.632657
0.143951
0.30258
0.103992
-0.0103415
0.811925
0.817996
-0.642034
-0.91061
-0.253398
0.180945
-0.884717
0.639504
-0.548141
0.670841
-0.486323
0.240144
-0.31567
-0.516237
-0.676874
-0.573328
0.913707
-0.447635
-0.768386
-0.45942
-0.81985
-0.328372
0.381154
-0.541477
-0.0351094
0.358565
-0.1445
0.536866
-0.838243
0.152622
-0.490345
-0.663336
-0.489593
0.611147
0.93861
-0.725379
-0.152399
-0.104388
-0.220849
-0.0499234
-0.262453
0.344761
0.536991
0.154812
0.714461
0.892812
0.263193
-0.73931
-0.768799
-0.120044
0.252466
-0.985914
-0.64876
0.622159
-0.447586
-0.160152
-0.118421
-0.466892
-0.742432
0.783283
0.742067
0.109128
-0.547802
0.547682
0.719916
-0.00311386
-0.122654
0.230937
-0.43235
-0.947741
-0.827034
0.332683
-0.809448
-0.79432
0.442111
0.467282
-0.762645
0.591393
-0.692836
-0.835772
-0.140247
0.858725
0.977121
0.144193
0.982102
-0.938433
-0.173337
-0.805236
0.301023
0.403128
-0.894836
0.518213
0.382386
0.0351585
-0.0242121
-0.0694633
0.174026
0.460554
0.159986
-0.70467
0.0423484
-5.5281e-05
-0.910474
0.583051
-0.812108
0.0397543
-0.733272
0.655306
-0.397249
0.651935
0.255138
0.347104
-0.786559
-0.550623
0.783489
0.46726
0.540368
-0.17615
0.179843
-0.85247
0.597158
0.308744
-0.505439
0.569631
0.536477
-0.43019
-0.320233
0.380632
-0.0719421
0.554148
-0.53192
0.0476072
0.101264
-0.603365
0.136961
0.514159
-0.774714
-0.651899
-0.801019
0.619323
-0.758747
0.474427
-0.113469
0.462431
-0.0719369
0.725476
-0.890307
0.1068
-0.551104
-0.403063
0.515148
-0.484515
-0.61991
-0.426771
-0.47473
-0.300262
0.33356
0.894855
0.36478
-0.815278
0.800496
0.852354
-0.0184601
-0.400078
-0.600573
-0.756906
-0.383236
-0.254277
-0.0219281
0.487209
-0.269443
0.127376
0.535436
-0.607091
-0.804773
-0.200419
-0.519504
-0.652336
-0.705713
-0.230741
0.630483
-0.420086
-0.0840667
0.242334
-0.32166
0.796773
-0.967937
-0.168711
0.29395
0.708433
-0.227438
-0.651461
-0.832856
-0.790083
-0.92322
-0.83284
0.275851
-0.635487
0.166026
0.889395
-0.292804
-0.645695
-0.0754443
0.117487
0.378915
0.664502
-0.174666
-0.428912
-0.079576
-0.832371
-0.918037
0.967059
-0.399522
-0.299494
0.909308
-0.550624
-0.0202154
0.286019
0.516747
-0.00634745
-0.463255
0.114906
-0.612763
-0.78968
0.435743
-0.474169
0.737799
-0.502484
-0.403712
-0.607507
-0.00326479
0.883789
0.894775
0.111667
-0.651953
0.894546
0.50395
0.654831
0.776099
-0.947333
-0.000900979
-0.854841
0.476213
0.264537
-0.519309
0.149836
-0.706742
0.210243
0.946358
0.431833
0.673016
0.133162
-0.927176
-0.667821
0.144777
-0.793787
0.0890192
0.768273
-0.334033
-0.19001
0.943712
0.598404
0.0378751
-0.1569
-0.0671455
0.420565
-0.111705
-0.644514
0.673825
0.975736
0.49758
-0.240258
0.0586105
-0.428851
-0.615517
0.137916
0.145884
-0.346163
-0.948995
-0.900739
0.633227
-0.819476
-0.592649
-0.879921
0.349112
-0.145
0.0613723
0.187247
-0.290897
-0.706356
-0.623633
0.986441
0.393185
0.881739
-0.609004
-0.642124
-0.401666
-0.999333
-0.0796395
0.316411
-0.685384
-0.684137
-0.552929
0.350369
0.505309
0.633266
0.872156
0.367862
0.466549
-0.117209
-0.220583
0.409896
0.504627
0.0974227
0.0682049
-0.766086
0.336065
-0.839516
0.463684
0.499467
0.653221
-0.548578
0.171979
0.916609
-0.664208
0.0237791
-0.637447
0.906876
-0.831401
0.490661
0.201066
-0.648001
-0.515603
0.356802
-0.521965
0.516401
-0.973377
0.765048
-0.259276
-0.922609
0.872258
-0.328805
0.702146
0.496908
-0.810514
0.711168
-0.964957
-0.907944
-0.379647
-0.843748
0.799716
-0.900771
-0.695491
-0.355857
-0.798476
0.687558
0.0468805
0.513891
0.995466
0.323007
0.987174
0.189032
0.576583
0.66543
-0.812375
0.539382
-0.362853
-0.256164
-0.984364
-0.806727
-0.645864
-0.374032
0.320038
-0.186027
-0.468907
0.979193
-0.428053
-0.780444
-0.94431
-0.299297
-0.689153
-0.913594
0.873391
0.264036
-0.441384
-0.203911
-0.239177
0.59406
-0.782452
0.79982
-0.969172
-0.277679
-0.914375
-0.455842
0.56751
-0.061753
0.477953
-0.178963
0.420948
-0.188269
-0.287657
0.364973
0.794251
-0.895528
0.854832
0.141068
0.733431
-0.0599734
-0.901139
0.201239
-0.259568
0.765281
0.63197
-0.733029
0.332491
-0.871741
-0.554691
-0.620517
0.663278
0.465428
0.826786
-0.716524
0.412321
-0.828553
0.421062
-0.757357
0.899191
0.324518
0.212301
0.983488
-0.826348
0.0285382
-0.955031
-0.400077
0.259206
0.387249
0.925273
-0.606711
-0.491536
-0.480887
-0.776002
-0.636452
-0.827515
-0.981163
-0.830424
0.707788
0.484998
0.716744
-0.0235425
0.068672
-0.31756
0.596991
-0.62349
0.809378
-0.983209
-0.566043
0.315239
-0.129987
-0.334805
0.141994
0.535042
-0.340298
0.586299
0.228078
-0.66571
-0.158403
0.0934044
-0.395988
0.672865
0.415571
0.104992
-0.517132
-0.288442
0.246437
0.37228
-0.496394
-0.326567
-0.347798
0.27683
-0.137206
-0.997597
0.175564
-0.268098
0.898688
-0.876713
-0.185382
0.390738
-0.808019
0.567212
-0.00312246
-0.257743
-0.866116
0.168539
0.751312
0.842512
-0.107849
-0.705727
-0.72955
0.575305
0.915858
0.166779
0.433061
-0.231836
0.851547
0.538629
-0.665364
0.728144
-0.0535361
-0.989339
-0.812382
-0.65987
0.529402
-0.596542
0.129387
0.0266248
0.164969
-0.729803
-0.111863
0.119169
0.318932
-0.714276
-0.562944
-0.731051
0.387136
0.282512
-0.25969
-0.426519
0.488727
0.175864
-0.0632332
0.0666931
-0.353022
0.355282
-0.305307
0.0546456
-0.141926
-0.232513
0.05455
-0.661573
0.0429211
0.0109755
-0.225607
0.216217
0.579347
0.444386
0.837957
0.925029
0.435407
0.480951
0.180832
0.853981
0.214675
-0.825857
-0.418579
-0.379978
0.992564
0.516027
-0.376888
-0.0638728
-0.752846
0.507041
-0.39315
0.764197
-0.975462
0.332252
0.889215
-0.788275
0.261946
0.364777
-0.758343
0.485563
0.557414
-0.199502
0.628043
0.422386
-0.0269155
0.279589
-0.105436
0.939863
0.263821
-0.258143
0.776808
0.0344919
-0.857051
0.663066
-0.832514
0.357959
0.755427
0.401807
0.360972
-0.385767
0.983234
0.546523
-0.839829
-0.838615
0.875134
0.838599
0.517286
-0.17314
-0.170939
-0.269026
-0.952963
0.780165
0.950133
0.0909112
-0.624886
0.578971
-0.232758
0.691681
0.895604
-0.108349
0.588058
0.111539
0.713284
0.250346
0.385789
-0.952128
-0.307322
-0.206799
0.0523646
-0.204992
0.0504474
-0.571966
0.31607
-0.122589
0.830138
-0.31385
0.412324
0.642847
-0.178558
0.190397
0.947389
0.402497
-0.335887
-0.69769
0.578818
-0.604157
0.352677
0.0571374
0.409218
-0.304524
0.851403
-0.637914
-0.775595
0.977731
-0.494667
-0.712192
0.582434
0.412716
0.409837
0.62616
0.266679
0.381839
-0.543607
0.0680545
-0.0777694
-0.40289
0.357266
0.353223
0.0336066
-0.576975
0.173726
0.771247
0.772035
0.511978
0.688764
-0.881213
-0.69348
-0.478243
-0.29264
-0.545888
-0.542511
0.133913
0.958007
-0.790388
0.608787
-0.907871
-0.399831
-0.667101
-0.122398
0.175558
-0.452742
0.220628
0.861056
0.917633
-0.458413
-0.561166
0.628782
-0.0185271
0.0836237
-0.857679
-0.917667
0.437316
0.187871
-0.941367
0.209783
-0.681884
-0.238881
-0.574256
0.166252
0.307508
-0.543913
-0.417977
-0.0636131
-0.438828
0.334009
-0.357945
-0.418507
0.915525
-0.516099
0.342629
-0.570671
0.652967
-0.810147
-0.903265
-0.849957
0.108634
-0.240463
-0.874227
-0.0284523
0.786763
-0.00683838
0.606345
0.0225977
0.443468
0.810323
-0.332946
0.69322
-0.130026
-0.21762
-0.122253
0.151434
0.849077
-0.633157
0.567288
-0.090299
0.536198
0.26293
0.689004
-0.729942
0.901844
0.547339
-0.237098
-0.624087
0.518453
-0.823462
0.38907
-0.323911
-0.868447
0.896905
-0.437737
0.277708
0.423654
-0.481922
0.475108
0.846681
0.406963
-0.488901
0.785714
-0.427428
0.631663
0.520671
-0.245887
-0.656388
0.38533
2.62819e-06
0.590704
0.693632
-0.571718
0.913964
-0.450313
0.0826085
0.358189
-0.514153
-0.174586
0.857943
0.387684
0.152881
0.477443
0.229817
-0.306908
-0.146453
0.0261599
-0.369683
0.658945
0.369053
0.346687
0.998811
-0.814326
0.578946
-0.720099
-0.86945
-0.547667
0.00063842
0.884752
-0.585338
-0.102399
0.0266387
-0.0516899
-0.74927
-0.0333441
0.354225
0.794521
-0.712422
0.62208
-0.698081
-0.798368
0.310625
-0.387732
0.507133
0.898642
-0.86917
0.565167
0.0127938
0.581734
0.930933
-0.429443
0.42395
-0.913267
-0.711717
0.398248
-0.692958
0.465297
-0.262932
0.0865015
0.820757
-0.051037
0.87974
0.333505
0.464022
-0.0205611
0.0364661
-0.865962
-0.303571
-0.0617131
0.762469
-0.10392
-0.884432
0.414632
0.0822509
0.394421
-0.249786
-0.517514
0.762772
0.998355
0.805996
-0.116629
0.359695
0.959145
0.828246
-0.678714
0.908798
0.211455
-0.0519827
-0.693314
0.221949
-0.458646
0.454442
-0.0890757
-0.696054
-0.739398
0.239669
-0.233333
-0.586353
-0.602299
-0.342884
0.570577
0.389299
0.683481
0.867757
0.0243758
0.54776
-0.687694
0.961693
0.132528
-0.198554
0.965769
-0.550801
0.313344
-0.212546
0.076651
-0.584373
-0.644511
-0.468518
-0.108377
-0.257402
-0.137543
-0.207444
-0.921548
-0.36893
0.245644
-0.291089
0.744932
0.840507
0.164168
0.318211
0.645523
0.716679
0.920978
0.941903
-0.647209
-0.0612717
-0.731852
0.346643
-0.867339
-0.426466
0.222579
-0.221448
0.973872
0.793196
0.891966
0.346833
0.742171
0.722489
-0.756306
-0.951999
-0.566969
-0.73876
-0.674816
-0.296684
-0.973294
0.950291
-0.518764
0.423645
-0.50544
0.928319
0.0104911
-0.39748
-0.805965
0.156925
-0.392261
-0.159183
-0.518961
0.203449
0.559289
-0.45382
0.313507
0.360931
0.817538
-0.657202
-0.673117
-0.757251
0.256435
-0.912842
0.448959
-0.621093
-0.381243
-0.296379
-0.105259
-0.482702
0.72539
0.806618
0.676677
0.854332
-0.763227
0.908802
0.219377
0.705443
-0.76448
0.202452
0.176286
-0.0782427
0.0675038
-0.663031
0.0682744
0.842522
-0.439595
-0.173
0.403668
-0.949138
-0.466611
0.629205
-0.19417
-0.417941
-0.213361
-0.0293878
0.487115
0.967785
-0.767778
-0.992352
0.12421
0.888742
-0.0925653
-0.412359
0.702454
-0.726077
0.392032
0.919695
0.0145095
-0.440955
0.401484
-0.0723828
0.531894
0.847522
0.682297
-0.104494
-0.956635
-0.678316
-0.442537
0.652966
-0.258741
0.726472
-0.685365
-0.329589
-0.0770855
0.141215
-0.551366
-0.794653
-0.838861
-0.451768
-0.625727
0.484948
0.918171
0.0179631
-0.196682
0.156782
0.62434
0.991388
-0.177622
-0.19755
0.492129
0.462841
-0.182069
0.181708
-0.30928
-0.247081
0.0996047
-0.823488
0.0970453
0.362815
-0.273763
-0.0886296
0.533887
-0.2949
0.701258
0.830047
0.822481
-0.229927
0.847038
-0.512674
-0.678604
0.970555
-0.873475
0.305535
0.284699
-0.00764799
-0.631164
0.779588
0.444307
-0.802943
-0.0530468
0.686747
-0.166885
-0.67553
0.394389
0.632743
0.637672
-0.508782
-0.0695585
-0.417048
-0.914066
-0.834375
-0.266605
-0.744642
-0.563387
0.424098
-0.156823
-0.584043
0.935685
-0.0587878
-0.466025
-0.835999
-0.139267
-0.249303
0.471641
0.0909809
-0.11497
0.174774
0.0499794
-0.184893
0.382458
0.69572
-0.811428
-0.896467
-0.626367
-0.395515
-0.836657
-0.587463
-0.156716
0.613974
0.376285
0.357716
0.392641
-0.747665
0.16743
0.215323
0.315443
0.624612
-0.726873
0.557913
-0.176518
-0.0487136
0.0104993
-0.201142
-0.869945
-0.488548
0.147934
-0.963071
0.108735
0.634905
-0.726473
-0.765897
0.448899
-0.586905
0.0763849
-0.543704
-0.384377
-0.435062
-0.283221
0.0855707
0.456085
0.771049
-0.388178
-0.700114
0.454521
-0.818831
-0.00836661
-0.338571
-0.434055
-0.0216921
0.659395
-0.523682
-0.663266
-0.0886467
-0.000966053
0.270169
-0.384804
0.492805
-0.557243
-0.686853
-0.516541
0.772778
-0.221461
0.311491
-0.629771
0.252686
0.72394
-0.427911
-0.799659
0.122406
0.481723
-0.333694
0.449367
0.216922
-0.336472
0.262538
-0.813951
-0.999077
0.156488
0.720238
0.71202
0.791227
0.481543
-0.446234
0.773945
-0.465643
0.791497
0.136312
-0.992891
0.918477
-0.599924
-0.553772
0.5528
-0.818467
-0.662266
0.713966
-0.226253
0.923069
-0.232323
0.953676
-0.209534
-0.481619
0.103626
-0.524921
-0.962427
0.752617
-0.158028
-0.99261
-0.255442
-0.103012
0.255557
-0.425098
-0.402862
0.670392
-0.673922
-0.187397
0.67646
0.932608
0.0921523
0.147985
0.0185815
-0.303867
0.557614
0.332622
-0.447357
-0.564087
-0.396776
0.171679
0.811864
-0.549655
0.338727
0.388615
-0.180938
0.819321
-0.828685
-0.171458
-0.600257
-0.273109
-0.182624
-0.584245
-0.580983
-0.428396
0.551582
-0.353402
0.504249
-0.678046
0.0621888
-0.333138
-0.423501
0.42543
-0.48691
0.626523
0.148134
0.609359
0.342818
-0.79587
-0.532601
0.949787
0.219108
0.152429
-0.299403
0.998757
-0.639108
-0.401392
0.10493
0.578408
-0.993284
-0.949814
-0.721107
0.489788
0.840101
-0.353029
-0.456968
-0.7035
-0.446026
-0.188797
-0.609858
0.771397
-0.00655327
0.738827
-0.393649
0.45793
0.558192
-0.84257
-0.920423
0.134569
0.280878
-0.891951
-0.917576
0.576861
-0.0222335
-0.553098
-0.16821
-0.50668
-0.969897
-0.662794
-0.163778
0.466132
0.51967
-0.0455005
-0.533411
0.823501
0.268801
-0.326277
0.699429
0.834284
-0.919639
0.565352
-0.54282
0.858597
0.251509
-0.115207
0.907619
-0.186939
0.795737
-0.654435
0.897604
-0.806122
0.271939
0.212632
0.205061
0.27146
-0.964927
0.453672
0.244375
0.306933
-0.30414
0.399774
0.0599661
0.804387
-0.678538
0.215829
0.239761
-0.0191343
-0.880226
-0.522466
0.780137
0.57288
0.466045
-0.00245457
0.0407044
0.832304
0.492461
0.928794
-0.328241
-0.48654
-0.0581246
0.940601
-0.940089
-0.32853
0.318553
-0.115222
0.989995
-0.9078
-0.322311
0.477901
0.681504
0.23726
-0.544942
-0.664516
-0.40037
-0.431043
-0.972362
0.264088
0.325356
0.0363926
0.919663
0.755305
0.116199
0.468389
-0.81433
0.194727
0.441885
0.0482638
-0.942658
-0.45331
0.0667582
0.841128
-0.717019
-0.634522
-0.922165
-0.898502
-0.678754
0.252917
0.52879
0.828684
0.630501
0.615744
-0.0216739
-0.393231
0.394933
0.42715
-0.920924
0.848616
0.474315
-0.123377
0.832194
0.52043
-0.94339
0.217271
-0.810464
0.537297
-0.592499
-0.417953
-0.0619251
0.467072
0.0867044
0.98758
0.0108277
-0.873465
0.210015
-0.942641
-0.969846
-0.970383
-0.19717
0.178996
0.744546
-0.524321
-0.134065
0.595453
0.301715
-0.647786
0.0608141
0.461724
0.699132
-0.247351
-0.229761
-0.478553
0.51416
0.27997
0.993254
0.464477
0.230935
0.885127
-0.845006
0.172498
0.334675
0.41824
-0.410775
-0.323107
-0.0287019
0.737574
-0.392365
-0.962922
-0.419627
-0.959652
-0.761991
-0.571192
-0.911574
-0.917203
0.183531
0.0122732
-0.0512155
-0.361172
0.403866
0.87843
-0.0322157
-0.0949828
0.545285
0.897283
-0.430945
-0.139527
-0.487505
0.705814
-0.67958
-0.25381
0.601003
-0.0558319
-0.0365388
-0.953898
-0.131018
0.596601
0.0882188
0.998238
-0.289581
-0.381874
-0.234769
0.610256
0.0795285
-0.554159
0.95135
0.454634
-0.0762818
0.86751
-0.189491
0.44609
0.515738
0.430651
-0.28581
-0.626502
0.350009
0.887276
-0.377831
0.309178
-0.387131
-0.291269
-0.275403
0.940536
0.342499
0.517831
0.42043
-0.181316
-0.397088
0.155965
0.456186
0.587331
0.931275
0.722786
-0.57212
-0.558805
0.237001
0.558058
-0.97661
0.568939
-0.202554
0.0669474
-0.608209
-0.342078
0.699204
0.965399
0.767163
-0.454506
-0.914705
-0.52559
0.59634
0.514086
-0.570097
-0.0397748
-0.863656
-0.38424
-0.119357
0.489436
0.675794
0.075518
-0.844573
0.439145
0.446564
-0.798107
0.216559
-0.274039
0.529352
0.219499
0.902539
-0.555083
-0.746069
0.67805
-0.417976
0.574053
0.488362
-0.860106
-0.654683
0.639257
-0.268333
0.456617
-0.729697
-0.683916
0.833358
-0.74812
-0.467978
-0.856587
0.298189
0.912139
0.187874
0.801189
0.8276
0.111682
0.0925777
-0.216853
0.282614
-0.506421
-0.162311
0.779636
-0.577896
-0.45963
0.97992
0.884836
0.852429
-0.300673
0.803622
0.849638
-0.298827
-0.805871
-0.0100278
-0.17963
-0.771294
-0.514719
-0.0938189
0.341952
-0.00723974
0.557659
0.849798
0.181844
0.465938
-0.889953
-0.255077
-0.388912
0.403138
0.390332
0.567349
-0.216802
0.845112
0.614591
0.304874
-0.493858
-0.641172
0.726737
-0.635388
0.219555
-0.77991
0.120075
-0.0896892
-0.98758
-0.619618
-0.995831
0.295849
-0.290967
0.495903
-0.00447649
-0.15864
-0.965632
0.983113
-0.0608805
0.380778
-0.408743
-0.0347286
-0.513813
0.234907
0.601149
0.00287142
-0.00742298
-0.831606
0.320533
0.0887944
0.441265
0.871802
0.021577
-0.617328
-0.294442
-0.272475
-0.331335
-0.591097
0.141452
0.969978
-0.696293
-0.316228
-0.125632
0.415471
-0.681649
0.928641
-0.315089
-0.806623
0.386357
-0.115173
0.373847
0.571123
-0.741728
-0.399476
0.779274
0.482271
0.511338
-0.873898
-0.401558
-0.414851
0.00256955
-0.60598
0.0968829
0.496856
-0.423227
0.170438
-0.010964
0.276139
-0.557062
0.995183
0.560482
-0.949251
-0.477718
0.271517
0.746118
-0.58317
0.711313
-0.445638
-0.592766
-0.539055
0.399677
-0.548481
-0.556589
-0.165729
0.775376
-0.164805
-0.816287
0.241159
-0.313319
-0.434326
-0.0190312
0.0700035
0.193223
0.485572
-0.443908
-0.491456
0.798656
-0.37647
-0.501039
0.729424
-0.0568089
0.0436742
0.639271
-0.321318
0.361331
-0.50543
0.336784
-0.566705
0.640832
0.15193
-0.639055
0.501883
-0.288896
0.556682
-0.470972
0.80714
0.729993
0.0558167
0.0257704
0.953173
-0.27235
0.00233327
-0.213126
0.0979513
-0.142381
-0.790323
-0.533233
-0.169767
0.0763937
0.754154
0.932471
-0.668155
0.00487933
