0
0
0.652686
-0.408567
0.533221
0.963909
0.848492
0.674109
0.885624
-0.183855
0.044024
0.731601
-0.441865
-0.82508
-0.448606
0.075053
-0.624387
0.569431
-0.457271
-0.657782
0.564487
-0.147867
0.149732
0.571059
0.63362
0.226456
0.409625
-0.103011
0.535516
-0.751903
0.274516
-0.501359
-0.0566919
-0.593201
0.519453
0.36867
0.10476
-0.576216
0.457146
-0.633174
0.288154
0.466111
0.898646
0.0276222
0.678121
-0.298748
0.964557
0.299935
0.874312
0.144961
-0.769661
0.312902
0.92255
-0.748337
-0.361321
0.395124
-0.0761998
-0.814175
0.712059
-0.305369
-0.346007
0.10849
-0.0941759
-0.359757
0.498434
-0.0296598
0.322104
0.480525
-0.0811412
0.581097
-0.613565
-0.466701
0.606616
-0.931954
0.470338
-0.89989
-0.519357
-0.293297
-0.521644
0.0787111
0.109459
0.383549
-0.213884
0.523013
-0.059273
0.183985
0.292273
0.460337
0.502351
0.130375
0.649778
-0.406567
-0.509232
0.0519481
0.394473
0.035242
0.00391339
0.622591
-0.371801
0.332684
0.0863366
-0.246324
0.279348
0.792024
-0.716306
0.522532
-0.110593
-0.999844
0.483584
0.0834553
0.878169
-0.977186
-0.764053
-0.452655
0.566006
0.163378
0.428756
0.654414
0.300688
0.869932
-0.492518
0.818227
0.253624
0.307941
-0.0331266
0.823654
-0.714765
-0.710373
-0.43307
-0.254656
0.507815
-0.278885
-0.814188
-0.393075
-0.807568
0.773975
-0.814827
-0.040717
0.451489
0.530727
0.361887
0.823137
0.891664
-0.33152
-0.595361
0.249192
-0.456392
0.645716
0.471578
0.234667
0.804913
0.674836
-0.662662
-0.0220147
-0.0608354
-0.812251
0.0999142
0.638591
0.138654
-0.0331725
-0.576802
0.277359
-0.413727
-0.800094
0.829535
0.30962
-0.0143226
0.758471
-0.582781
-0.938742
-0.357083
-0.199689
0.289699
-0.518776
-0.21844
0.984053
0.0648071
-0.917094
-0.18663
-0.344994
-0.626851
0.837116
0.650625
-0.730038
-0.0973724
-0.813462
-0.690558
0.828574
0.866102
-0.941794
0.0888246
0.883995
-0.604665
-0.66456
-0.863775
0.0318437
0.478387
0.217728
-0.0083362
-0.432993
-0.430441
-0.357762
-0.414647
-0.890794
0.304978
-0.875639
0.58683
0.503359
0.54232
-0.890342
-0.89242
-0.175404
0.576412
-0.746068
-0.414409
0.678809
0.35273
-0.126728
0.829379
-0.326784
-0.560736
0.620062
0.388755
0.47148
0.532798
-0.436482
0.214378
-0.344871
0.0456894
0.32517
0.616306
-0.349537
-0.882625
0.630219
0.483111
-0.746279
0.295361
-0.717189
-0.515121
0.231476
0.756598
-0.982906
-0.0858049
0.641706
0.396677
-0.765128
-0.425867
-0.731624
0.809128
-0.487756
-0.094294
0.189477
-0.393367
-0.094718
0.76501
-0.937042
0.0472941
0.310145
-0.070466
0.373945
0.545753
0.202196
-0.69281
-0.900219
0.454645
-0.839196
-0.800152
0.632875
0.0545522
0.580305
-0.44161
0.395064
-0.423576
-0.612949
0.604889
-0.796074
-0.951631
-0.497427
0.165086
0.763736
0.781133
0.311572
-0.544528
-0.87337
-0.392814
0.867872
-0.235584
-0.543246
-0.101002
0.979318
-0.55214
-0.365221
-0.620758
-0.0115585
-0.437844
-0.354257
0.599995
0.97521
0.112777
0.0672471
0.418926
0.609424
0.0338038
0.115642
-0.467887
-0.695428
0.594338
-0.116248
0.758585
-0.686436
-0.663535
-0.471018
0.420456
-0.0563765
-0.25215
0.40059
0.369569
0.394671
-0.0191414
0.343982
0.348511
0.584869
0.418277
0.469492
-0.750073
0.697863
-0.66712
0.257839
0.44523
-0.34207
-0.0156068
-0.884766
0.558971
0.0720258
-0.539573
0.4295
-0.437234
-0.157114
-0.705388
0.840641
-0.249309
-0.594928
0.348515
0.930526
-0.397339
0.00110202
0.142407
-0.190822
-0.541019
-0.212139
-0.548164
0.897606
-0.845334
-0.809625
0.25997
-0.946443
-0.566906
0.78848
0.869002
-0.253702
-0.284652
0.977458
-0.216886
0.561906
-0.0845443
0.324374
0.710895
0.68134
0.392825
-0.550736
-0.995715
0.977071
-0.089732
-0.682213
-0.685039
0.495551
0.114849
-0.68534
-0.397847
-0.793388
-0.0841002
-0.818149
-0.89314
-0.154407
0.411575
0.924613
0.639965
0.124538
-0.16681
-0.635784
0.785161
-0.899595
0.956543
-0.172892
-0.110547
-0.854054
0.727786
-0.442637
-0.679947
0.832542
-0.451157
0.531508
0.0506644
-0.0983598
-0.356806
-0.511043
0.0566202
-0.108387
0.351684
-0.184358
-0.399796
-0.0820993
-0.0494164
-0.194887
-0.672919
-0.895087
0.786002
-0.985632
-0.618514
-0.851457
-0.320247
-0.810044
0.220443
0.507988
-0.845569
0.343734
-0.856538
-0.111766
0.552054
-0.85735
0.860195
-0.0117482
-0.843516
-0.406163
-0.798049
-0.37598
0.650999
-0.679727
0.57055
0.675153
0.177893
0.478566
-0.659272
-0.769427
-0.00391796
0.035665
0.759755
0.962189
-0.6286
0.377502
-0.0603523
0.997397
0.998681
0.284647
-0.363283
0.0801582
-0.779006
0.316366
0.804003
-0.79397
-0.143617
0.71314
0.514287
-0.390573
0.748162
0.385103
-0.677375
-0.275978
-0.860639
-0.00190899
-0.37494
-0.157626
-0.828532
0.0469309
-0.582248
0.438402
0.651058
-0.979971
-0.387329
-0.501732
0.700684
-0.0445366
0.530687
0.157815
-0.210569
-0.0522311
0.76296
0.121762
-0.445003
-0.536686
0.190782
-0.550906
-0.330199
0.0429496
-0.0797295
0.188702
-0.754969
0.455906
-0.56749
0.950362
-0.606429
0.910633
0.0205991
-0.76486
-0.190347
0.879309
0.270147
0.0139194
-0.090598
0.887511
-0.906391
-0.847922
0.75664
0.163233
0.225515
0.154055
0.00108445
0.529563
-0.861253
-0.441157
0.805963
-0.146451
0.0135274
-0.737391
-0.360993
0.964061
-0.735298
0.429672
-0.503088
0.523038
-0.439883
0.860053
-0.694179
-0.962861
-0.43096
0.288823
-0.415759
0.0819135
-0.301207
-0.164236
-0.558513
0.390429
-0.507906
-0.667584
0.032696
-0.828757
0.209823
0.176977
-0.259783
-0.319494
-0.797266
-0.499064
-0.571339
0.0276163
-0.605289
-0.66535
0.17186
-0.860116
-0.15979
-0.573971
0.625697
-0.754851
0.821485
-0.519778
0.812593
-0.130889
-0.763489
0.126153
0.300794
-0.588619
0.153864
0.555042
-0.182582
-0.544391
-0.308053
-0.506264
0.967781
-0.902426
0.487177
-0.981816
-0.705837
-0.456506
0.732888
-0.10632
0.60442
0.832476
-0.455838
-0.646367
0.264177
0.469059
-0.834984
-0.98765
-0.681907
0.73924
-0.679427
-0.315061
-0.777031
-0.828826
0.596598
0.381143
-0.771078
-0.920267
-0.383753
0.344117
0.345751
0.696709
-0.903254
-0.933167
0.688874
0.657553
-0.82102
0.88511
-0.306332
-0.817571
0.525148
-0.0334827
0.175052
-0.405693
0.371773
0.337468
0.771837
0.509865
0.539201
-0.541752
0.256758
0.363647
0.177479
-0.475285
0.0858931
-0.6059
-0.416448
0.288616
0.142671
0.362364
-0.291815
0.276773
0.0139484
-0.406595
-0.387879
0.646675
-0.840537
0.790484
-0.381627
0.920297
0.224065
-0.818079
0.73582
0.152342
0.473336
-0.0705745
-0.281527
-0.878029
-0.369948
0.296482
0.199385
-0.335414
-0.0682153
0.575269
-0.331859
0.423879
0.457229
0.848358
0.885881
0.71247
0.690488
-0.11175
-0.253029
-0.128274
-0.144078
0.688321
-0.407678
-0.142685
0.683828
-0.412732
-0.249696
-0.418785
-0.738077
-0.943393
0.187075
0.942457
0.280116
0.481576
-0.424868
0.47994
-0.943273
-0.0142515
-0.0282901
-0.0536037
0.665461
-0.19572
0.0682601
-0.740311
-0.0602297
0.913898
0.013787
0.0503838
-0.135439
0.521983
0.338288
-0.728433
0.380738
-0.702883
0.837551
-0.46857
-0.00867346
-0.707557
-0.984005
-0.576095
-0.427221
-0.724456
0.410259
-0.764745
0.26949
0.349362
-0.484302
-0.617583
0.763455
0.950209
-0.231449
-0.272635
0.269487
0.290265
-0.0752802
0.684762
0.032609
-0.132608
-0.0351428
0.875653
0.17612
-0.274833
0.900223
0.43303
-0.576135
0.16709
-0.674464
0.106931
0.172048
0.853819
0.728341
-0.222833
0.0617517
-0.655357
-0.768392
-0.670347
-0.710585
0.373407
0.276397
0.183008
0.0434517
0.0891752
-0.592814
-0.823854
0.0725607
-0.414215
-0.533578
0.463259
0.335865
-0.186541
-0.890938
-0.625176
-0.664089
-0.907899
-0.789637
0.885439
-0.362393
-0.894965
0.590085
-0.619802
-0.837935
-0.972825
0.247303
0.723122
0.0556387
-0.0132449
-0.266288
0.525353
0.163847
0.458167
-0.59132
-0.606759
-0.593658
0.144832
-0.0841343
0.484125
0.75902
-0.442395
0.99751
0.760231
-0.917097
0.359047
-0.711258
0.637818
-0.0466262
0.72732
-0.565339
-0.923076
-0.695495
0.472682
0.87444
-0.738703
-0.0382969
0.0205235
0.408505
0.257881
-0.581895
-0.646836
0.978057
-0.739406
0.389049
0.518306
0.733937
0.629599
0.350125
0.97965
0.0022974
-0.177088
-0.946417
-0.307795
0.0214524
0.00448618
0.615944
0.567083
-0.495722
0.448486
-0.152696
0.173692
0.43455
0.630763
-0.235016
-0.121747
0.0296607
-0.997053
-0.0444476
0.58035
0.86264
-0.473214
0.0589064
-0.597776
0.829228
-0.142313
-0.0553355
0.302234
0.512607
0.036581
0.853805
0.966576
-0.551983
0.556443
-0.287751
0.767359
-0.999753
0.600877
-0.137815
-0.106287
-0.95478
0.835991
-0.92361
0.652189
-0.652489
-0.159528
-0.295053
0.0887232
-0.537593
-0.686109
0.114622
0.685771
0.872771
-0.734527
-0.868815
0.104864
0.584987
0.364518
0.745692
-0.241116
-0.88737
-0.538261
-0.160364
0.305662
-0.530599
-0.122925
-0.85
0.711577
-0.308533
-0.778683
-0.228314
-0.612207
0.766353
-0.614361
-0.808421
-0.00102294
-0.351694
-0.155487
-0.501126
-0.926204
-0.116829
-0.187624
0.82436
-0.899808
-0.148495
0.439236
-0.876896
0.0464608
-0.312449
0.420551
0.611884
-0.773818
0.444613
-0.784633
0.0995406
-0.919934
0.368739
-0.295955
0.413161
-0.0288882
0.92182
0.320271
-0.836448
0.236703
-0.135399
0.340955
-0.854397
-0.0274162
0.0155014
0.319779
0.866451
0.772348
0.225093
0.0490456
-0.144013
-0.658491
-0.0317151
0.140581
0.0315505
0.0170712
-0.517695
-0.145305
0.67372
-0.547552
0.551434
-0.784907
0.167905
-0.0691657
-0.784646
-0.727506
0.926634
0.30385
0.179426
0.389809
0.171702
-0.660505
-0.197173
-0.636103
-0.00470974
0.318496
0.89724
-0.607393
-0.221303
0.964064
0.884721
0.127287
-0.350255
0.585337
-0.973117
0.545143
0.318489
-0.810847
-0.167525
0.0622408
0.0425482
-0.659881
0.699147
0.32825
0.616357
-0.348112
-0.251022
0.251719
-0.654055
-0.637454
0.591724
-0.688569
0.588493
-0.48867
0.0252022
-0.2028
-0.339958
0.333917
0.79207
-0.935718
0.728927
-0.0564161
0.0454733
-0.0463531
0.644392
-0.812708
0.0964436
-0.814087
0.776487
-0.151167
0.000368097
0.366639
0.90986
0.329179
0.952846
-0.397217
0.0104054
0.0434319
0.748016
0.778213
0.771476
0.31953
-0.110942
-0.734206
0.677993
-0.967503
0.805537
-0.532052
-0.480967
-0.444349
-0.357919
-0.950601
0.278814
-0.38803
-0.324601
0.732921
0.425698
0.499376
-0.768041
0.00818027
0.370962
-0.856753
0.832192
0.20714
-0.310775
0.0959425
0.959861
0.912934
-0.998595
-0.96486
0.589941
0.645316
0.450513
0.116475
-0.377408
-0.911304
0.685666
0.506031
0.904452
-0.361895
-0.322709
-0.144813
0.778808
0.503508
-0.706944
-0.713715
-0.256743
0.761727
0.728042
-0.92373
-0.356969
0.398723
0.905742
0.71022
0.0192958
-0.143744
-0.179507
0.086446
0.777494
0.251247
-0.472564
0.0313864
-0.57303
-0.548008
-0.0727954
0.5248
-0.815325
0.630038
-0.474968
0.254568
0.330732
-0.0261697
-0.485693
-0.488111
0.536931
-0.339097
0.608323
0.601353
0.079913
-0.772046
-0.601481
0.925189
-0.141891
-0.15733
0.681725
-0.734373
0.459018
0.0351672
-0.549266
-0.778809
0.975044
-0.610533
-0.716665
-0.866469
-0.607953
-0.0139123
0.609147
-0.208982
0.443456
0.787535
-0.495789
0.898948
0.0231823
0.354186
-0.380069
0.637764
-0.466366
0.474199
-0.262616
-0.91153
0.192987
-0.708468
0.383162
0.35896
0.793191
-0.36758
0.816501
0.598972
0.75016
0.819332
-0.585297
-0.0230968
-0.743266
-0.462471
-0.0471794
-0.105345
-0.65088
-0.292932
0.240482
-0.936986
0.16998
-0.435252
-0.631749
-0.782655
-0.242154
-0.390317
-0.864906
-0.132289
-0.666665
0.730649
0.235773
0.375023
-0.856869
-0.0644718
-0.356792
-0.527021
-0.942738
-0.420443
-0.55911
0.108897
-0.889137
0.485128
-0.919964
-0.936914
-0.998448
0.151745
0.50215
0.700544
0.0398587
-0.760575
0.79968
-0.327152
-0.778244
-0.784705
-0.12919
-0.053852
-0.949008
0.679565
0.377812
0.710414
-0.408018
-0.706399
-0.98058
-0.0874282
-0.0914166
0.349337
0.388211
-0.150775
0.0574738
-0.667416
-0.0894982
-0.212859
0.522624
0.93876
0.398181
0.899333
0.593962
0.984219
0.770647
0.993105
-0.412168
0.827516
-0.566301
-0.406767
-0.13362
-0.876048
0.687904
0.518196
0.0464904
0.650599
-0.0409346
0.625517
0.110744
-0.477198
0.812304
0.207481
-0.0120654
0.614268
-0.164864
-0.721328
-0.951075
0.943603
-0.911772
0.378204
-0.281662
0.0203254
0.493527
0.29523
-0.409653
-0.607441
-0.8817
-0.644598
-0.723651
-0.685159
0.935892
-0.609467
0.581933
0.541195
-0.00544687
-0.0211806
-0.238994
-0.699823
-0.0291826
0.337818
-0.102927
0.136813
-0.646958
-0.645427
-0.746488
0.115006
-0.472308
-0.76947
-0.950094
0.925953
0.0752509
-0.679649
0.759474
-0.808252
-0.121214
-0.108013
0.376088
-0.807142
0.04577
0.815624
-0.801864
-0.940381
0.840642
0.0845797
0.21339
-0.232519
0.163147
0.244269
0.175708
0.986647
-0.0149026
-0.363403
0.168961
0.0785338
0.73755
0.892496
-0.658378
0.507504
-0.209343
0.71399
-0.947398
-0.984817
-0.505897
-0.270112
-0.0857144
0.073918
0.342736
0.268256
-0.65762
-0.556598
-0.780814
-0.132133
0.550936
-0.877863
-0.197496
-0.723223
0.687563
0.253664
-0.665794
0.0996624
-0.541915
-0.00745466
0.859684
-0.267565
-0.309629
0.723428
0.401456
-0.00209193
-0.0328397
0.703043
0.726691
0.0511832
0.661335
-0.0630452
-0.526425
-0.137188
-0.969253
-0.365356
0.593752
0.312061
0.0768803
-0.669025
0.220627
-0.282623
0.732875
0.768879
-0.113859
0.455378
0.0470985
0.554816
0.0781935
-0.159145
-0.805125
-0.875819
0.63879
0.403668
0.893881
0.510885
0.256771
0.16438
-0.936754
0.300584
0.307053
0.617497
-0.294962
0.865871
0.467413
0.0688399
-0.0355081
0.961169
-0.157883
-0.702531
0.264137
-0.0633288
-0.382728
0.95521
-0.549655
-0.27992
0.601385
0.561147
0.714023
-0.138206
0.992842
-0.0830548
-0.284663
0.236458
-0.342106
0.49549
0.207494
0.734889
-0.242056
-0.665749
-0.30655
-0.471514
-0.778138
-0.521383
0.567121
0.382764
0.0371534
0.565796
-0.929861
-0.287232
-0.34044
0.353623
0.390108
-0.832624
-0.636382
-0.351036
0.256506
0.954177
-0.00519617
-0.123586
0.447553
-0.96994
0.7738
0.143798
-0.316391
0.633685
-0.591171
0.396341
0.784086
0.996461
-0.699215
0.198898
0.967024
-0.781731
-0.164401
-0.682156
0.717759
-0.308365
0.0197679
-0.781831
0.881785
0.660072
0.470313
-0.702618
-0.189609
0.567668
-0.187833
0.306607
0.87817
-0.907716
-0.518832
-0.159072
0.798375
-0.210541
0.539368
-0.101248
-0.529865
-0.416389
-0.157163
-0.536272
-0.550176
-0.898091
0.778914
0.159669
-0.822086
-0.930567
0.167267
-0.249946
-0.486968
0.898102
0.265178
0.469981
-0.172583
-0.843297
0.184742
0.386525
0.0163164
-0.261947
-0.430026
0.398722
-0.0757517
-0.979947
0.270381
-0.745427
0.615626
-0.420348
-0.26084
-0.666966
-0.0551167
-0.582454
0.785249
0.213679
-0.765834
0.220629
0.737733
-0.139231
-0.355692
-0.55438
0.985243
-0.135247
-0.902494
-0.552162
-0.554232
0.0812865
0.976622
0.42498
0.812887
-0.156658
-0.718242
-0.927664
-0.183645
0.561939
-0.0424917
0.895684
0.866943
-0.571894
0.430887
0.70476
-0.0604804
0.553165
-0.765267
0.482035
0.917149
-0.836442
-0.460542
0.527182
0.175594
0.761469
0.839188
0.393993
-0.561131
-0.243096
0.992049
-0.362223
0.434905
0.186716
0.0426378
-0.815556
-0.66213
-0.300601
0.658634
0.919872
0.646256
0.880277
-0.517619
-0.425225
0.174989
0.197799
-0.198414
-0.237316
-0.867668
-0.854737
-0.680558
0.262281
0.436348
0.663298
-0.470316
0.0329947
-0.112804
-0.548931
0.735371
0.233254
0.285676
-0.884686
0.392507
0.244043
-0.626011
0.58105
-0.924714
-0.319135
0.064913
0.820683
0.506316
-0.768069
-0.486218
-0.178383
-0.269787
0.93542
-0.373081
0.781185
-0.397047
0.0883344
-0.709785
-0.941956
0.0471296
-0.461653
-0.848825
0.678961
0.985056
0.879914
-0.912467
0.818084
-0.830023
0.233957
-0.914574
-0.264381
-0.52742
0.329703
-0.252279
-0.219862
0.551587
0.312366
0.322883
-0.0894531
-0.380146
0.68118
0.170938
-0.119206
0.461404
-0.570613
-0.228018
0.830666
0.46689
-0.846475
-0.911378
0.708728
-0.700179
-0.734554
0.490815
-0.954018
-0.0040769
0.553459
0.420248
0.434467
0.830072
-0.521638
0.773547
0.113217
-0.870353
-0.297233
0.61372
0.371399
-0.882637
-0.470317
-0.223892
-0.523507
0.050344
0.975339
0.417699
-0.838828
0.809339
-0.557249
-0.913225
0.344157
-0.696519
-0.88169
-0.608399
-0.576823
-0.521516
-0.933293
0.766172
-0.0242295
0.260924
0.896504
-0.365436
-0.497791
-0.815209
0.0912366
-0.43909
0.729124
0.258571
0.641151
0.248264
0.962546
-0.254315
0.347464
0.765499
-0.558765
-0.7026
0.614705
-0.133907
-0.0695441
0.978866
-0.775099
-0.802399
-0.757285
0.521448
0.703288
0.879625
-0.571977
0.713637
-0.0707773
0.667627
-0.76511
-0.259731
-0.516925
-0.0344836
-0.627616
-0.387559
-0.753403
-0.454272
0.748738
0.277952
0.290178
-0.747962
0.90562
-0.110615
0.128446
-0.517878
0.981511
-0.13405
0.109401
0.977107
0.716037
-0.101288
-0.935259
-0.975235
-0.742666
0.940837
0.449375
-0.840257
0.827119
-0.48074
0.468745
-0.556246
-0.00297373
-0.325852
0.559365
0.331129
0.0287031
0.405489
0.91576
0.308253
0.860921
-0.86394
-0.0652743
-0.370542
0.890359
-0.753171
0.476858
0.0429292
0.585436
-0.213779
-0.905064
0.37533
0.725864
-0.891925
-0.848749
-0.339
0.303517
-0.191674
0.843728
0.0867972
0.401622
-0.256947
-0.20902
0.260814
0.738181
0.200486
0.978859
-0.102004
-0.975408
-0.514833
-0.028532
-0.377425
0.425453
0.23789
0.185279
0.157978
0.909159
-0.915679
0.220468
-0.408962
-0.694938
-0.983463
-0.649866
0.420011
0.185823
-0.796052
0.589698
-0.870276
-0.829463
0.310984
-0.401638
-0.503047
-0.872158
-0.71799
-0.301359
0.360444
0.095732
-0.486082
0.633498
-0.513388
-0.640586
-0.0436241
-0.0999265
0.234947
-0.686576
-0.640092
-0.253474
0.435881
-0.102992
-0.475275
0.961691
-0.25718
0.345203
-0.875627
0.268462
-0.709531
0.994888
-0.71423
0.737832
-0.895157
0.497191
0.94557
0.743342
0.762666
-0.72153
-0.921294
0.722403
0.220587
-0.90193
0.399929
0.227972
0.0266468
0.839576
-0.766687
0.0429259
-0.354869
0.342609
-0.259619
-0.541781
0.292087
0.985811
0.584646
0.34577
0.614388
-0.266125
0.569443
-0.233873
-0.254305
-0.344967
0.243691
-0.845634
0.647989
0.596323
-0.433981
0.923627
-0.786791
0.944768
-0.119961
-0.532955
-0.0856824
0.178071
0.0380936
0.692397
0.980557
0.669261
0.801435
-0.731947
-0.803406
-0.275432
0.689805
-0.338611
0.207662
0.881603
0.706205
0.295855
-0.916679
0.138117
0.194045
0.338765
-0.917245
0.173176
0.952192
-0.902281
0.619767
-0.53863
0.582498
0.538162
-0.35039
0.139143
0.437377
0.330774
0.997404
0.475362
0.457044
-0.923007
-0.542513
0.116997
0.378403
-0.13014
-0.647639
0.620705
-0.387948
0.157031
-0.809556
-0.0517294
0.179406
-0.109264
0.979422
0.983924
-0.461535
0.3295
0.760996
0.708215
-0.0734363
0.476428
0.45582
-0.594109
0.429457
-0.312254
-0.381644
0.075004
-0.723107
0.323357
0.351116
-0.263428
0.983301
0.0532474
0.590265
0.972756
-0.330861
0.31222
0.537537
0.39476
-0.0409197
-0.285572
-0.180446
-0.904949
-0.568344
-0.150053
0.634001
0.481723
0.0227176
-0.017982
-0.17573
0.569399
-0.675416
0.949601
0.986062
0.214257
0.946439
0.564254
-0.142706
0.4049
0.674194
-0.301704
0.550858
0.404955
-0.917245
0.677991
0.65995
-0.193982
-0.592309
-0.392467
0.989217
0.423478
0.980823
-0.841697
0.911049
-0.757222
0.530271
-0.864195
-0.240718
0.682557
-0.207693
0.991858
0.60445
0.720886
-0.290765
0.30015
-0.963298
-0.226647
-0.654453
0.38942
0.836449
-0.669734
0.19098
0.951044
-0.354882
0.319739
0.523605
-0.626431
-0.8222
-0.703219
-0.661957
0.687631
-0.203718
-0.191043
-0.491301
-0.0155405
0.520985
-0.537904
0.930493
-0.939471
0.247393
-0.0619533
-0.37501
0.791013
0.0308477
0.38528
0.15446
-0.301685
-0.0536021
-0.0646645
0.724292
-0.868933
-0.168322
-0.81344
0.755331
0.348877
-0.913816
0.973755
0.155123
0.280122
0.0519692
0.132622
0.209712
-0.486957
0.155399
0.706339
0.155318
-0.0233209
0.84825
0.5606
-0.099841
-0.713366
-0.463128
-0.724137
-0.287405
0.183782
0.798545
-0.286156
-0.948298
-0.838575
