0
0
-0.379495
0.977956
-0.358223
-0.289994
0.955697
-0.357707
-0.523861
-0.617006
-0.0711074
0.314821
0.524557
-0.126688
-0.401888
-0.538796
-0.166655
0.595016
0.0527692
0.318229
0.678315
-0.262078
-0.212039
-0.450286
0.665599
-0.0314046
-0.24894
-0.182904
-0.923102
-0.767382
0.493188
-0.660505
0.756414
-0.16041
0.85045
-0.184756
0.453322
-0.611845
-0.0180319
0.195744
-0.761986
-0.787866
0.588205
-0.68756
-0.212618
-0.565269
0.284308
-0.53639
-0.91653
-0.477498
-0.537523
0.774921
0.451769
0.780106
0.21022
0.407709
0.403978
-0.447967
-0.722581
-0.150921
0.500368
0.26411
-0.102652
0.772407
-0.433786
-0.937238
-0.467519
-0.47795
-0.580376
0.792829
0.311053
0.897032
-0.338635
0.224064
0.240881
-0.601703
0.871799
-0.335477
0.529126
-0.369277
-0.333427
0.9591
0.0212172
0.971546
-0.590194
-0.0873788
-0.87081
0.344466
0.956314
-0.428935
0.913249
-0.909624
0.68217
0.333538
0.636137
-0.0237504
-0.433619
-0.33326
-0.200624
0.616087
-0.372478
-0.78085
0.738234
-0.583266
-0.540009
-0.849344
-0.112974
-0.202698
0.453993
0.395983
-0.397946
0.793309
-0.541172
-0.662752
0.129596
-0.531897
-0.957034
0.275818
0.832715
0.584038
-0.958723
-0.870018
-0.227547
0.71348
-0.661355
0.70731
-0.875094
-0.598326
0.210267
-0.911539
-0.31823
-0.802819
-0.146156
0.0864752
0.207042
0.0478653
0.458289
0.551289
0.529561
-0.847099
0.899887
-0.0858694
0.198357
-0.77852
-0.489113
-0.459731
0.222272
-0.733769
-0.270041
-0.663804
0.499094
-0.734636
-0.240447
0.244075
-0.458999
-0.546574
0.214111
-0.336703
0.512678
-0.952301
-0.567112
-0.675339
0.0798036
-0.926661
-0.302386
0.414022
0.309432
-0.446908
-0.377737
-0.631481
-0.0552387
0.548897
-0.198326
0.201882
-0.338085
-0.0960481
-0.935504
-0.0787229
-0.259475
-0.747802
0.207507
-0.137684
0.272968
-0.853807
0.124276
-0.543373
0.657672
0.681284
-0.950913
-0.979236
0.718556
-0.735982
-0.706855
-0.710979
0.675013
0.901344
-0.803994
-0.692395
-0.0134548
-0.144911
-0.718245
-0.788695
0.905158
-0.265961
-0.0729853
0.664316
-0.136
0.423543
-0.605666
-0.941845
0.179883
0.527286
0.121739
-0.236209
-0.724504
-0.710901
0.73877
-0.465785
0.573229
0.0120147
-0.761378
-0.539876
-0.0834883
-0.099072
-0.297605
-0.354101
-0.169902
-0.549004
0.183802
0.087749
0.405757
0.856072
-0.227387
-0.424861
-0.714454
0.169153
-0.453273
-0.702814
-0.341319
-0.974455
0.544065
0.230033
-0.559646
0.65464
-0.751226
-0.573908
0.833586
-0.269031
-0.346027
0.637804
0.156376
0.663122
-0.697917
-0.34425
-0.701193
-0.0663502
0.793823
-0.0535138
-0.394427
-0.000364123
0.959074
0.676315
-0.00815767
-0.181989
0.622669
-0.0446534
-0.617094
0.793265
0.275981
-0.40656
-0.159457
0.0787374
-0.394435
0.666195
0.548657
-0.793049
-0.973277
0.922927
-0.911032
0.283616
0.678484
0.252011
-0.667319
0.622326
-0.461281
0.885377
-0.960964
-0.481865
0.501595
-0.414579
0.221183
-0.88048
0.0687858
0.794258
0.238885
-0.0253365
-0.198266
-0.374768
-0.348107
-0.394266
-0.919802
-0.0841724
-0.966115
-0.960065
0.732217
0.831228
-0.0501459
-0.362248
-0.690462
-0.945819
-0.411935
0.767294
0.263907
-0.569092
-0.305175
0.933438
0.339256
-0.483595
-0.848318
0.935022
-0.158285
-0.73929
0.558518
-0.684754
0.912257
-0.479909
-0.41305
0.909943
-0.345358
0.0674009
0.470338
-0.473971
0.162472
-0.501956
0.452488
-0.746286
0.214577
0.907508
0.187325
0.744493
-0.524829
-0.94027
-0.758109
0.242254
-0.961795
-0.221909
0.956032
0.503421
0.347672
-0.337102
-0.406734
-0.714852
-0.000747637
0.822939
0.86618
-0.0427282
-0.832492
0.648522
-0.400761
0.434567
0.81734
0.019419
-0.514775
0.465878
-0.374686
0.693685
0.169161
0.0156932
0.140788
0.73177
0.533134
-0.0697078
-0.281762
-0.927406
-0.248894
-0.20802
0.026695
0.660949
0.614205
0.234133
0.857835
0.892046
0.0516173
-0.337296
-0.572021
0.621974
0.529881
-0.128236
-0.0655609
0.742617
0.59397
-0.436961
-0.291008
-0.670887
-0.0424756
-0.780459
0.578523
-0.605829
-0.878069
0.536031
0.311486
0.737568
-0.883984
0.0324956
0.11051
0.36692
0.00974608
0.0656835
0.195681
0.0139445
-0.754605
0.2755
-0.468673
-0.385744
-0.364008
0.975486
-0.842151
0.493887
-0.0589279
0.602835
0.868226
-0.44907
0.782326
0.159005
0.249992
0.0977627
0.482777
-0.983559
0.205936
0.0279777
0.985715
-0.390633
-0.980301
-0.638702
-0.398332
-0.3697
-0.919726
-0.0581561
0.850674
-0.492962
-0.998963
-0.123283
0.141422
0.522053
-0.65092
0.892031
-0.220871
0.479592
0.162081
-0.327265
0.57798
0.782452
0.389751
-0.182204
0.318814
0.0495738
0.472246
0.0696074
0.825218
0.945013
-0.45697
0.346805
-0.00514982
-0.412306
-0.206976
-0.787492
-0.523552
-0.334883
0.27964
-0.208498
-0.614419
0.496365
-0.977621
-0.199607
-0.684377
-0.0828513
0.28706
-0.517875
-0.254889
0.660181
-0.0610176
-0.035378
0.365715
-0.441779
-0.445776
-0.696517
-0.243579
-0.559205
-0.713005
-0.530194
-0.955787
0.446752
-0.349896
-0.670367
0.820472
-0.00718807
-0.0180061
0.376478
0.417488
-0.420673
-0.594533
-0.553487
-0.793899
0.29339
-0.251568
0.35281
0.679967
0.5201
0.391083
-0.547806
-0.65045
-0.760033
0.911932
-0.471862
0.881603
-0.586931
0.284361
0.217474
0.945474
0.181366
-0.455345
-0.723196
0.431673
-0.930672
-0.890559
-0.131807
0.661605
0.497957
-0.0173434
-0.637251
0.778352
0.0351811
0.961225
-0.350382
0.496043
0.649775
0.16439
0.719854
0.836267
-0.904712
0.472994
-0.191564
-0.820453
-0.271595
0.016851
0.937825
0.621446
-0.352077
-0.347191
0.552262
-0.148657
0.59172
-0.604647
-0.619112
0.565787
-0.335231
-0.0592513
0.399453
-0.853792
-0.439614
0.794168
-0.695806
-0.179709
0.207103
0.128368
-0.439548
0.790418
0.345369
-0.824253
0.0633406
-0.967342
-0.00925045
-0.380631
-0.901936
-0.84476
-0.225955
-0.983346
-0.738378
0.843129
-0.64479
-0.695623
0.144285
-0.582496
0.614903
-0.860619
-0.88543
0.0245687
0.337285
-0.223033
-0.535604
0.714611
-0.554223
-0.750245
-0.482387
0.957751
-0.304706
0.962801
-0.722453
0.929032
-0.40679
0.219068
0.333209
-0.758461
0.875457
-0.586131
-0.735244
0.548751
0.00999818
0.857364
0.933977
0.884628
-0.404942
-0.639202
0.169905
-0.611954
-0.82597
0.697381
-0.250756
0.823382
0.638291
-0.231086
-0.316379
-0.448393
-0.377373
0.585706
-0.0311447
-0.0183941
0.510256
0.229183
-0.104206
0.542117
0.761982
0.0970102
0.305663
-0.263399
0.556347
-0.919754
-0.902369
-0.514192
0.612585
-0.131526
0.955643
0.489878
-0.373433
0.776211
-0.310167
-0.801271
0.946905
0.997823
0.777408
-0.923951
0.668537
-0.327546
0.34937
0.111381
-0.199287
0.644231
-0.464609
-0.170675
-0.991613
0.0316286
0.832839
-0.157225
0.101799
-0.972222
0.0318936
-0.837161
-0.307778
0.346113
0.466358
-0.281098
-0.921858
-0.344283
-0.0382498
0.377192
0.13732
-0.628801
0.652906
0.15654
0.137526
-0.373271
-0.787726
-0.0494284
-0.485925
0.446584
0.042787
0.473821
-0.383918
-0.237685
-0.205799
-0.279872
0.491533
-0.67362
0.983361
0.522551
0.263415
-0.237845
-0.283002
0.706665
-0.854946
-0.194204
-0.00553618
0.210801
0.154281
-0.874225
-0.747827
-0.912406
0.996763
0.653804
0.0400701
-0.293086
0.786122
0.306904
0.904861
0.0659176
0.236657
-0.459866
-0.209366
-0.869075
-0.676678
0.837972
0.632831
-0.552786
-0.271457
0.772207
0.577585
0.951006
-0.130316
-0.398517
0.462273
0.17653
0.735492
-0.144695
-0.614941
0.300509
0.0756251
0.688117
-0.0503894
0.159207
-0.668373
0.617959
0.301049
-0.503766
0.533014
-0.293654
0.851605
-0.443522
-0.529272
-0.31822
0.679444
-0.289619
-0.986718
-0.403573
-0.0929685
0.326362
-0.87596
-0.319348
0.60753
0.870825
-0.507749
0.980574
0.465832
-0.699015
-0.824817
-0.45818
-0.899613
0.22474
0.121679
-0.640818
-0.941365
0.691693
-0.50976
-0.696615
-0.756024
0.221001
-0.385201
0.100227
0.809602
-0.0425965
-0.117432
-0.713551
0.120574
-0.325218
-0.731057
0.431059
-0.751587
-0.5686
0.201446
-0.257655
-0.608053
-0.760388
-0.695235
-0.878426
-0.00897582
0.911702
0.044784
-0.307835
0.925596
0.0197445
-0.2311
0.501026
0.521218
0.801433
-0.0382863
0.987802
-0.870982
0.073026
0.694162
-0.54399
0.665109
0.174949
0.787062
-0.62202
0.00504333
0.667187
-0.0395117
0.873603
-0.738062
-0.834334
0.420074
0.103336
0.644508
0.738825
0.264714
-0.231149
-0.549833
0.26555
-0.686135
0.737184
0.438441
-0.0210057
0.985905
-0.854357
0.427793
0.7445
0.792281
0.442116
-0.767034
0.461194
-0.0685867
0.254322
0.193348
-0.672726
-0.314477
0.123644
0.767415
0.285301
-0.550905
0.30229
0.373789
0.185476
-0.840688
0.983932
-0.354033
0.215706
-0.800099
-0.657045
-0.0520935
0.67138
-0.252088
-0.232657
0.634095
-0.442305
-0.511645
-0.269907
-0.461592
-0.878981
0.964189
-0.484251
-0.900359
-0.281102
-0.8808
-0.892801
0.989831
-0.486368
-0.506056
0.816311
-0.702432
-0.715325
0.157281
0.402087
0.635221
-0.69737
0.572467
-0.614543
-0.0393062
-0.646854
0.0942322
0.433533
0.336138
-0.054134
-0.820179
0.268367
0.841003
-0.0497324
-0.164462
0.646783
-0.375677
0.315333
-0.95
-0.180039
0.286552
0.150337
0.664196
0.817961
0.0979994
0.0103676
0.371376
-0.883457
-0.261935
0.664091
-0.492012
0.380919
-0.0281816
0.00626733
-0.929719
-0.837843
0.377494
-0.642903
-0.0676041
-0.987736
-0.457432
0.29687
-0.774418
0.731078
0.216583
0.395394
-0.914295
0.148962
-0.414729
0.661595
-0.0695998
-0.925295
-0.379017
0.0949628
0.891093
-0.865407
-0.0282733
0.751067
0.917246
0.788746
0.0296585
-0.131995
-0.476674
0.0918778
-0.983873
0.0823797
0.22524
0.789948
0.419406
-0.181219
0.0631212
0.522546
0.856362
-0.838988
0.201503
-0.160488
0.111339
-0.968349
-0.880481
-0.262463
-0.775891
-0.490364
-0.331176
0.677346
-0.623835
0.0617376
-0.85646
-0.0362758
0.352252
0.721636
-0.933172
-0.0165207
-0.103676
-0.671312
0.811307
-0.507534
-0.842372
-0.0410626
-0.893553
-0.819249
-0.999369
-0.497035
-0.834793
-0.869003
0.438655
0.745251
0.949279
0.162077
0.351996
0.399514
0.567097
0.630634
0.0804897
-0.24784
0.810031
-0.390899
-0.05218
-0.650335
-0.22164
-0.118347
0.0620911
0.986045
0.90673
0.927821
0.720631
-0.0964664
-0.562861
-0.962187
-0.335507
0.576374
0.504036
-0.117863
-0.914891
0.729913
-0.43193
-0.459599
-0.558171
0.676924
-0.977935
0.8132
-0.582234
-0.852133
0.253531
0.866918
-0.940135
-0.283211
0.287047
0.00382249
0.083872
0.748836
0.11706
-0.250637
0.135611
-0.678713
-0.807762
0.243391
0.0820656
-0.886647
-0.619322
0.615597
0.451846
-0.632105
0.274237
-0.293134
-0.418708
0.0828894
-0.745278
-0.964044
0.416112
0.0794173
0.767159
0.0615724
0.81479
-0.280342
0.325147
-0.88934
0.256133
0.712572
0.26248
0.98973
-0.643156
0.339819
-0.330356
-0.75038
-0.278601
0.722784
-0.326317
-0.171268
0.144282
-0.864681
0.948063
-0.846273
0.191415
-0.257726
0.338339
0.851963
0.881487
0.172188
0.688111
0.845369
0.723379
0.0893001
0.00470444
-0.284382
-0.208674
0.102728
0.855884
-0.724275
0.420473
0.206959
-0.0734621
0.663137
-0.315804
0.361818
0.55156
-0.16363
-0.920812
-0.149424
-0.0207327
-0.67902
0.988968
-0.89864
0.254308
-0.247387
0.135603
0.257295
-0.464427
0.638484
0.951655
0.0920511
-0.905042
-0.114007
-0.808246
0.992464
-0.951042
0.892654
-0.920029
-0.889049
0.52399
-0.245325
0.260014
0.641519
0.0529765
-0.810192
0.274983
0.998909
0.1456
-0.635868
-0.619137
-0.116139
-0.805895
-0.677374
-0.629215
-0.915726
-0.784295
-0.370525
0.93171
0.932279
-0.0107135
-0.11867
0.348199
-0.604342
0.00110776
0.346742
-0.633709
-0.81305
0.777421
-0.446849
0.710383
-0.0920138
-0.837065
-0.205551
-0.83899
-0.790359
-0.869849
-0.352444
-0.237052
-0.669273
-0.284975
-0.703295
-0.0403711
0.1021
0.565855
0.0608508
-0.502814
-0.67604
-0.951053
0.259563
0.533849
0.784624
-0.130558
-0.91985
-0.756842
0.642642
-0.923991
0.234598
0.387514
0.160158
-0.99938
-0.615562
0.10072
0.291917
-0.394704
0.248072
-0.64238
-0.447477
0.0158061
-0.58442
-0.822592
-0.0152954
0.865826
0.414555
0.763582
0.478762
0.620945
-0.692946
0.370805
0.605576
-0.656821
-0.0583896
-0.594907
-0.39693
0.38431
-0.31389
-0.82831
0.851563
0.618247
0.515876
0.704607
-0.18382
0.569078
0.9611
0.651802
-0.0358896
-0.361434
0.270816
-0.211512
0.199329
-0.818685
0.892174
0.43509
0.313259
0.941237
0.0826055
0.216127
-0.962746
-0.0154096
-0.744922
0.756859
-0.708042
0.656859
0.198219
-0.72905
-0.633662
0.225946
0.334212
0.810023
-0.271625
0.234896
-0.40444
0.964079
0.48289
0.921974
0.933131
0.552252
-0.140771
0.969505
0.249965
0.181481
0.582737
-0.345909
-0.906084
0.576523
-0.298462
0.154506
0.360783
-0.880038
-0.727682
0.648636
-0.39976
-0.689094
-0.173498
0.0511911
-0.0512231
-0.807256
-0.545237
-0.599377
-0.779699
0.35783
-0.568664
-0.816642
-0.0658426
0.799157
0.938559
0.417179
-0.787269
0.1896
-0.593678
-0.249468
-0.338451
0.443363
0.910113
0.644787
-0.223906
-0.945934
-0.965376
-0.643016
-0.858892
-0.340686
0.737034
0.447697
-0.161768
-0.0527439
0.171817
-0.57021
-0.0551785
-0.17196
-0.519931
0.87879
-0.606369
0.27133
-0.690314
0.929166
0.787041
-0.202499
-0.592718
0.744968
0.848848
-0.498037
-0.942004
-0.519198
0.672982
-0.313471
0.0854503
-0.212827
0.641534
0.336948
-0.942085
-0.315836
-0.798887
0.128272
-0.751689
0.830904
-0.418662
-0.68678
0.205467
0.0299023
-0.332045
0.631827
-0.808037
0.467045
0.88018
0.737757
-0.968941
0.360773
0.115752
0.826596
0.238272
-0.199628
0.208702
-0.207497
-0.71521
-0.404824
0.589811
0.355619
-0.915076
-0.909716
0.676487
-0.157473
0.668511
0.00848788
0.305676
0.311763
-0.857655
-0.362012
-0.511616
-0.511932
-0.392864
0.486457
-0.424537
0.0151409
0.725314
-0.435236
-0.882665
0.0365412
0.257639
0.661709
-0.0753496
0.736831
-0.845781
0.610902
0.239691
-0.447357
-0.638725
-0.403605
-0.0976177
0.635839
0.927984
-0.650542
-0.960984
0.527823
-0.359546
-0.761829
-0.0464346
0.0710181
-0.197591
0.93777
-0.803486
0.187604
-0.576582
-0.394955
0.657865
0.0906266
-0.128475
-0.654076
0.70397
-0.535796
-0.811263
0.605722
-0.656002
0.807885
-0.672273
0.488856
-0.704991
0.959402
-0.655695
0.891487
-0.302617
0.81707
-0.0853859
0.0685505
-0.294386
-0.12244
0.31454
-0.917121
-0.00120103
-0.764372
-0.144402
0.944779
-0.353107
0.945968
-0.118316
0.528016
-0.265696
-0.459831
0.764496
-0.88366
0.35312
0.984138
-0.382435
-0.204015
-0.256761
-0.212947
0.561428
-0.00719473
0.509649
-0.724487
0.543194
0.268387
-0.717138
-0.974831
0.110017
0.417083
0.0184675
0.228712
0.964936
-0.228341
-0.783299
-0.774212
-0.14586
0.251349
-0.0366481
-0.620072
-0.529637
0.0310403
-0.584112
0.953349
0.0224102
0.144417
0.303506
-0.882113
0.0842526
-0.166687
0.342362
0.172705
-0.664913
-0.328633
0.888353
0.887265
0.593758
0.72497
-0.255731
-0.296059
-0.263037
0.175132
-0.261055
0.485742
0.0775345
0.819732
0.486545
0.223835
0.282951
-0.700541
-0.0966762
-0.000994693
-0.444537
-0.0114143
-0.654976
-0.397633
-0.3838
-0.916984
-0.879297
0.354992
0.510755
0.688948
-0.0622771
0.295654
0.717712
0.216803
0.680193
-0.70164
0.00611401
0.849346
-0.527394
0.303297
0.352185
0.935114
0.537825
0.237853
0.854929
0.875599
-0.523698
-0.0821765
-0.251576
-0.128573
-0.714161
-0.452878
0.356137
0.078915
-0.0188444
0.559725
0.618541
-0.0745893
0.282862
0.754113
-0.177292
0.614676
-0.361919
-0.136732
0.15592
-0.0996753
-0.669639
0.871924
-0.555877
-0.248892
0.254266
-0.924183
0.193759
-0.600817
0.383211
0.395871
0.514394
0.26248
0.722303
0.145441
0.660466
-0.981539
0.561538
-0.756599
-0.645638
0.247499
-0.121906
0.887402
0.618575
-0.598288
-0.580652
-0.742961
-0.69989
0.813358
0.220099
0.0760302
0.480829
0.104133
-0.817867
-0.177908
0.433149
-0.837855
-0.316211
0.0619741
-0.675962
-0.541386
-0.0541176
-0.72855
0.827165
-0.0722636
0.609289
0.0987061
-0.522055
0.440875
-0.611763
-0.680359
0.894161
0.375076
-0.0105044
0.419023
-0.198919
0.930845
0.357761
0.179556
-0.209589
0.66796
0.630697
0.578631
-0.615892
0.560349
0.589908
0.137718
-0.0416354
-0.61787
-0.928396
-0.649176
0.321596
-0.999773
-0.412259
-0.386217
-0.993911
0.84463
-0.0370805
-0.093317
-0.454215
-0.731537
-0.605643
0.970695
0.201767
-0.309365
-0.712511
-0.610124
-0.933051
-0.0390507
0.10768
-0.348528
0.429554
-0.981457
0.582867
0.849676
0.342232
-0.650445
-0.912032
-0.168628
0.0381041
0.448856
0.0500604
-0.163313
-0.788387
-0.337541
0.196993
-0.360653
-0.673152
0.17157
0.949225
0.46033
0.436424
0.483149
-0.5712
0.902345
0.785949
-0.934521
-0.958186
0.789995
0.468998
0.102876
0.0401565
-0.710393
-0.095044
-0.776975
-0.605863
-0.923939
0.381648
-0.891023
0.62069
-0.608755
0.304073
-0.756705
-0.129964
-0.212236
0.341064
0.713439
0.690016
0.943946
-0.646799
-0.747801
0.707282
-0.961664
-0.994097
-0.375781
-0.00906088
0.679886
-0.322777
0.895919
0.189309
-0.671944
0.4467
-0.553735
-0.703442
-0.990864
0.192976
-0.915643
0.0828024
0.0761025
0.786566
0.834883
-0.829809
-0.0754167
-0.328411
-0.718757
0.45869
-0.889274
0.723947
-0.652726
-0.619557
0.271237
-0.35557
0.579837
-0.905701
-0.32726
-0.220296
-0.593867
-0.127861
-0.145054
0.541366
0.506104
-0.711213
0.603393
0.73638
0.813615
0.825962
0.966397
0.150563
0.461264
-0.974601
-0.477141
0.803766
0.784286
0.494118
-0.261673
0.805708
-0.584912
0.48856
-0.2406
0.493756
-0.867587
0.633329
-0.146552
-0.987095
0.0606566
0.694499
0.108917
-0.897777
0.188942
0.127466
0.254714
-0.0767905
-0.304908
-0.54246
0.525827
0.0686223
-0.996808
-0.276782
0.0591056
0.805044
-0.489199
-0.588709
-0.907342
-0.229384
-0.0489522
-0.62772
-0.771395
-0.0648896
0.996764
0.807618
0.991207
-0.415119
0.712681
-0.030446
0.355509
-0.748526
-0.903996
-0.930836
-0.726823
-0.480899
-0.320531
0.500432
0.0973938
0.416324
-0.999683
-0.373297
-0.60579
0.693969
0.914616
-0.326836
0.735674
-0.630329
-0.599509
-0.550558
0.712859
0.135365
0.445794
-0.415543
0.109501
-0.524432
-0.467954
-0.931273
0.329509
0.375341
0.0992169
0.856644
-0.39615
0.62173
-0.46422
-0.650443
-0.661298
0.817315
-0.618926
-0.163526
-0.867437
-0.730344
0.125543
0.658825
0.0241571
-0.136156
-0.321658
0.316337
-0.750521
0.223721
0.286494
0.651699
0.454702
-0.141297
-0.127026
0.521392
0.848826
0.577282
-0.638034
0.36059
0.120292
-0.0163566
-0.905428
-0.183657
-0.472773
0.236997
0.126771
0.803394
0.0841786
0.588052
-0.478539
-0.623078
0.752012
0.990885
0.998522
0.799079
0.528712
-0.509081
-0.0565204
-0.921552
-0.327897
0.562048
0.275705
-0.923569
-0.646939
-0.57284
-0.222664
0.445238
0.817842
0.978513
-0.287838
0.866111
-0.729688
0.783998
-0.212697
0.488559
-0.848581
-0.419534
-0.00481314
0.688596
-0.0589337
0.594367
-0.917974
0.781766
-0.17663
-0.101087
0.354216
0.464729
-0.941708
-0.841672
-0.0861735
0.00311039
0.15453
0.816138
0.911502
0.0875611
-0.917156
0.62295
-0.65018
-0.81669
0.100991
-0.790922
-0.752594
-0.715696
0.464225
0.210878
-0.444215
-0.012815
-0.336214
-0.419224
0.950442
0.988801
-0.128667
-0.288015
-0.248612
0.187086
-0.204525
-0.655146
-0.00367696
-0.191826
-0.061264
0.698165
0.10564
0.438218
-0.512037
0.238599
-0.705465
0.829791
0.234526
-0.56985
-0.652453
-0.583325
-0.15339
-0.11524
0.184571
-0.825609
-0.249232
-0.899655
0.789691
-0.255556
-0.716474
-0.122887
0.463595
-0.867266
0.621915
-0.976152
-0.117066
0.24918
-0.0276402
0.456124
-0.726458
-0.899905
-0.674631
-0.156276
0.783057
0.067012
0.246741
0.0277083
-0.239706
-0.11726
-0.23022
0.231038
-0.703041
0.799617
0.636006
0.39678
-0.907547
-0.41754
-0.826414
-0.92386
0.965435
-0.667612
-0.15328
-0.886033
-0.733136
-0.316506
0.612294
-0.737565
-0.9415
0.251738
-0.124405
0.285957
0.636301
-0.850067
0.0835318
0.119752
-0.0257385
0.0482332
0.214944
-0.765577
0.817392
-0.600609
0.346266
-0.757404
-0.63364
-0.610981
0.0862067
-0.966864
-0.670493
0.0235084
0.949771
-0.414716
0.0859547
0.116768
-0.393188
-0.648352
-0.198765
-0.65672
-0.759784
-0.449456
-0.977475
-0.468244
0.207722
-0.832209
0.191771
