Total Initial Robots: 25
Insertion Auction


[DATA]
0, 0
1, 0
2, 0
3, 0
4, 0
5, 0
6, 0
7, 0
8, 0
9, 0
10, 0
11, 0
12, 0
13, 0
14, 0
15, 0
16, 0
17, 0
18, 0
19, 0
20, 0
21, 0
22, 0
23, 0
24, 0
25, 0
26, 0
27, 0
28, 0
29, 0
30, 0
31, 0
32, 0
33, 0
34, 0
35, 0
36, 0
37, 0
38, 0
39, 0
40, 0
41, 0
42, 0
43, 0
44, 0
45, 0
46, 0
47, 0
48, 0
49, 0
50, 0
51, 0
52, 0
53, 0
54, 0
55, 0
56, 0
57, 0
58, 0
59, 0
60, 0
61, 0
62, 0
63, 0
64, 0
65, 0
66, 0, 
67, 0, 
68, 0, 
69, 0, 
70, 0, 
71, 0, 
72, 0, 
73, 0, 
74, 0, 
75, 0, 
76, 0, 
77, 0, 
78, 0, 
79, 0, 
80, 0, 0, 
81, 0, 0, 0, 
82, 0, 0, 0, 0, 
83, 0, 0.0012631, 0, 0, 0, 
84, 0, 0.0050065, 0, 0, 0, 0, 
85, 0, 0.00779432, 0, 0, 0, 0, 0, 
86, 0, 0.00779432, 0.00194622, 0, 0, 0, 0, 
87, 0, 0.0098264, 0.00745273, 0, 0, 0, 0, 0, 
88, 0, 0.0136289, 0.00745273, 0, 0, 0, 0, 0, 0, 
89, 0, 0.0136289, 0.00745273, 0.00122814, 0, 0, 0.00246842, 0, 0, 
90, 0, 0.0136289, 0.00990906, 0.00331329, 0, 0, 0.00586701, 0, 0.00818187, 0, 
91, 0, 0.0136289, 0.0110133, 0.00575407, 0, 0, 0.0087619, 0, 0.0160466, 0, 0, 
92, 0, 0.0136289, 0.0110133, 0.0083316, 0, 0, 0.0111614, 0, 0.0239113, 0, 0, 
93, 0, 0.0148192, 0.0110133, 0.0109615, 0, 0, 0.0130426, 0, 0.0313709, 0, 0, 0, 
94, 0, 0.0165196, 0.0110133, 0.0135868, 0, 0, 0.0142985, 0, 0.0381112, 0, 0, 0, 0, 
95, 0, 0.0185814, 0.0110133, 0.0162389, 0, 0, 0.0142985, 0, 0.0435687, 0, 0, 0, 0, 0, 
96, 0, 0.0197501, 0.0110133, 0.018893, 0, 0, 0.0142985, 0, 0.0498161, 0, 0, 0, 0, 0, 0, 
97, 0, 0.0197501, 0.0110133, 0.0215429, 0, 0, 0.0142985, 0, 0.0534371, 0, 0, 0, 0, 0, 0, 
98, 0, 0.0197501, 0.0110133, 0.0241857, 0, 0, 0.0142985, 0, 0.0548885, 0, 0, 0, 0, 0.00135578, 0, 0, 
99, 0, 0.0197501, 0.0110133, 0.0268171, 0, 0, 0.0142985, 0, 0.0548885, 0, 0, 0, 0, 0.00349833, 0, 0, 0, 
100, 0, 0.0197501, 0.0110133, 0.0294257, 0, 0, 0.0156171, 0, 0.0548885, 0, 0, 0, 0.00257868, 0.0056409, 0, 0, 0, 
101, 0, 0.0216562, 0.0110133, 0.0319965, 0.00137649, 0, 0.0173357, 0, 0.0548885, 0, 0, 0, 0.00716138, 0.00854755, 0.00123668, 0, 0, 0, 
102, 0, 0.0244188, 0.0110133, 0.0345132, 0.00325923, 0, 0.0193314, 0, 0.0565039, 0, 0, 0, 0.0132882, 0.012126, 0.00362462, 0.00123456, 0, 0, 0, 
103, 0, 0.0275647, 0.0110133, 0.0369612, 0.00539859, 0, 0.0214788, 0, 0.0581143, 0, 0, 0, 0.0132882, 0.0162842, 0.00362462, 0.0027281, 0, 0, 0, 0, 
104, 0, 0.0308769, 0.0110133, 0.0393274, 0.00756536, 0, 0.0233571, 0, 0.0606077, 0, 0, 0, 0.0179374, 0.0223842, 0.0059334, 0.00458187, 0, 0, 0, 0, 
105, 0, 0.0320089, 0.0110133, 0.0415588, 0.0094513, 0, 0.0256018, 0, 0.063652, 0, 0, 0, 0.0232324, 0.0281821, 0.0110381, 0.00663337, 0, 0.00159293, 0, 0, 0, 
106, 0, 0.0341374, 0.0110133, 0.0436088, 0.0114252, 0, 0.0273959, 0, 0.0668366, 0, 0, 0, 0.0279681, 0.0338698, 0.0120636, 0.00879315, 0, 0.0036059, 0, 0, 0, 0, 
107, 0, 0.0365118, 0.0110133, 0.0454915, 0.0133106, 0, 0.0288016, 0, 0.0703089, 0, 0, 0, 0.0279681, 0.0395422, 0.0139397, 0.0110117, 0.00478009, 0.00586355, 0, 0, 0, 0, 
108, 0, 0.0390792, 0.0110133, 0.0472205, 0.0148443, 0, 0.0305603, 0, 0.0734331, 0, 0, 0, 0.0279681, 0.0452189, 0.0139397, 0.01326, 0.00809049, 0.00586355, 0.00541704, 0, 0, 0.00416011, 0, 
109, 0, 0.0390792, 0.0110133, 0.0488287, 0.0170456, 0, 0.0321026, 0, 0.0762589, 0, 0, 0, 0.0279681, 0.050865, 0.015559, 0.0144915, 0.0147325, 0.00586355, 0.0119185, 0, 0, 0.010312, 0, 0, 
110, 0, 0.0390792, 0.0110133, 0.0503621, 0.0185638, 0, 0.0332343, 0, 0.0788164, 0, 0, 0, 0.0279681, 0.050865, 0.0190529, 0.0170503, 0.0219917, 0.0094133, 0.0171728, 0, 0, 0.0174266, 0, 0, 
111, 0, 0.0409501, 0.0110133, 0.0518058, 0.0196333, 0, 0.0332343, 0, 0.0811302, 0, 0, 0, 0.0279681, 0.050865, 0.0220381, 0.0208866, 0.0309901, 0.0158653, 0.0216281, 0, 0, 0.0242907, 0, 0, -nan, 
112, 0, 0.0432237, 0.0110133, 0.0531539, 0.0196333, 0, 0.0332343, 0, 0.0832253, 0, 0, 0, 0.0279681, 0.0530695, 0.0220381, 0.0250704, 0.0391296, 0.0221828, 0.0216281, 0, 0, 0.0309059, 0.00131163, 0, -nan, 
113, 0, 0.0446682, 0.0110133, 0.0544067, 0.0196333, 0, 0.0332343, 0, 0.0900745, 0, 0, 0, 0.0279681, 0.0593059, 0.0243438, 0.0285798, 0.0391296, 0.0294443, 0.0229834, 0, 0.00168337, 0.0372151, 0.00262324, 0, -nan, 
114, 0, 0.0446682, 0.0110133, 0.0555648, 0.0196333, 0, 0.0332343, 0, 0.095226, 0, 0, 0, 0.0279681, 0.0682085, 0.0274846, 0.0329265, 0.0391296, 0.0370028, 0.0308068, 0, 0.0034029, 0.0437317, 0.0115577, 0, -nan, 
115, 0, 0.0446682, 0.0110133, 0.0566428, 0.0196333, 0, 0.0332343, 0, 0.0995021, 0, 0, 0, 0.0279681, 0.0771623, 0.0305569, 0.0375745, 0.043746, 0.0444809, 0.0396915, 0, 0.0121567, 0.0502002, 0.0178439, 0, -nan, 
116, 0, 0.0446682, 0.0110133, 0.0566428, 0.0196333, 0, 0.0332343, 0, 0.102447, 0, 0, 0, 0.0279681, 0.0861292, 0.0305569, 0.0423149, 0.0519815, 0.0518767, 0.0444186, 0, 0.0189733, 0.0566196, 0.0249687, 0, -nan, 
117, 0, 0.0446682, 0.0110133, 0.0566428, 0.0196333, 0, 0.0343141, 0, 0.102447, 0, 0, 0, 0.0279681, 0.0946072, 0.0320981, 0.046852, 0.0556041, 0.0592798, 0.053334, 0, 0.0264573, 0.062995, 0.0326185, 0, -nan, 
118, 0, 0.0446682, 0.0110133, 0.0566428, 0.020766, 0, 0.0343141, 0, 0.102447, 0, 0, 0, 0.0279681, 0.103607, 0.0320981, 0.0514879, 0.0643572, 0.0667259, 0.0622553, 0, 0.0343527, 0.0693304, 0.0406052, 0, -nan, 
119, 0, 0.0446682, 0.0110133, 0.0566428, 0.020766, 0, 0.0343141, 0, 0.107338, 0, 0, 0, 0.031075, 0.112606, 0.0363411, 0.0562483, 0.0731504, 0.0742094, 0.071183, 0, 0.0425124, 0.0756294, 0.0488171, 0, -nan, 
120, 0, 0.0446682, 0.0110133, 0.0566428, 0.020766, 0, 0.0343141, 0, 0.111612, 0, 0, 0, 0.031075, 0.121606, 0.0421349, 0.0611136, 0.0819761, 0.0817263, 0.0801168, 0, 0.05085, 0.0818952, 0.0571857, 0, -nan, 
121, 0, 0.0446682, 0.0110133, 0.0566428, 0.020766, 0, 0.0357168, 0, 0.115039, 0, 0, 0, 0.031075, 0.130605, 0.0489689, 0.0660685, 0.0908281, 0.0892729, 0.0890562, 0, 0.0593125, 0.0881307, 0.0656674, 0, -nan, 
122, 0, 0.0468436, 0.0110133, 0.0566428, 0.0227609, 0, 0.0376174, 0, 0.119082, 0, 0, 0, 0.0328893, 0.139605, 0.0564562, 0.0711012, 0.0997011, 0.0968465, 0.0980007, 0, 0.0678661, 0.0943381, 0.0742332, 0, -nan, 
123, 0, 0.0468436, 0.0110133, 0.0566428, 0.0251601, 0, 0.0388457, 0, 0.124575, 0, 0.0017423, 0, 0.0365401, 0.148604, 0.0643573, 0.0762021, 0.108591, 0.104445, 0.10695, 0, 0.0764882, 0.10052, 0.0828632, 0, -nan, 
124, 0, 0.0468436, 0.0110133, 0.0566428, 0.0262042, 0.00220412, 0.0411827, 0, 0.130865, 0, 0.00421292, 0, 0.0417989, 0.157603, 0.0725299, 0.0813634, 0.117496, 0.112065, 0.115903, 0, 0.0851629, 0.106677, 0.0915435, 0, -nan, 
125, 0, 0.0468436, 0.0110133, 0.0566428, 0.0302252, 0.00524905, 0.0444015, 0, 0.137635, 0, 0.00717229, 0, 0.0481443, 0.166603, 0.080887, 0.0865786, 0.126412, 0.119706, 0.124859, 0, 0.0938791, 0.112812, 0.100264, 0, -nan, 
126, 0, 0.0468436, 0.0110133, 0.0566428, 0.0357292, 0.00883001, 0.0482647, 0, 0.144676, 0, 0.0104869, 0, 0.0551922, 0.175602, 0.0893742, 0.0918426, 0.135338, 0.127367, 0.133819, 0, 0.102629, 0.118927, 0.109017, 0, -nan, 
127, 0, 0.0468436, 0.0110133, 0.0566428, 0.0419924, 0.0127838, 0.0525976, 0, 0.151795, 0, 0.0140749, 0, 0.0626977, 0.184602, 0.097956, 0.0971507, 0.144272, 0.135045, 0.142781, 0, 0.111405, 0.125022, 0.117796, 0, -nan, 
128, 0, 0.0490736, 0.0110133, 0.0566428, 0.0487087, 0.0170135, 0.0572811, 0, 0.15872, 0, 0.0178813, 0, 0.0705109, 0.193601, 0.106608, 0.102499, 0.153213, 0.142739, 0.151746, 0, 0.120204, 0.131098, 0.126597, 0, -nan, 
129, 0, 0.0529836, 0.0110133, 0.0566428, 0.0557255, 0.0214569, 0.0622336, 0, 0.164972, 0, 0.0218672, 0, 0.0785379, 0.202601, 0.115315, 0.107884, 0.162161, 0.150449, 0.160713, 0, 0.129022, 0.137157, 0.135417, 0, -nan, 
130, 0, 0.0582447, 0.0110133, 0.0566428, 0.0629566, 0.0260708, 0.0673975, 0, 0.169827, 0, 0.026004, 0, 0.0867188, 0.2116, 0.124063, 0.113304, 0.171113, 0.158173, 0.169682, 0, 0.137855, 0.143201, 0.144253, 0, -nan, 
131, 0, 0.064435, 0.0110133, 0.0566428, 0.0703482, 0.0308244, 0.0727314, 0, 0.169827, 0, 0.0302697, 0, 0.0950134, 0.220599, 0.132845, 0.118755, 0.18007, 0.165912, 0.178653, 0, 0.146702, 0.149228, 0.153102, 0, -nan, 
132, 0, 0.0712442, 0.0110133, 0.0566428, 0.077865, 0.0356949, 0.0782049, 0, 0.169827, 0, 0.0346475, 0, 0.103392, 0.229599, 0.141654, 0.124236, 0.189032, 0.173663, 0.187625, 0, 0.15556, 0.155242, 0.161963, 0, -nan, 
133, 0, 0.0784743, 0.0110133, 0.0566428, 0.0854822, 0.0406647, 0.0837946, 0, 0.169827, 0, 0.039124, 0, 0.111835, 0.238598, 0.150486, 0.129745, 0.197996, 0.181426, 0.196599, 0, 0.164428, 0.161241, 0.170834, 0, -nan, 
134, 0, 0.0860005, 0.0110133, 0.0566428, 0.0931818, 0.0457202, 0.0894829, 0, 0.169827, 0, 0.0436885, 0, 0.12032, 0.247597, 0.159338, 0.13528, 0.206964, 0.189201, 0.205575, 0, 0.173305, 0.167227, 0.179714, 0, -nan, 
135, 0, 0.0937424, 0.0110133, 0.0566428, 0.10095, 0.0508506, 0.0952556, 0, 0.169827, 0, 0.0483325, 0, 0.128828, 0.256597, 0.168206, 0.140839, 0.215935, 0.196987, 0.214551, 0, 0.182189, 0.173201, 0.188602, 0, -nan, 
136, 0, 0.101647, 0.0110133, 0.0566428, 0.108778, 0.0560472, 0.101102, 0, 0.169827, 0, 0.053049, 0, 0.137323, 0.265596, 0.177088, 0.146421, 0.224908, 0.204783, 0.223529, 0, 0.19108, 0.179163, 0.197496, 0, -nan, 
137, 0, 0.109676, 0.0110133, 0.0566428, 0.116657, 0.0613029, 0.107012, 0, 0.172791, 0, 0.0578325, 0, 0.145694, 0.274595, 0.185982, 0.152026, 0.233884, 0.21259, 0.232508, 0, 0.199977, 0.185113, 0.206397, 0, -nan, 
138, 0, 0.117804, 0.0110133, 0.0566428, 0.12458, 0.0666119, 0.112979, 0, 0.172791, 0, 0.0626788, 0, 0.145694, 0.283595, 0.194887, 0.157652, 0.242862, 0.220406, 0.241488, 0, 0.208878, 0.191053, 0.215303, 0, -nan, 
139, 0, 0.126012, 0.0110133, 0.0566428, 0.132542, 0.0719695, 0.118997, 0, 0.172791, 0, 0.0676211, 0, 0.145694, 0.292594, 0.203801, 0.163298, 0.251841, 0.228232, 0.250469, 0, 0.217785, 0.196982, 0.224214, 0, -nan, 
140, 0, 0.134285, 0.0110133, 0.0566428, 0.140541, 0.0773883, 0.125084, 0, 0.172791, 0, 0.0725875, 0, 0.145694, 0.301593, 0.212723, 0.168963, 0.260822, 0.236066, 0.25945, 0, 0.226695, 0.202901, 0.233129, 0, -nan, 
141, 0, 0.142613, 0.0110133, 0.0566428, 0.148602, 0.0828351, 0.131204, 0, 0.175751, 0, 0.0775767, 0, 0.145694, 0.310592, 0.221652, 0.174647, 0.269805, 0.24391, 0.268432, 0, 0.23561, 0.20881, 0.242049, 0, -nan, 
142, 0, 0.15106, 0.0110133, 0.0566428, 0.156684, 0.0883077, 0.137355, 0, 0.175751, 0, 0.0825874, 0, 0.145694, 0.319592, 0.230588, 0.180349, 0.278789, 0.251761, 0.277416, 0, 0.244527, 0.214709, 0.250971, 0, -nan, 
143, 0, 0.159537, 0.0110133, 0.0566428, 0.164785, 0.0938041, 0.143534, 0, 0.175751, 0, 0.0876185, 0, 0.145694, 0.328591, 0.239529, 0.186068, 0.287775, 0.259621, 0.286399, 0, 0.253447, 0.2206, 0.259898, 0, -nan, 
144, 0, 0.16804, 0.0110133, 0.0566428, 0.172903, 0.0993226, 0.14974, 0, 0.175751, 0, 0.0926688, 0, 0.145694, 0.33759, 0.248476, 0.191804, 0.296761, 0.267488, 0.295384, 0, 0.26237, 0.226482, 0.268826, 0, -nan, 
145, 0, 0.176567, 0.0110133, 0.0566428, 0.181037, 0.104862, 0.155969, 0, 0.175751, 0, 0.0977375, 0, 0.145694, 0.346589, 0.257427, 0.197557, 0.305749, 0.275363, 0.304369, 0, 0.271295, 0.232356, 0.277758, 0, -nan, 
146, 0, 0.185114, 0.0110133, 0.0566428, 0.189187, 0.11042, 0.16222, 0, 0.179385, 0, 0.102824, 0, 0.145694, 0.355588, 0.266383, 0.203326, 0.314738, 0.283245, 0.313354, 0, 0.280222, 0.238222, 0.286692, 0, -nan, 
147, 0, 0.193681, 0.0110133, 0.0566428, 0.197351, 0.115996, 0.168492, 0, 0.179385, 0, 0.107926, 0, 0.145694, 0.364587, 0.275342, 0.20911, 0.323728, 0.291135, 0.32234, 0, 0.289151, 0.244079, 0.295628, 0, -nan, 
148, 0, 0.202264, 0.0110133, 0.0566428, 0.205528, 0.121589, 0.174783, 0, 0.179385, 0, 0.113045, 0, 0.146779, 0.373586, 0.284305, 0.214909, 0.332718, 0.299031, 0.331327, 0, 0.298081, 0.249929, 0.304566, 0, -nan, 
149, 0, 0.210864, 0.0110133, 0.0566428, 0.213718, 0.127198, 0.181092, 0, 0.179385, 0, 0.118184, 0, 0.14869, 0.382586, 0.293272, 0.220724, 0.34171, 0.306935, 0.340314, 0, 0.307013, 0.255772, 0.313506, 0, -nan, 
150, 0, 0.219477, 0.0110133, 0.0566428, 0.221921, 0.132824, 0.187421, 0, 0.18057, 0, 0.123339, 0, 0.150945, 0.391585, 0.302241, 0.226554, 0.350702, 0.314845, 0.349301, 0, 0.315946, 0.261607, 0.322448, 0, -nan, 
151, 0, 0.228104, 0.0110133, 0.0566428, 0.23014, 0.138465, 0.193768, 0, 0.184869, 0, 0.128501, 0, 0.153148, 0.400584, 0.311213, 0.232398, 0.359695, 0.322761, 0.358289, 0, 0.324879, 0.267436, 0.331391, 0, -nan, 
152, 0, 0.236754, 0.0110133, 0.0566428, 0.238376, 0.144116, 0.20013, 0, 0.184869, 0, 0.133664, 0, 0.153148, 0.409583, 0.320188, 0.238257, 0.368689, 0.330684, 0.367278, 0, 0.333814, 0.273257, 0.340335, 0, -nan, 
153, 0, 0.245432, 0.0110133, 0.0566428, 0.246624, 0.149776, 0.206502, 0, 0.184869, 0, 0.138811, 0, 0.154221, 0.418582, 0.329165, 0.244131, 0.377683, 0.338614, 0.376266, 0, 0.342749, 0.279072, 0.34928, 0, -nan, 
154, 0, 0.254129, 0.0110133, 0.057657, 0.254877, 0.155437, 0.212877, 0, 0.184869, 0, 0.143981, 0, 0.155914, 0.427581, 0.338144, 0.250019, 0.386678, 0.346549, 0.385255, 0, 0.351685, 0.28488, 0.358227, 0, -nan, 
155, 0, 0.262831, 0.0110133, 0.0586928, 0.263118, 0.161111, 0.219268, 0, 0.187115, 0, 0.149159, 0, 0.157484, 0.43658, 0.347126, 0.255922, 0.395673, 0.354491, 0.394245, 0, 0.360621, 0.290682, 0.367174, 0, -nan, 
156, 0, 0.271492, 0.0110133, 0.0597508, 0.271376, 0.166796, 0.22567, 0, 0.192198, 0, 0.149159, 0, 0.157484, 0.445579, 0.356109, 0.261839, 0.404669, 0.362438, 0.403235, 0, 0.369557, 0.296478, 0.376123, 0, -nan, 
157, 0, 0.280181, 0.0110133, 0.0608305, 0.279644, 0.172489, 0.232084, 0, 0.192198, 0, 0.149159, 0, 0.157484, 0.454578, 0.365094, 0.26777, 0.413666, 0.370392, 0.412225, 0, 0.378493, 0.302268, 0.385072, 0, -nan, 
158, 0, 0.288881, 0.0110133, 0.0619359, 0.287918, 0.17819, 0.238505, 0, 0.192198, 0, 0.149159, 0, 0.157484, 0.463577, 0.374081, 0.273717, 0.422663, 0.378351, 0.421215, 0, 0.38743, 0.308052, 0.394021, 0, -nan, 
159, 0, 0.297583, 0.0110133, 0.0630764, 0.296194, 0.183899, 0.244937, 0, 0.192198, 0, 0.149159, 0, 0.158723, 0.472576, 0.383069, 0.279678, 0.43166, 0.386317, 0.430206, 0, 0.396365, 0.31383, 0.402972, 0, -nan, 
160, 0, 0.306277, 0.0110133, 0.0642421, 0.30448, 0.189617, 0.251379, 0, 0.196301, 0, 0.149159, 0, 0.159981, 0.481574, 0.392059, 0.285655, 0.440658, 0.394288, 0.439197, 0, 0.405301, 0.319602, 0.411922, 0, -nan, 
161, 0, 0.314979, 0.0110133, 0.0654343, 0.312776, 0.195344, 0.257831, 0, 0.196301, 0, 0.149159, 0, 0.159981, 0.490573, 0.40105, 0.291647, 0.449656, 0.402264, 0.448188, 0, 0.414235, 0.325369, 0.420873, 0, -nan, 
162, 0, 0.323694, 0.0110133, 0.066651, 0.321083, 0.201077, 0.264291, 0, 0.200492, 0, 0.149159, 0, 0.159981, 0.499572, 0.410043, 0.297654, 0.458654, 0.410247, 0.45718, 0, 0.423169, 0.33113, 0.429824, 0, -nan, 
163, 0, 0.332422, 0.0110133, 0.0679087, 0.329396, 0.206815, 0.270758, 0, 0.20621, 0, 0.149159, 0, 0.159981, 0.508571, 0.419037, 0.303678, 0.467653, 0.418235, 0.466172, 0, 0.432102, 0.336886, 0.438775, 0, -nan, 
164, 0, 0.341152, 0.0110133, 0.0691931, 0.337713, 0.212561, 0.277234, 0, 0.20621, 0, 0.149159, 0, 0.159981, 0.51757, 0.428031, 0.309719, 0.476652, 0.426228, 0.475164, 0, 0.441034, 0.342637, 0.447727, 0, -nan, 
165, 0, 0.349878, 0.0110133, 0.0705179, 0.346041, 0.218312, 0.283717, 0, 0.20621, 0, 0.149159, 0, 0.159981, 0.526569, 0.437027, 0.315776, 0.485652, 0.434227, 0.484156, 0, 0.449964, 0.348382, 0.456678, 0, -nan, 
166, 0, 0.358618, 0.0110133, 0.0718952, 0.354373, 0.22407, 0.290208, 0, 0.211603, 0, 0.149159, 0, 0.159981, 0.535568, 0.446024, 0.321851, 0.494651, 0.442232, 0.493149, 0, 0.458893, 0.354122, 0.465629, 0, -nan, 
167, 0, 0.367355, 0.0110133, 0.073309, 0.362716, 0.229833, 0.296705, 0, 0.218247, 0, 0.15093, 0, 0.159981, 0.544567, 0.455022, 0.327944, 0.503651, 0.450242, 0.502142, 0, 0.46782, 0.359858, 0.474579, 0, -nan, 
168, 0, 0.376105, 0.0110133, 0.0747547, 0.371063, 0.2356, 0.303209, 0, 0.226312, 0, 0.153114, 0, 0.159981, 0.553566, 0.46402, 0.334056, 0.512651, 0.458257, 0.511135, 0, 0.476745, 0.365588, 0.483529, 0, -nan, 
169, 0, 0.384854, 0.0110133, 0.0762561, 0.379416, 0.241374, 0.30972, 0, 0.235305, 0, 0.155247, 0, 0.161031, 0.562565, 0.473019, 0.340188, 0.521651, 0.466278, 0.520129, 0, 0.485667, 0.371313, 0.492479, 0, -nan, 
170, 0, 0.393603, 0.0110133, 0.0778192, 0.38778, 0.247154, 0.31624, 0, 0.235305, 0, 0.155247, 0.00287338, 0.161031, 0.571564, 0.482018, 0.34634, 0.530651, 0.474305, 0.529123, 0, 0.494586, 0.377034, 0.501427, 0, -nan, 
171, 0, 0.402362, 0.0110133, 0.0794544, 0.396156, 0.252936, 0.322763, 0, 0.244283, 0, 0.156366, 0.00812696, 0.161031, 0.580563, 0.491018, 0.352512, 0.539651, 0.482337, 0.538117, 0, 0.503502, 0.382749, 0.510375, 0, -nan, 
172, 0, 0.411136, 0.0110133, 0.0812083, 0.404535, 0.258721, 0.329292, 0, 0.253266, 0, 0.158033, 0.0149284, 0.161031, 0.589562, 0.500018, 0.358706, 0.548651, 0.490374, 0.547111, 0, 0.512415, 0.38846, 0.519321, 0, -nan, 
173, 0, 0.419909, 0.0110133, 0.0830133, 0.412918, 0.264512, 0.33583, 0, 0.26224, 0, 0.158033, 0.0231204, 0.161031, 0.598561, 0.509018, 0.364923, 0.55765, 0.498416, 0.556106, 0, 0.521323, 0.394166, 0.528266, 0, -nan, 
174, 0, 0.428679, 0.0110133, 0.0849283, 0.421317, 0.270302, 0.342368, 0, 0.271164, 0, 0.159172, 0.0231204, 0.162065, 0.607559, 0.518018, 0.371162, 0.566649, 0.506463, 0.565101, 0, 0.530226, 0.399868, 0.53721, 0, -nan, 
175, 0, 0.437471, 0.0110133, 0.0869671, 0.429708, 0.276097, 0.348914, 0.00106953, 0.279992, 0, 0.160599, 0.0320866, 0.162065, 0.616558, 0.527017, 0.377426, 0.575648, 0.514516, 0.574096, 0, 0.539124, 0.405565, 0.546151, 0, -nan, 
176, 0, 0.446241, 0.0110133, 0.0891512, 0.438117, 0.281895, 0.355467, 0.00229852, 0.279992, 0, 0.160599, 0.041045, 0.162065, 0.625556, 0.536017, 0.383718, 0.584646, 0.522573, 0.583092, 0, 0.548015, 0.411258, 0.55509, 0, -nan, 
177, 0, 0.455033, 0.0110133, 0.0914921, 0.446538, 0.28769, 0.362019, 0.00376512, 0.288734, 0, 0.160599, 0.0496312, 0.162065, 0.634553, 0.545016, 0.390044, 0.593643, 0.530634, 0.592088, 0, 0.556899, 0.416946, 0.564027, 0, -nan, 
178, 0, 0.463841, 0.0123832, 0.0941208, 0.454943, 0.293489, 0.368575, 0.00524247, 0.297385, 0.0010703, 0.160599, 0.0576762, 0.163357, 0.643549, 0.554014, 0.39642, 0.602638, 0.5387, 0.601084, 0, 0.565774, 0.422629, 0.572959, 0, -nan, 
179, 0, 0.472612, 0.0144045, 0.0966826, 0.463356, 0.299291, 0.375138, 0.00694079, 0.30598, 0.00231567, 0.162136, 0.0655951, 0.163357, 0.652545, 0.563012, 0.402874, 0.611632, 0.546768, 0.610081, 0, 0.574639, 0.428308, 0.581888, 0, -nan, 
180, 0, 0.481386, 0.0163412, 0.0994578, 0.471786, 0.305096, 0.381709, 0.00886967, 0.314563, 0.00375008, 0.163551, 0.0737088, 0.163357, 0.661539, 0.572008, 0.40945, 0.620624, 0.554839, 0.619078, 0, 0.583493, 0.433983, 0.590812, 0, -nan, 
181, 0, 0.490179, 0.0189563, 0.10245, 0.480238, 0.310899, 0.388285, 0.0110384, 0.323176, 0.00539377, 0.163551, 0.0820437, 0.163357, 0.670533, 0.581004, 0.416194, 0.629614, 0.56291, 0.628075, 0, 0.592332, 0.439653, 0.59973, 0, -nan, 
182, 0, 0.499003, 0.0222022, 0.105661, 0.488698, 0.3167, 0.394855, 0.0134531, 0.331829, 0.00727471, 0.163551, 0.0905414, 0.165114, 0.679528, 0.589998, 0.423139, 0.638601, 0.570978, 0.637073, 0, 0.601154, 0.445319, 0.608641, 0, -nan, 
183, 0, 0.507832, 0.0260444, 0.10909, 0.497117, 0.322505, 0.401431, 0.0161316, 0.340519, 0.00942502, 0.163551, 0.0991455, 0.165114, 0.688526, 0.59899, 0.430283, 0.647584, 0.57904, 0.646071, 0, 0.609956, 0.450981, 0.617542, 0, -nan, 
184, 0, 0.516591, 0.0304474, 0.112751, 0.505557, 0.328312, 0.408012, 0.01911, 0.349246, 0.0118736, 0.163551, 0.0991455, 0.166951, 0.697526, 0.60798, 0.437593, 0.656564, 0.587087, 0.65507, 0, 0.618733, 0.456638, 0.626432, 0, -nan, 
185, 0, 0.525368, 0.0354114, 0.11668, 0.514009, 0.334119, 0.414596, 0.0224382, 0.358018, 0.0147163, 0.165816, 0.0991455, 0.166951, 0.70652, 0.616968, 0.44499, 0.665539, 0.595106, 0.664069, 0, 0.627479, 0.462291, 0.635309, 0, -nan, 
186, 0, 0.534154, 0.0409602, 0.120929, 0.522456, 0.339924, 0.421192, 0.0261694, 0.366787, 0.0177721, 0.168326, 0.0991455, 0.169287, 0.71548, 0.625953, 0.452287, 0.674509, 0.603065, 0.673068, 0, 0.636189, 0.467939, 0.644167, 0, -nan, 
187, 0, 0.542921, 0.0471054, 0.125551, 0.530973, 0.345726, 0.427788, 0.0305313, 0.375654, 0.0210186, 0.168326, 0.0991455, 0.169287, 0.724339, 0.634936, 0.458811, 0.683472, 0.610898, 0.682068, 0, 0.644853, 0.473584, 0.653003, 0, -nan, 
188, 0, 0.551783, 0.053826, 0.130778, 0.539485, 0.35152, 0.434379, 0.0351881, 0.384634, 0.0244332, 0.168326, 0.0991455, 0.172511, 0.733061, 0.643915, 0.463635, 0.692427, 0.618413, 0.691068, 0, 0.653462, 0.479224, 0.661815, 0, -nan, 
189, 0, 0.560636, 0.0613193, 0.13627, 0.547909, 0.357262, 0.440969, 0.040123, 0.384634, 0.02785, 0.171973, 0.0991455, 0.172511, 0.738483, 0.65289, 0.467864, 0.701373, 0.624917, 0.700068, 0, 0.662009, 0.484859, 0.670601, 0, -nan, 
190, 0, 0.569371, 0.0690648, 0.142013, 0.556251, 0.363114, 0.447573, 0.0453268, 0.384634, 0.030901, 0.176134, 0.0991455, 0.177032, 0.738483, 0.661862, 0.471565, 0.710308, 0.624917, 0.709067, 0, 0.670489, 0.490491, 0.679368, 0, -nan, 
191, 0, 0.578007, 0.0770405, 0.148017, 0.564805, 0.368408, 0.454167, 0.0503118, 0.384634, 0.0329127, 0.176134, 0.0991455, 0.182228, 0.738483, 0.670829, 0.475095, 0.719232, 0.624917, 0.718065, 0, 0.678911, 0.496118, 0.688135, 0, -nan, 
192, 0, 0.58686, 0.0846151, 0.153826, 0.573192, 0.37277, 0.460769, 0.0540275, 0.384634, 0.0329127, 0.182803, 0.0991455, 0.182228, 0.741905, 0.679792, 0.478446, 0.728142, 0.624917, 0.727062, 0, 0.687297, 0.50174, 0.696933, 0, -nan, 
193, 0, 0.595569, 0.0889834, 0.158421, 0.581529, 0.37277, 0.467365, 0.0558616, 0.384634, 0.0329127, 0.182803, 0.0991455, 0.189737, 0.746559, 0.688751, 0.481614, 0.737043, 0.624917, 0.736058, 0, 0.695684, 0.507359, 0.705798, 0, -nan, 
194, 0, 0.604206, 0.0889834, 0.160819, 0.58997, 0.375741, 0.473937, 0.0558616, 0.384634, 0.0329127, 0.190538, 0.0991455, 0.189737, 0.750479, 0.697706, 0.484589, 0.745939, 0.624917, 0.745055, 0, 0.704111, 0.512973, 0.714797, 0, -nan, 
195, 0, 0.612963, 0.0889834, 0.162337, 0.597363, 0.380477, 0.480527, 0.0558616, 0.384634, 0.0329127, 0.197601, 0.0991455, 0.197254, 0.750479, 0.706659, 0.487355, 0.754841, 0.624917, 0.754055, 0, 0.712896, 0.518583, 0.723797, 0, -nan, 
196, 0, 0.621037, 0.0889834, 0.162337, 0.60586, 0.38842, 0.487043, 0.0558616, 0.384634, 0.0329127, 0.205381, 0.0991455, 0.197254, 0.750479, 0.715611, 0.489884, 0.76376, 0.624917, 0.763049, 0, 0.721248, 0.524188, 0.732796, 0, -nan, 
197, 0, 0.629755, 0.090015, 0.162337, 0.612858, 0.39614, 0.493643, 0.0558616, 0.384634, 0.0329127, 0.205381, 0.0991455, 0.197254, 0.750479, 0.724564, 0.492131, 0.772742, 0.624917, 0.772044, 0, 0.721248, 0.529789, 0.741795, 0, -nan, 
198, 0, 0.637716, 0.090015, 0.162337, 0.620967, 0.405008, 0.50021, 0.0558616, 0.384634, 0.0329127, 0.205381, 0.0991455, 0.197254, 0.750479, 0.733508, 0.49402, 0.78172, 0.624917, 0.781038, 0, 0.721248, 0.535385, 0.750791, 0, -nan, 
199, 0, 0.646174, 0.090015, 0.162337, 0.627201, 0.405008, 0.506963, 0.0558616, 0.384634, 0.0329127, 0.205381, 0.0991455, 0.197254, 0.750479, 0.742443, 0.495408, 0.790697, 0.624917, 0.790031, 0, 0.721248, 0.540977, 0.750791, 0, -nan, 
200, 0, 0.65348, 0.090015, 0.162337, 0.635018, 0.405008, 0.513821, 0.0558616, 0.384634, 0.0329127, 0.205381, 0.0991455, 0.197254, 0.750479, 0.751374, 0.495408, 0.799673, 0.624917, 0.799024, 0, 0.721248, 0.546565, 0.750791, 0, -nan, 
201, 0, 0.661477, 0.090015, 0.162337, 0.64372, 0.405008, 0.520735, 0.0558616, 0.384634, 0.0329127, 0.205381, 0.0991455, 0.197254, 0.750479, 0.760297, 0.495408, 0.808648, 0.624917, 0.808021, 0, 0.721248, 0.552148, 0.750791, 0, -nan, 
202, 0, 0.669956, 0.090015, 0.162337, 0.646408, 0.405008, 0.527627, 0.0558616, 0.384634, 0.0329127, 0.205381, 0.0991455, 0.197254, 0.750479, 0.76921, 0.495408, 0.817588, 0.624917, 0.817018, 0, 0.721248, 0.557726, 0.750791, 0, -nan, 
203, 0, 0.678956, 0.090015, 0.162337, 0.649935, 0.405008, 0.534492, 0.0558616, 0.384634, 0.0329127, 0.205381, 0.0991455, 0.197254, 0.750479, 0.77815, 0.495408, 0.826524, 0.624917, 0.826015, 0, 0.721248, 0.5633, 0.750791, 0, -nan, 
204, 0, 0.687952, 0.090015, 0.162337, 0.65371, 0.405008, 0.541317, 0.0558616, 0.384634, 0.0329127, 0.205381, 0.0991455, 0.204604, 0.750479, 0.787085, 0.495408, 0.835455, 0.624917, 0.835012, 0, 0.721248, 0.568869, 0.750791, 0, -nan, 
205, 0, 0.696926, 0.090015, 0.162337, 0.65724, 0.405008, 0.548091, 0.0558616, 0.384634, 0.0329127, 0.209885, 0.0991455, 0.210224, 0.750479, 0.796013, 0.495408, 0.844381, 0.624917, 0.844009, 0, 0.721248, 0.574433, 0.750791, 0, -nan, 
206, 0, 0.705841, 0.090015, 0.162337, 0.660522, 0.405008, 0.554904, 0.0558616, 0.384634, 0.0329127, 0.212869, 0.0991455, 0.213615, 0.750479, 0.804933, 0.495408, 0.853302, 0.624917, 0.853006, 0, 0.721248, 0.579993, 0.750791, 0, -nan, 
207, 0, 0.714641, 0.090015, 0.162337, 0.666643, 0.405008, 0.561717, 0.0558616, 0.384634, 0.0329127, 0.215222, 0.0991455, 0.213615, 0.750479, 0.813845, 0.495408, 0.862216, 0.624917, 0.862002, 0, 0.721248, 0.585547, 0.750791, 0, -nan, 
208, 0, 0.723284, 0.090015, 0.162337, 0.673054, 0.405008, 0.568531, 0.0558616, 0.384634, 0.0329127, 0.217185, 0.0991455, 0.213615, 0.750479, 0.822747, 0.495408, 0.871125, 0.624917, 0.870998, 0, 0.721248, 0.591097, 0.750791, 0, -nan, 
209, 0, 0.732091, 0.090015, 0.162337, 0.673054, 0.410954, 0.575333, 0.0558616, 0.384634, 0.0329127, 0.219048, 0.0991455, 0.215216, 0.750479, 0.831639, 0.495408, 0.880026, 0.624917, 0.879994, 0, 0.721248, 0.596642, 0.750791, 0, -nan, 
210, 0, 0.741091, 0.090015, 0.162337, 0.673054, 0.410954, 0.58215, 0.0558616, 0.384634, 0.0329127, 0.220567, 0.0991455, 0.217289, 0.750479, 0.840519, 0.495408, 0.88892, 0.624917, 0.88899, 0, 0.721248, 0.602181, 0.750791, 0, -nan, 
211, 0, 0.749828, 0.090015, 0.162337, 0.673054, 0.410954, 0.588965, 0.0558616, 0.384634, 0.0329127, 0.220567, 0.0991455, 0.219312, 0.750479, 0.849383, 0.495408, 0.897806, 0.624917, 0.897986, 0, 0.721248, 0.607715, 0.750791, 0, -nan, 
212, 0, 0.75878, 0.090015, 0.162337, 0.673054, 0.410954, 0.59578, 0.0558616, 0.384634, 0.0329127, 0.220567, 0.0991455, 0.219312, 0.750479, 0.858229, 0.495408, 0.906682, 0.624917, 0.906981, 0, 0.721248, 0.613244, 0.750791, 0, -nan, 
213, 0, 0.767757, 0.090015, 0.162337, 0.673054, 0.410954, 0.602593, 0.0558616, 0.384634, 0.0329127, 0.220567, 0.0991455, 0.219312, 0.750479, 0.867052, 0.495408, 0.915548, 0.624917, 0.915976, 0, 0.721248, 0.618768, 0.750791, 0, -nan, 
214, 0, 0.776734, 0.090015, 0.162337, 0.673054, 0.410954, 0.609406, 0.0558616, 0.384634, 0.0329127, 0.220567, 0.0991455, 0.220829, 0.750479, 0.875847, 0.495408, 0.924403, 0.624917, 0.92497, 0, 0.721248, 0.624286, 0.750791, 0, -nan, 
215, 0, 0.785722, 0.090015, 0.162337, 0.673054, 0.410954, 0.616214, 0.0558616, 0.384634, 0.0329127, 0.220567, 0.0991455, 0.222229, 0.750479, 0.884608, 0.495408, 0.933245, 0.624917, 0.933964, 0, 0.721248, 0.629798, 0.750791, 0, -nan, 
216, 0, 0.794627, 0.090015, 0.162337, 0.673054, 0.410954, 0.623013, 0.0558616, 0.384634, 0.0329127, 0.220567, 0.0991455, 0.222229, 0.750479, 0.893324, 0.495408, 0.942072, 0.624917, 0.942958, 0, 0.721248, 0.635305, 0.750791, 0, -nan, 
217, 0, 0.803596, 0.090015, 0.162337, 0.673054, 0.410954, 0.629794, 0.0558616, 0.384634, 0.0329127, 0.220567, 0.0991455, 0.222229, 0.750479, 0.901982, 0.495408, 0.950884, 0.624917, 0.95195, 0, 0.721248, 0.640807, 0.750791, 0, -nan, 
218, 0, 0.812593, 0.090015, 0.162337, 0.673054, 0.410954, 0.636557, 0.0558616, 0.384634, 0.0329127, 0.220567, 0.0991455, 0.222229, 0.750479, 0.910562, 0.495408, 0.959676, 0.624917, 0.960943, 0, 0.721248, 0.646304, 0.750791, 0, -nan, 
219, 0, 0.821028, 0.090015, 0.162337, 0.673054, 0.410954, 0.643307, 0.0558616, 0.384634, 0.0329127, 0.220567, 0.0991455, 0.222229, 0.750479, 0.919036, 0.495408, 0.968445, 0.624917, 0.969934, 0, 0.721248, 0.651801, 0.750791, 0, -nan, 
220, 0, 0.829977, 0.090015, 0.162337, 0.673054, 0.410954, 0.650006, 0.0558616, 0.384634, 0.0329127, 0.220567, 0.0991455, 0.222229, 0.750479, 0.927358, 0.495408, 0.977189, 0.624917, 0.978924, 0, 0.721248, 0.657299, 0.750791, 0, -nan, 
221, 0, 0.838956, 0.090015, 0.162337, 0.673054, 0.410954, 0.656685, 0.0558616, 0.384634, 0.0329127, 0.220567, 0.0991455, 0.222229, 0.750479, 0.935455, 0.495408, 0.985901, 0.624917, 0.987914, 0, 0.721248, 0.662796, 0.750791, 0, -nan, 
222, 0, 0.846906, 0.090015, 0.162337, 0.673054, 0.410954, 0.663289, 0.0558616, 0.384634, 0.0329127, 0.220567, 0.0991455, 0.222229, 0.750479, 0.943199, 0.495408, 0.994575, 0.627333, 0.996901, 0, 0.721248, 0.668292, 0.750791, 0, -nan, 
223, 0, 0.855646, 0.090015, 0.162337, 0.673054, 0.410954, 0.669805, 0.0558616, 0.384634, 0.0329127, 0.220567, 0.0991455, 0.222229, 0.750479, 0.950363, 0.495408, 1.0032, 0.627333, 1.00589, 0, 0.721248, 0.673788, 0.750791, 0, -nan, 
224, 0, 0.86279, 0.090015, 0.162337, 0.673054, 0.410954, 0.67628, 0.0558616, 0.384634, 0.0329127, 0.220567, 0.0991455, 0.222229, 0.75282, 0.956542, 0.495408, 1.01177, 0.627333, 1.01487, 0, 0.721248, 0.679283, 0.750791, 0, -nan, 
225, 0, 0.86459, 0.090015, 0.162337, 0.673054, 0.410954, 0.682689, 0.0558616, 0.384634, 0.0329127, 0.220567, 0.0991455, 0.222229, 0.754918, 0.961181, 0.495408, 1.02025, 0.627333, 1.02385, 0, 0.721248, 0.684777, 0.750791, 0, -nan, 
226, 0, 0.870058, 0.090015, 0.162337, 0.673054, 0.410954, 0.689029, 0.0558616, 0.384634, 0.0329127, 0.220567, 0.0991455, 0.222229, 0.754918, 0.964111, 0.495408, 1.02863, 0.627333, 1.03283, 0, 0.721248, 0.690271, 0.750791, 0, -nan, 
227, 0, 0.870058, 0.090015, 0.162337, 0.673054, 0.410954, 0.695293, 0.0558616, 0.384634, 0.0329127, 0.220567, 0.0991455, 0.222229, 0.754918, 0.964111, 0.495408, 1.03687, 0.627333, 1.04179, 0, 0.721248, 0.695764, 0.750791, 0, -nan, 
228, 0, 0.870058, 0.090015, 0.162337, 0.673054, 0.410954, 0.701526, 0.0558616, 0.39044, 0.0329127, 0.220567, 0.0991455, 0.222229, 0.754918, 0.964111, 0.495408, 1.04489, 0.627333, 1.05075, 0, 0.721248, 0.701257, 0.750791, 0, -nan, 
229, 0, 0.870058, 0.090015, 0.164075, 0.67637, 0.410954, 0.707738, 0.0558616, 0.39044, 0.0329127, 0.220567, 0.0991455, 0.222229, 0.754918, 0.964111, 0.495408, 1.05259, 0.629205, 1.0597, 0, 0.721248, 0.706748, 0.750791, 0, -nan, 
230, 0, 0.870058, 0.091043, 0.166529, 0.681234, 0.410954, 0.713963, 0.0558616, 0.39044, 0.0329127, 0.220567, 0.0991455, 0.222229, 0.754918, 0.964111, 0.495408, 1.05978, 0.629205, 1.06861, 0, 0.721248, 0.712239, 0.750791, 0, -nan, 
231, 0, 0.871621, 0.0955207, 0.169055, 0.688049, 0.412097, 0.720136, 0.0558616, 0.39044, 0.0329127, 0.220567, 0.0991455, 0.222229, 0.754918, 0.964111, 0.495408, 1.06614, 0.629205, 1.07744, 0, 0.721248, 0.717728, 0.750791, 0, -nan, 
232, 0, 0.87482, 0.0975782, 0.171778, 0.688049, 0.414321, 0.726113, 0.0558616, 0.39044, 0.0329127, 0.220567, 0.0991455, 0.222229, 0.754918, 0.964111, 0.495408, 1.07123, 0.629205, 1.08603, 0, 0.721248, 0.723217, 0.750791, 0, -nan, 
233, 0, 0.876583, 0.101239, 0.174484, 0.688049, 0.416466, 0.726113, 0.0558616, 0.39044, 0.0329127, 0.220567, 0.0991455, 0.222229, 0.754918, 0.964111, 0.495408, 1.0748, 0.629205, 1.08603, 0, 0.721248, 0.728704, 0.750791, 0, -nan, 
234, 0, 0.876583, 0.101239, 0.177101, 0.691124, 0.416466, 0.730069, 0.0558616, 0.39044, 0.0329127, 0.220567, 0.0991455, 0.222229, 0.754918, 0.964111, 0.495408, 1.0748, 0.629205, 1.08603, 0, 0.721248, 0.73419, 0.750791, 0, -nan, 
235, 0, 0.882625, 0.101239, 0.179097, 0.691124, 0.416466, 0.733254, 0.0558616, 0.39044, 0.0329127, 0.220567, 0.0991455, 0.222229, 0.754918, 0.964111, 0.495408, 1.0748, 0.629205, 1.08603, 0, 0.721248, 0.739674, 0.750791, 0, -nan, 
236, 0, 0.887977, 0.101239, 0.180481, 0.691124, 0.416466, 0.733254, 0.0558616, 0.39044, 0.0329127, 0.220567, 0.0991455, 0.222229, 0.756257, 0.964111, 0.495408, 1.0748, 0.629205, 1.08603, 0, 0.721248, 0.745156, 0.750791, 0, -nan, 
237, 0, 0.887977, 0.101239, 0.180481, 0.691124, 0.416466, 0.733254, 0.0558616, 0.39044, 0.0329127, 0.227492, 0.0991455, 0.224711, 0.756257, 0.964111, 0.495408, 1.0748, 0.629205, 1.08603, 0, 0.721248, 0.750636, 0.750791, 0, -nan, 
238, 0, 0.887977, 0.101239, 0.180481, 0.692168, 0.416466, 0.733254, 0.0558616, 0.39044, 0.0329127, 0.234237, 0.10068, 0.224711, 0.756257, 0.964111, 0.495408, 1.0748, 0.630868, 1.08603, 0, 0.721248, 0.756113, 0.750791, 0, -nan, 
239, 0, 0.887977, 0.102537, 0.180481, 0.70116, 0.416466, 0.734456, 0.0558616, 0.39044, 0.0329127, 0.24003, 0.10068, 0.224711, 0.756257, 0.964111, 0.495408, 1.0748, 0.630868, 1.08603, 0, 0.721248, 0.761587, 0.750791, 0, -nan, 
240, 0, 0.896964, 0.105466, 0.180481, 0.710136, 0.418926, 0.736738, 0.0558616, 0.393682, 0.0396291, 0.244802, 0.10068, 0.224711, 0.756257, 0.964111, 0.495408, 1.0748, 0.632666, 1.08603, 0, 0.721248, 0.767056, 0.750791, 0, -nan, 
241, 0, 0.905867, 0.107244, 0.180481, 0.718909, 0.423041, 0.740063, 0.0558616, 0.395159, 0.0396291, 0.248187, 0.10068, 0.224711, 0.757693, 0.964111, 0.496808, 1.0748, 0.632666, 1.08603, 0, 0.721248, 0.772521, 0.750791, 0, -nan, 
242, 0, 0.905867, 0.107244, 0.180481, 0.718909, 0.428401, 0.744236, 0.0558616, 0.396485, 0.0396291, 0.248187, 0.10068, 0.224711, 0.757693, 0.964111, 0.496808, 1.0748, 0.635202, 1.08603, 0, 0.721248, 0.777979, 0.750791, 0, -nan, 
243, 0, 0.905867, 0.114262, 0.180481, 0.718909, 0.434669, 0.749001, 0.0558616, 0.396485, 0.0407523, 0.248187, 0.10068, 0.224711, 0.758979, 0.964111, 0.496808, 1.0748, 0.635202, 1.08603, 0, 0.721248, 0.783428, 0.750791, 0, -nan, 
244, 0, 0.905867, 0.116549, 0.180481, 0.718909, 0.441055, 0.754184, 0.0558616, 0.396485, 0.0461664, 0.248187, 0.10068, 0.224711, 0.761096, 0.964111, 0.49838, 1.0748, 0.63803, 1.08603, 0, 0.721248, 0.788862, 0.750791, 0, -nan, 
245, 0, 0.905867, 0.116549, 0.180481, 0.718909, 0.447321, 0.760509, 0.0558616, 0.403485, 0.0461664, 0.248187, 0.10068, 0.224711, 0.767032, 0.964111, 0.501899, 1.0748, 0.63803, 1.08603, 0, 0.721248, 0.794271, 0.750791, 0, -nan, 
246, 0, 0.905867, 0.118853, 0.188797, 0.718909, 0.45319, 0.760509, 0.0558616, 0.403485, 0.0461664, 0.248187, 0.10501, 0.224711, 0.767032, 0.964111, 0.501899, 1.0748, 0.63803, 1.08603, 0, 0.721248, 0.799624, 0.750791, 0, -nan, 
247, 0, 0.905867, 0.127641, 0.188797, 0.718909, 0.458338, 0.760509, 0.0558616, 0.404504, 0.0461664, 0.248187, 0.107466, 0.224711, 0.77076, 0.964111, 0.501899, 1.0748, 0.63803, 1.08603, 0, 0.721248, 0.799624, 0.750791, 0, -nan, 
248, 0, 0.905867, 0.129307, 0.193728, 0.718909, 0.462406, 0.760509, 0.0601519, 0.404504, 0.0461664, 0.248187, 0.112011, 0.224711, 0.77076, 0.964111, 0.501899, 1.0748, 0.63803, 1.08603, 0, 0.721248, 0.799624, 0.750791, 0, -nan, 
249, 0, 0.905867, 0.13803, 0.193728, 0.720838, 0.462406, 0.760509, 0.0601519, 0.404504, 0.0497708, 0.248187, 0.116318, 0.224711, 0.77076, 0.964111, 0.501899, 1.0748, 0.64686, 1.08603, 0, 0.721248, 0.799624, 0.750791, 0, -nan, 
250, 0, 0.912704, 0.139112, 0.193728, 0.72734, 0.462406, 0.760509, 0.0601519, 0.40777, 0.0533222, 0.248187, 0.118978, 0.224711, 0.778825, 0.964111, 0.509782, 1.0748, 0.655637, 1.08603, 0, 0.721248, 0.799624, 0.750791, 0, -nan, 
251, 0, 0.921174, 0.14775, 0.193728, 0.73404, 0.462406, 0.760509, 0.0619008, 0.410854, 0.0568357, 0.248187, 0.125262, 0.224711, 0.785802, 0.964111, 0.517658, 1.0748, 0.664178, 1.08603, 0, 0.721248, 0.799624, 0.750791, 0, -nan, 
252, 0, 0.929604, 0.14775, 0.195381, 0.740779, 0.462406, 0.760509, 0.0635656, 0.413804, 0.0568357, 0.248187, 0.132643, 0.224711, 0.793016, 0.964111, 0.525452, 1.0748, 0.664178, 1.08603, 0, 0.721248, 0.799624, 0.750791, 0, -nan, 
253, 0, 0.937963, 0.149908, 0.196882, 0.7474, 0.462406, 0.760509, 0.0651477, 0.416672, 0.0621968, 0.248187, 0.140162, 0.224711, 0.800399, 0.964111, 0.533706, 1.0748, 0.664178, 1.08603, 0, 0.721248, 0.799624, 0.750791, 0, -nan, 
254, 0, 0.946214, 0.151166, 0.198228, 0.753707, 0.462406, 0.760509, 0.0666781, 0.416672, 0.0683005, 0.248187, 0.14776, 0.224711, 0.808898, 0.964111, 0.54108, 1.0748, 0.664178, 1.08603, 0, 0.721248, 0.799624, 0.750791, 0, -nan, 
255, 0, 0.95431, 0.151166, 0.19946, 0.759416, 0.462406, 0.760509, 0.0680797, 0.416672, 0.0754238, 0.248187, 0.154232, 0.224711, 0.817436, 0.964111, 0.54108, 1.0748, 0.664178, 1.08603, 0, 0.721248, 0.799624, 0.750791, 0, -nan, 
256, 0, 0.962186, 0.151166, 0.200591, 0.764125, 0.462406, 0.760509, 0.0693224, 0.416672, 0.0819204, 0.248187, 0.160373, 0.224711, 0.825792, 0.964111, 0.54108, 1.0748, 0.664178, 1.08603, 0, 0.721248, 0.799624, 0.750791, 0, -nan, 
257, 0, 0.969754, 0.151166, 0.201626, 0.767482, 0.462406, 0.760509, 0.070457, 0.419459, 0.0880568, 0.248187, 0.166761, 0.224711, 0.825792, 0.964111, 0.54108, 1.0748, 0.664178, 1.08603, 0, 0.721248, 0.799624, 0.750791, 0, -nan, 
258, 0, 0.976916, 0.151166, 0.201626, 0.767482, 0.462406, 0.760509, 0.0755595, 0.424455, 0.0948587, 0.248187, 0.172586, 0.224711, 0.825792, 0.964111, 0.54108, 1.0748, 0.664178, 1.08603, 0, 0.721248, 0.799624, 0.750791, 0, -nan, 
259, 0, 0.983392, 0.151166, 0.201626, 0.767482, 0.462406, 0.760509, 0.0824756, 0.431524, 0.101819, 0.248187, 0.178837, 0.224711, 0.825792, 0.964111, 0.54108, 1.0748, 0.664178, 1.08603, 0, 0.721248, 0.799624, 0.750791, 0, -nan, 
260, 0, 0.989421, 0.151166, 0.201626, 0.767482, 0.462406, 0.760509, 0.0908018, 0.439674, 0.109129, 0.248187, 0.184896, 0.224711, 0.825792, 0.964111, 0.54108, 1.0748, 0.664178, 1.08603, 0, 0.721248, 0.799624, 0.750791, 0, -nan, 
261, 0, 0.994648, 0.151166, 0.204871, 0.767482, 0.462406, 0.760509, 0.099343, 0.447941, 0.11648, 0.248187, 0.19002, 0.224711, 0.825792, 0.964111, 0.54108, 1.0748, 0.664178, 1.08603, 0, 0.721248, 0.799624, 0.750791, 0, -nan, 
262, 0, 0.998635, 0.151166, 0.211378, 0.767482, 0.462406, 0.760509, 0.107872, 0.456358, 0.123565, 0.248187, 0.19002, 0.224711, 0.825792, 0.964111, 0.54108, 1.0748, 0.664178, 1.08603, 0, 0.721248, 0.799624, 0.750791, 0, -nan, 
263, 0, 0.998635, 0.152254, 0.218623, 0.767482, 0.462406, 0.760509, 0.116344, 0.464923, 0.129256, 0.248187, 0.19002, 0.224711, 0.825792, 0.964111, 0.54108, 1.0748, 0.664178, 1.08603, 0, 0.721248, 0.799624, 0.750791, 0, -nan, 
264, 0, 0.998635, 0.156961, 0.226456, 0.767482, 0.462406, 0.760509, 0.124682, 0.473657, 0.129256, 0.248187, 0.19002, 0.224711, 0.825792, 0.964111, 0.54108, 1.0748, 0.664178, 1.08603, 0, 0.721248, 0.799624, 0.750791, 0, -nan, 
265, 0, 0.998635, 0.164026, 0.234735, 0.767482, 0.462406, 0.760509, 0.132783, 0.481986, 0.129256, 0.248187, 0.19002, 0.224711, 0.825792, 0.964111, 0.54108, 1.0748, 0.664178, 1.08603, 0, 0.721248, 0.799624, 0.750791, 0, -nan, 
266, 0, 0.998635, 0.171821, 0.243371, 0.767482, 0.462406, 0.760509, 0.140336, 0.49003, 0.129256, 0.248187, 0.19002, 0.224711, 0.825792, 0.964111, 0.54108, 1.0748, 0.664178, 1.08603, 0, 0.721248, 0.799624, 0.750791, 0, -nan, 
267, 0, 0.998635, 0.179965, 0.252116, 0.767482, 0.462406, 0.760509, 0.14791, 0.49003, 0.131897, 0.248187, 0.19002, 0.224711, 0.825792, 0.964111, 0.54108, 1.0748, 0.664178, 1.08603, 0, 0.721248, 0.799624, 0.750791, 0, -nan, 
268, 0, 0.998635, 0.188036, 0.260852, 0.767482, 0.462406, 0.760509, 0.153557, 0.49003, 0.131897, 0.248187, 0.19002, 0.224711, 0.825792, 0.964111, 0.54108, 1.0748, 0.664178, 1.08603, 0, 0.721248, 0.799624, 0.750791, 0, -nan, 
269, 0, 0.998635, 0.195749, 0.269407, 0.767482, 0.462406, 0.760509, 0.1593, 0.49003, 0.131897, 0.248187, 0.19002, 0.224711, 0.825792, 0.964111, 0.54108, 1.0748, 0.664178, 1.08603, 0, 0.721248, 0.799624, 0.750791, 0, -nan, 
270, 0, 0.998635, 0.202585, 0.277832, 0.767482, 0.462406, 0.760509, 0.1593, 0.49003, 0.131897, 0.248187, 0.19002, 0.224711, 0.825792, 0.964111, 0.54108, 1.0748, 0.664178, 1.08603, 0, 0.721248, 0.799624, 0.750791, 0, -nan, 
271, 0, 0.998635, 0.209256, 0.285343, 0.767482, 0.462406, 0.760509, 0.162389, 0.49003, 0.131897, 0.248187, 0.19002, 0.224711, 0.825792, 0.964111, 0.54108, 1.0748, 0.664178, 1.08603, 0, 0.721248, 0.799624, 0.750791, 0, -nan, 
272, 0, 0.998635, 0.214773, 0.285343, 0.767482, 0.462406, 0.760509, 0.162389, 0.49003, 0.131897, 0.248187, 0.19002, 0.224711, 0.825792, 0.964111, 0.54108, 1.0748, 0.664178, 1.08603, 0, 0.721248, 0.799624, 0.750791, 0, -nan, 
273, 0, 0.998635, 0.219178, 0.285343, 0.767482, 0.462406, 0.760509, 0.162389, 0.49003, 0.131897, 0.248187, 0.19002, 0.224711, 0.825792, 0.964111, 0.54108, 1.0748, 0.664178, 1.08603, 0, 0.721248, 0.799624, 0.750791, 0, -nan, 
274, 0, 0.998635, 0.224257, 0.285343, 0.767482, 0.462406, 0.760509, 0.162389, 0.49003, 0.131897, 0.248187, 0.19002, 0.224711, 0.825792, 0.964111, 0.54108, 1.0748, 0.664178, 1.08603, 0, 0.721248, 0.799624, 0.750791, 0, -nan, 
275, 0, 0.998635, 0.229012, 0.285343, 0.767482, 0.462406, 0.760509, 0.162389, 0.49003, 0.131897, 0.248187, 0.19002, 0.224711, 0.825792, 0.964111, 0.54108, 1.0748, 0.664178, 1.08603, 0, 0.721248, 0.799624, 0.750791, 0, -nan, 
276, 0, 0.998635, 0.233127, 0.285343, 0.767482, 0.462406, 0.760509, 0.162389, 0.49003, 0.131897, 0.248187, 0.19002, 0.224711, 0.825792, 0.964111, 0.54108, 1.0748, 0.664178, 1.08603, 0, 0.721248, 0.799624, 0.750791, 0, -nan, 
277, 0, 0.998635, 0.236395, 0.285343, 0.767482, 0.462406, 0.760509, 0.162389, 0.49003, 0.131897, 0.248187, 0.19002, 0.224711, 0.825792, 0.964111, 0.54108, 1.0748, 0.664178, 1.08603, 0, 0.721248, 0.799624, 0.750791, 0, -nan, 
278, 0, 0.998635, 0.236395, 0.285343, 0.767482, 0.462406, 0.760509, 0.162389, 0.49003, 0.131897, 0.248187, 0.19002, 0.224711, 0.825792, 0.964111, 0.54108, 1.0748, 0.664178, 1.08603, 0, 0.721248, 0.799624, 0.750791, 0, -nan, 
279, 0, 0.998635, 0.236395, 0.285343, 0.767482, 0.462406, 0.760509, 0.162389, 0.49003, 0.131897, 0.248187, 0.19002, 0.224711, 0.825792, 0.964111, 0.54108, 1.0748, 0.664178, 1.08603, 0, 0.721248, 0.799624, 0.750791, 0, -nan, 
