Total Initial Robots: 25
Insertion Auction


[DATA]
0, 0
1, 0
2, 0
3, 0
4, 0
5, 0
6, 0
7, 0
8, 0
9, 0
10, 0
11, 0
12, 0
13, 0
14, 0
15, 0
16, 0
17, 0
18, 0
19, 0
20, 0
21, 0
22, 0
23, 0
24, 0
25, 0
26, 0
27, 0
28, 0
29, 0
30, 0
31, 0
32, 0
33, 0
34, 0
35, 0
36, 0
37, 0
38, 0
39, 0
40, 0
41, 0
42, 0
43, 0
44, 0
45, 0
46, 0
47, 0
48, 0
49, 0
50, 0
51, 0
52, 0
53, 0
54, 0
55, 0
56, 0
57, 0
58, 0
59, 0
60, 0
61, 0
62, 0
63, 0
64, 0
65, 0
66, 1
67, 0
68, 0
69, 0
70, 0
71, 0
72, 0
73, 0
74, 0
75, 0
76, 0
77, 0
78, 0
79, 0
80, 26
80, 26
80, 26
80, 26
80, 26
80, 26
80, 26
80, 26
80, 26
80, 26
80, 26
80, 26
80, 26
80, 26
80, 26
80, 26
80, 26
80, 26
80, 26
80, 26
80, 26
80, 26
80, 26
80, 26
80, 26
80, 26
81, 27
81, 27
81, 27
81, 27
81, 27
81, 27
81, 27
81, 27
81, 27
81, 27
81, 27
81, 27
81, 27
81, 27
81, 27
81, 27
81, 27
81, 27
81, 27
81, 27
81, 27
81, 27
81, 27
81, 27
81, 27
81, 27
81, 27
82, 20
82, 20
82, 20
82, 20
82, 20
82, 20
82, 20
82, 20
82, 20
82, 20
82, 20
82, 20
82, 20
82, 20
82, 20
82, 20
82, 20
82, 20
82, 20
82, 20
83, 11
83, 11
83, 11
83, 11
83, 11
83, 11
83, 11
83, 11
83, 11
83, 11
83, 11
84, 13
84, 13
84, 13
84, 13
84, 13
84, 13
84, 13
84, 13
84, 13
84, 13
84, 13
84, 13
84, 13
85, 14
85, 14
85, 14
85, 14
85, 14
85, 14
85, 14
85, 14
85, 14
85, 14
85, 14
85, 14
85, 14
85, 14
86, 10
86, 10
86, 10
86, 10
86, 10
86, 10
86, 10
86, 10
86, 10
86, 10
87, 32
87, 32
87, 32
87, 32
87, 32
87, 32
87, 32
87, 32
87, 32
87, 32
87, 32
87, 32
87, 32
87, 32
87, 32
87, 32
87, 32
87, 32
87, 32
87, 32
87, 32
87, 32
87, 32
87, 32
87, 32
87, 32
87, 32
87, 32
87, 32
87, 32
87, 32
87, 32
88, 15
88, 15
88, 15
88, 15
88, 15
88, 15
88, 15
88, 15
88, 15
88, 15
88, 15
88, 15
88, 15
88, 15
88, 15
89, 14
89, 14
89, 14
89, 14
89, 14
89, 14
89, 14
89, 14
89, 14
89, 14
89, 14
89, 14
89, 14
89, 14
90, 34
90, 34
90, 34
90, 34
90, 34
90, 34
90, 34
90, 34
90, 34
90, 34
90, 34
90, 34
90, 34
90, 34
90, 34
90, 34
90, 34
90, 34
90, 34
90, 34
90, 34
90, 34
90, 34
90, 34
90, 34
90, 34
90, 34
90, 34
90, 34
90, 34
90, 34
90, 34
90, 34
90, 34
91, 19
91, 19
91, 19
91, 19
91, 19
91, 19
91, 19
91, 19
91, 19
91, 19
91, 19
91, 19
91, 19
91, 19
91, 19
91, 19
91, 19
91, 19
91, 19
92, 18
92, 18
92, 18
92, 18
92, 18
92, 18
92, 18
92, 18
92, 18
92, 18
92, 18
92, 18
92, 18
92, 18
92, 18
92, 18
92, 18
92, 18
93, 36
93, 36
93, 36
93, 36
93, 36
93, 36
93, 36
93, 36
93, 36
93, 36
93, 36
93, 36
93, 36
93, 36
93, 36
93, 36
93, 36
93, 36
93, 36
93, 36
93, 36
93, 36
93, 36
93, 36
93, 36
93, 36
93, 36
93, 36
93, 36
93, 36
93, 36
93, 36
93, 36
93, 36
93, 36
93, 36
94, 27
94, 27
94, 27
94, 27
94, 27
94, 27
94, 27
94, 27
94, 27
94, 27
94, 27
94, 27
94, 27
94, 27
94, 27
94, 27
94, 27
94, 27
94, 27
94, 27
94, 27
94, 27
94, 27
94, 27
94, 27
94, 27
94, 27
95, 27
95, 27
95, 27
95, 27
95, 27
95, 27
95, 27
95, 27
95, 27
95, 27
95, 27
95, 27
95, 27
95, 27
95, 27
95, 27
95, 27
95, 27
95, 27
95, 27
95, 27
95, 27
95, 27
95, 27
95, 27
95, 27
95, 27
96, 25
96, 25
96, 25
96, 25
96, 25
96, 25
96, 25
96, 25
96, 25
96, 25
96, 25
96, 25
96, 25
96, 25
96, 25
96, 25
96, 25
96, 25
96, 25
96, 25
96, 25
96, 25
96, 25
96, 25
96, 25
97, 26
97, 26
97, 26
97, 26
97, 26
97, 26
97, 26
97, 26
97, 26
97, 26
97, 26
97, 26
97, 26
97, 26
97, 26
97, 26
97, 26
97, 26
97, 26
97, 26
97, 26
97, 26
97, 26
97, 26
97, 26
97, 26
98, 40
98, 40
98, 40
98, 40
98, 40
98, 40
98, 40
98, 40
98, 40
98, 40
98, 40
98, 40
98, 40
98, 40
98, 40
98, 40
98, 40
98, 40
98, 40
98, 40
98, 40
98, 40
98, 40
98, 40
98, 40
98, 40
98, 40
98, 40
98, 40
98, 40
98, 40
98, 40
98, 40
98, 40
98, 40
98, 40
98, 40
98, 40
98, 40
98, 40
99, 33
99, 33
99, 33
99, 33
99, 33
99, 33
99, 33
99, 33
99, 33
99, 33
99, 33
99, 33
99, 33
99, 33
99, 33
99, 33
99, 33
99, 33
99, 33
99, 33
99, 33
99, 33
99, 33
99, 33
99, 33
99, 33
99, 33
99, 33
99, 33
99, 33
99, 33
99, 33
99, 33
100, 30
100, 30
100, 30
100, 30
100, 30
100, 30
100, 30
100, 30
100, 30
100, 30
100, 30
100, 30
100, 30
100, 30
100, 30
100, 30
100, 30
100, 30
100, 30
100, 30
100, 30
100, 30
100, 30
100, 30
100, 30
100, 30
100, 30
100, 30
100, 30
100, 30
101, 42
101, 42
101, 42
101, 42
101, 42
101, 42
101, 42
101, 42
101, 42
101, 42
101, 42
101, 42
101, 42
101, 42
101, 42
101, 42
101, 42
101, 42
101, 42
101, 42
101, 42
101, 42
101, 42
101, 42
101, 42
101, 42
101, 42
101, 42
101, 42
101, 42
101, 42
101, 42
101, 42
101, 42
101, 42
101, 42
101, 42
101, 42
101, 42
101, 42
101, 42
101, 42
102, 37
102, 37
102, 37
102, 37
102, 37
102, 37
102, 37
102, 37
102, 37
102, 37
102, 37
102, 37
102, 37
102, 37
102, 37
102, 37
102, 37
102, 37
102, 37
102, 37
102, 37
102, 37
102, 37
102, 37
102, 37
102, 37
102, 37
102, 37
102, 37
102, 37
102, 37
102, 37
102, 37
102, 37
102, 37
102, 37
102, 37
103, 39
103, 39
103, 39
103, 39
103, 39
103, 39
103, 39
103, 39
103, 39
103, 39
103, 39
103, 39
103, 39
103, 39
103, 39
103, 39
103, 39
103, 39
103, 39
103, 39
103, 39
103, 39
103, 39
103, 39
103, 39
103, 39
103, 39
103, 39
103, 39
103, 39
103, 39
103, 39
103, 39
103, 39
103, 39
103, 39
103, 39
103, 39
103, 39
104, 36
104, 36
104, 36
104, 36
104, 36
104, 36
104, 36
104, 36
104, 36
104, 36
104, 36
104, 36
104, 36
104, 36
104, 36
104, 36
104, 36
104, 36
104, 36
104, 36
104, 36
104, 36
104, 36
104, 36
104, 36
104, 36
104, 36
104, 36
104, 36
104, 36
104, 36
104, 36
104, 36
104, 36
104, 36
104, 36
105, 45
105, 45
105, 45
105, 45
105, 45
105, 45
105, 45
105, 45
105, 45
105, 45
105, 45
105, 45
105, 45
105, 45
105, 45
105, 45
105, 45
105, 45
105, 45
105, 45
105, 45
105, 45
105, 45
105, 45
105, 45
105, 45
105, 45
105, 45
105, 45
105, 45
105, 45
105, 45
105, 45
105, 45
105, 45
105, 45
105, 45
105, 45
105, 45
105, 45
105, 45
105, 45
105, 45
105, 45
105, 45
106, 42
106, 42
106, 42
106, 42
106, 42
106, 42
106, 42
106, 42
106, 42
106, 42
106, 42
106, 42
106, 42
106, 42
106, 42
106, 42
106, 42
106, 42
106, 42
106, 42
106, 42
106, 42
106, 42
106, 42
106, 42
106, 42
106, 42
106, 42
106, 42
106, 42
106, 42
106, 42
106, 42
106, 42
106, 42
106, 42
106, 42
106, 42
106, 42
106, 42
106, 42
106, 42
107, 40
107, 40
107, 40
107, 40
107, 40
107, 40
107, 40
107, 40
107, 40
107, 40
107, 40
107, 40
107, 40
107, 40
107, 40
107, 40
107, 40
107, 40
107, 40
107, 40
107, 40
107, 40
107, 40
107, 40
107, 40
107, 40
107, 40
107, 40
107, 40
107, 40
107, 40
107, 40
107, 40
107, 40
107, 40
107, 40
107, 40
107, 40
107, 40
107, 40
108, 47
108, 47
108, 47
108, 47
108, 47
108, 47
108, 47
108, 47
108, 47
108, 47
108, 47
108, 47
108, 47
108, 47
108, 47
108, 47
108, 47
108, 47
108, 47
108, 47
108, 47
108, 47
108, 47
108, 47
108, 47
108, 47
108, 47
108, 47
108, 47
108, 47
108, 47
108, 47
108, 47
108, 47
108, 47
108, 47
108, 47
108, 47
108, 47
108, 47
108, 47
108, 47
108, 47
108, 47
108, 47
108, 47
108, 47
109, 46
109, 46
109, 46
109, 46
109, 46
109, 46
109, 46
109, 46
109, 46
109, 46
109, 46
109, 46
109, 46
109, 46
109, 46
109, 46
109, 46
109, 46
109, 46
109, 46
109, 46
109, 46
109, 46
109, 46
109, 46
109, 46
109, 46
109, 46
109, 46
109, 46
109, 46
109, 46
109, 46
109, 46
109, 46
109, 46
109, 46
109, 46
109, 46
109, 46
109, 46
109, 46
109, 46
109, 46
109, 46
109, 46
110, 44
110, 44
110, 44
110, 44
110, 44
110, 44
110, 44
110, 44
110, 44
110, 44
110, 44
110, 44
110, 44
110, 44
110, 44
110, 44
110, 44
110, 44
110, 44
110, 44
110, 44
110, 44
110, 44
110, 44
110, 44
110, 44
110, 44
110, 44
110, 44
110, 44
110, 44
110, 44
110, 44
110, 44
110, 44
110, 44
110, 44
110, 44
110, 44
110, 44
110, 44
110, 44
110, 44
110, 44
111, 49
111, 49
111, 49
111, 49
111, 49
111, 49
111, 49
111, 49
111, 49
111, 49
111, 49
111, 49
111, 49
111, 49
111, 49
111, 49
111, 49
111, 49
111, 49
111, 49
111, 49
111, 49
111, 49
111, 49
111, 49
111, 49
111, 49
111, 49
111, 49
111, 49
111, 49
111, 49
111, 49
111, 49
111, 49
111, 49
111, 49
111, 49
111, 49
111, 49
111, 49
111, 49
111, 49
111, 49
111, 49
111, 49
111, 49
111, 49
111, 49
112, 46
112, 46
112, 46
112, 46
112, 46
112, 46
112, 46
112, 46
112, 46
112, 46
112, 46
112, 46
112, 46
112, 46
112, 46
112, 46
112, 46
112, 46
112, 46
112, 46
112, 46
112, 46
112, 46
112, 46
112, 46
112, 46
112, 46
112, 46
112, 46
112, 46
112, 46
112, 46
112, 46
112, 46
112, 46
112, 46
112, 46
112, 46
112, 46
112, 46
112, 46
112, 46
112, 46
112, 46
112, 46
112, 46
113, 48
113, 48
113, 48
113, 48
113, 48
113, 48
113, 48
113, 48
113, 48
113, 48
113, 48
113, 48
113, 48
113, 48
113, 48
113, 48
113, 48
113, 48
113, 48
113, 48
113, 48
113, 48
113, 48
113, 48
113, 48
113, 48
113, 48
113, 48
113, 48
113, 48
113, 48
113, 48
113, 48
113, 48
113, 48
113, 48
113, 48
113, 48
113, 48
113, 48
113, 48
113, 48
113, 48
113, 48
113, 48
113, 48
113, 48
113, 48
114, 48
114, 48
114, 48
114, 48
114, 48
114, 48
114, 48
114, 48
114, 48
114, 48
114, 48
114, 48
114, 48
114, 48
114, 48
114, 48
114, 48
114, 48
114, 48
114, 48
114, 48
114, 48
114, 48
114, 48
114, 48
114, 48
114, 48
114, 48
114, 48
114, 48
114, 48
114, 48
114, 48
114, 48
114, 48
114, 48
114, 48
114, 48
114, 48
114, 48
114, 48
114, 48
114, 48
114, 48
114, 48
114, 48
114, 48
114, 48
115, 48
115, 48
115, 48
115, 48
115, 48
115, 48
115, 48
115, 48
115, 48
115, 48
115, 48
115, 48
115, 48
115, 48
115, 48
115, 48
115, 48
115, 48
115, 48
115, 48
115, 48
115, 48
115, 48
115, 48
115, 48
115, 48
115, 48
115, 48
115, 48
115, 48
115, 48
115, 48
115, 48
115, 48
115, 48
115, 48
115, 48
115, 48
115, 48
115, 48
115, 48
115, 48
115, 48
115, 48
115, 48
115, 48
115, 48
115, 48
116, 48
116, 48
116, 48
116, 48
116, 48
116, 48
116, 48
116, 48
116, 48
116, 48
116, 48
116, 48
116, 48
116, 48
116, 48
116, 48
116, 48
116, 48
116, 48
116, 48
116, 48
116, 48
116, 48
116, 48
116, 48
116, 48
116, 48
116, 48
116, 48
116, 48
116, 48
116, 48
116, 48
116, 48
116, 48
116, 48
116, 48
116, 48
116, 48
116, 48
116, 48
116, 48
116, 48
116, 48
116, 48
116, 48
116, 48
116, 48
117, 48
117, 48
117, 48
117, 48
117, 48
117, 48
117, 48
117, 48
117, 48
117, 48
117, 48
117, 48
117, 48
117, 48
117, 48
117, 48
117, 48
117, 48
117, 48
117, 48
117, 48
117, 48
117, 48
117, 48
117, 48
117, 48
117, 48
117, 48
117, 48
117, 48
117, 48
117, 48
117, 48
117, 48
117, 48
117, 48
117, 48
117, 48
117, 48
117, 48
117, 48
117, 48
117, 48
117, 48
117, 48
117, 48
117, 48
117, 48
118, 48
118, 48
118, 48
118, 48
118, 48
118, 48
118, 48
118, 48
118, 48
118, 48
118, 48
118, 48
118, 48
118, 48
118, 48
118, 48
118, 48
118, 48
118, 48
118, 48
118, 48
118, 48
118, 48
118, 48
118, 48
118, 48
118, 48
118, 48
118, 48
118, 48
118, 48
118, 48
118, 48
118, 48
118, 48
118, 48
118, 48
118, 48
118, 48
118, 48
118, 48
118, 48
118, 48
118, 48
118, 48
118, 48
118, 48
118, 48
119, 48
119, 48
119, 48
119, 48
119, 48
119, 48
119, 48
119, 48
119, 48
119, 48
119, 48
119, 48
119, 48
119, 48
119, 48
119, 48
119, 48
119, 48
119, 48
119, 48
119, 48
119, 48
119, 48
119, 48
119, 48
119, 48
119, 48
119, 48
119, 48
119, 48
119, 48
119, 48
119, 48
119, 48
119, 48
119, 48
119, 48
119, 48
119, 48
119, 48
119, 48
119, 48
119, 48
119, 48
119, 48
119, 48
119, 48
119, 48
120, 48
120, 48
120, 48
120, 48
120, 48
120, 48
120, 48
120, 48
120, 48
120, 48
120, 48
120, 48
120, 48
120, 48
120, 48
120, 48
120, 48
120, 48
120, 48
120, 48
120, 48
120, 48
120, 48
120, 48
120, 48
120, 48
120, 48
120, 48
120, 48
120, 48
120, 48
120, 48
120, 48
120, 48
120, 48
120, 48
120, 48
120, 48
120, 48
120, 48
120, 48
120, 48
120, 48
120, 48
120, 48
120, 48
120, 48
120, 48
121, 48
121, 48
121, 48
121, 48
121, 48
121, 48
121, 48
121, 48
121, 48
121, 48
121, 48
121, 48
121, 48
121, 48
121, 48
121, 48
121, 48
121, 48
121, 48
121, 48
121, 48
121, 48
121, 48
121, 48
121, 48
121, 48
121, 48
121, 48
121, 48
121, 48
121, 48
121, 48
121, 48
121, 48
121, 48
121, 48
121, 48
121, 48
121, 48
121, 48
121, 48
121, 48
121, 48
121, 48
121, 48
121, 48
121, 48
121, 48
122, 48
122, 48
122, 48
122, 48
122, 48
122, 48
122, 48
122, 48
122, 48
122, 48
122, 48
122, 48
122, 48
122, 48
122, 48
122, 48
122, 48
122, 48
122, 48
122, 48
122, 48
122, 48
122, 48
122, 48
122, 48
122, 48
122, 48
122, 48
122, 48
122, 48
122, 48
122, 48
122, 48
122, 48
122, 48
122, 48
122, 48
122, 48
122, 48
122, 48
122, 48
122, 48
122, 48
122, 48
122, 48
122, 48
122, 48
122, 48
123, 48
123, 48
123, 48
123, 48
123, 48
123, 48
123, 48
123, 48
123, 48
123, 48
123, 48
123, 48
123, 48
123, 48
123, 48
123, 48
123, 48
123, 48
123, 48
123, 48
123, 48
123, 48
123, 48
123, 48
123, 48
123, 48
123, 48
123, 48
123, 48
123, 48
123, 48
123, 48
123, 48
123, 48
123, 48
123, 48
123, 48
123, 48
123, 48
123, 48
123, 48
123, 48
123, 48
123, 48
123, 48
123, 48
123, 48
123, 48
124, 48
124, 48
124, 48
124, 48
124, 48
124, 48
124, 48
124, 48
124, 48
124, 48
124, 48
124, 48
124, 48
124, 48
124, 48
124, 48
124, 48
124, 48
124, 48
124, 48
124, 48
124, 48
124, 48
124, 48
124, 48
124, 48
124, 48
124, 48
124, 48
124, 48
124, 48
124, 48
124, 48
124, 48
124, 48
124, 48
124, 48
124, 48
124, 48
124, 48
124, 48
124, 48
124, 48
124, 48
124, 48
124, 48
124, 48
124, 48
125, 48
125, 48
125, 48
125, 48
125, 48
125, 48
125, 48
125, 48
125, 48
125, 48
125, 48
125, 48
125, 48
125, 48
125, 48
125, 48
125, 48
125, 48
125, 48
125, 48
125, 48
125, 48
125, 48
125, 48
125, 48
125, 48
125, 48
125, 48
125, 48
125, 48
125, 48
125, 48
125, 48
125, 48
125, 48
125, 48
125, 48
125, 48
125, 48
125, 48
125, 48
125, 48
125, 48
125, 48
125, 48
125, 48
125, 48
125, 48
126, 48
126, 48
126, 48
126, 48
126, 48
126, 48
126, 48
126, 48
126, 48
126, 48
126, 48
126, 48
126, 48
126, 48
126, 48
126, 48
126, 48
126, 48
126, 48
126, 48
126, 48
126, 48
126, 48
126, 48
126, 48
126, 48
126, 48
126, 48
126, 48
126, 48
126, 48
126, 48
126, 48
126, 48
126, 48
126, 48
126, 48
126, 48
126, 48
126, 48
126, 48
126, 48
126, 48
126, 48
126, 48
126, 48
126, 48
126, 48
127, 48
127, 48
127, 48
127, 48
127, 48
127, 48
127, 48
127, 48
127, 48
127, 48
127, 48
127, 48
127, 48
127, 48
127, 48
127, 48
127, 48
127, 48
127, 48
127, 48
127, 48
127, 48
127, 48
127, 48
127, 48
127, 48
127, 48
127, 48
127, 48
127, 48
127, 48
127, 48
127, 48
127, 48
127, 48
127, 48
127, 48
127, 48
127, 48
127, 48
127, 48
127, 48
127, 48
127, 48
127, 48
127, 48
127, 48
127, 48
128, 48
128, 48
128, 48
128, 48
128, 48
128, 48
128, 48
128, 48
128, 48
128, 48
128, 48
128, 48
128, 48
128, 48
128, 48
128, 48
128, 48
128, 48
128, 48
128, 48
128, 48
128, 48
128, 48
128, 48
128, 48
128, 48
128, 48
128, 48
128, 48
128, 48
128, 48
128, 48
128, 48
128, 48
128, 48
128, 48
128, 48
128, 48
128, 48
128, 48
128, 48
128, 48
128, 48
128, 48
128, 48
128, 48
128, 48
128, 48
129, 48
129, 48
129, 48
129, 48
129, 48
129, 48
129, 48
129, 48
129, 48
129, 48
129, 48
129, 48
129, 48
129, 48
129, 48
129, 48
129, 48
129, 48
129, 48
129, 48
129, 48
129, 48
129, 48
129, 48
129, 48
129, 48
129, 48
129, 48
129, 48
129, 48
129, 48
129, 48
129, 48
129, 48
129, 48
129, 48
129, 48
129, 48
129, 48
129, 48
129, 48
129, 48
129, 48
129, 48
129, 48
129, 48
129, 48
129, 48
130, 48
130, 48
130, 48
130, 48
130, 48
130, 48
130, 48
130, 48
130, 48
130, 48
130, 48
130, 48
130, 48
130, 48
130, 48
130, 48
130, 48
130, 48
130, 48
130, 48
130, 48
130, 48
130, 48
130, 48
130, 48
130, 48
130, 48
130, 48
130, 48
130, 48
130, 48
130, 48
130, 48
130, 48
130, 48
130, 48
130, 48
130, 48
130, 48
130, 48
130, 48
130, 48
130, 48
130, 48
130, 48
130, 48
130, 48
130, 48
131, 48
131, 48
131, 48
131, 48
131, 48
131, 48
131, 48
131, 48
131, 48
131, 48
131, 48
131, 48
131, 48
131, 48
131, 48
131, 48
131, 48
131, 48
131, 48
131, 48
131, 48
131, 48
131, 48
131, 48
131, 48
131, 48
131, 48
131, 48
131, 48
131, 48
131, 48
131, 48
131, 48
131, 48
131, 48
131, 48
131, 48
131, 48
131, 48
131, 48
131, 48
131, 48
131, 48
131, 48
131, 48
131, 48
131, 48
131, 48
132, 48
132, 48
132, 48
132, 48
132, 48
132, 48
132, 48
132, 48
132, 48
132, 48
132, 48
132, 48
132, 48
132, 48
132, 48
132, 48
132, 48
132, 48
132, 48
132, 48
132, 48
132, 48
132, 48
132, 48
132, 48
132, 48
132, 48
132, 48
132, 48
132, 48
132, 48
132, 48
132, 48
132, 48
132, 48
132, 48
132, 48
132, 48
132, 48
132, 48
132, 48
132, 48
132, 48
132, 48
132, 48
132, 48
132, 48
132, 48
133, 48
133, 48
133, 48
133, 48
133, 48
133, 48
133, 48
133, 48
133, 48
133, 48
133, 48
133, 48
133, 48
133, 48
133, 48
133, 48
133, 48
133, 48
133, 48
133, 48
133, 48
133, 48
133, 48
133, 48
133, 48
133, 48
133, 48
133, 48
133, 48
133, 48
133, 48
133, 48
133, 48
133, 48
133, 48
133, 48
133, 48
133, 48
133, 48
133, 48
133, 48
133, 48
133, 48
133, 48
133, 48
133, 48
133, 48
133, 48
134, 48
134, 48
134, 48
134, 48
134, 48
134, 48
134, 48
134, 48
134, 48
134, 48
134, 48
134, 48
134, 48
134, 48
134, 48
134, 48
134, 48
134, 48
134, 48
134, 48
134, 48
134, 48
134, 48
134, 48
134, 48
134, 48
134, 48
134, 48
134, 48
134, 48
134, 48
134, 48
134, 48
134, 48
134, 48
134, 48
134, 48
134, 48
134, 48
134, 48
134, 48
134, 48
134, 48
134, 48
134, 48
134, 48
134, 48
134, 48
135, 48
135, 48
135, 48
135, 48
135, 48
135, 48
135, 48
135, 48
135, 48
135, 48
135, 48
135, 48
135, 48
135, 48
135, 48
135, 48
135, 48
135, 48
135, 48
135, 48
135, 48
135, 48
135, 48
135, 48
135, 48
135, 48
135, 48
135, 48
135, 48
135, 48
135, 48
135, 48
135, 48
135, 48
135, 48
135, 48
135, 48
135, 48
135, 48
135, 48
135, 48
135, 48
135, 48
135, 48
135, 48
135, 48
135, 48
135, 48
136, 48
136, 48
136, 48
136, 48
136, 48
136, 48
136, 48
136, 48
136, 48
136, 48
136, 48
136, 48
136, 48
136, 48
136, 48
136, 48
136, 48
136, 48
136, 48
136, 48
136, 48
136, 48
136, 48
136, 48
136, 48
136, 48
136, 48
136, 48
136, 48
136, 48
136, 48
136, 48
136, 48
136, 48
136, 48
136, 48
136, 48
136, 48
136, 48
136, 48
136, 48
136, 48
136, 48
136, 48
136, 48
136, 48
136, 48
136, 48
137, 48
137, 48
137, 48
137, 48
137, 48
137, 48
137, 48
137, 48
137, 48
137, 48
137, 48
137, 48
137, 48
137, 48
137, 48
137, 48
137, 48
137, 48
137, 48
137, 48
137, 48
137, 48
137, 48
137, 48
137, 48
137, 48
137, 48
137, 48
137, 48
137, 48
137, 48
137, 48
137, 48
137, 48
137, 48
137, 48
137, 48
137, 48
137, 48
137, 48
137, 48
137, 48
137, 48
137, 48
137, 48
137, 48
137, 48
137, 48
138, 48
138, 48
138, 48
138, 48
138, 48
138, 48
138, 48
138, 48
138, 48
138, 48
138, 48
138, 48
138, 48
138, 48
138, 48
138, 48
138, 48
138, 48
138, 48
138, 48
138, 48
138, 48
138, 48
138, 48
138, 48
138, 48
138, 48
138, 48
138, 48
138, 48
138, 48
138, 48
138, 48
138, 48
138, 48
138, 48
138, 48
138, 48
138, 48
138, 48
138, 48
138, 48
138, 48
138, 48
138, 48
138, 48
138, 48
138, 48
139, 48
139, 48
139, 48
139, 48
139, 48
139, 48
139, 48
139, 48
139, 48
139, 48
139, 48
139, 48
139, 48
139, 48
139, 48
139, 48
139, 48
139, 48
139, 48
139, 48
139, 48
139, 48
139, 48
139, 48
139, 48
139, 48
139, 48
139, 48
139, 48
139, 48
139, 48
139, 48
139, 48
139, 48
139, 48
139, 48
139, 48
139, 48
139, 48
139, 48
139, 48
139, 48
139, 48
139, 48
139, 48
139, 48
139, 48
139, 48
140, 48
140, 48
140, 48
140, 48
140, 48
140, 48
140, 48
140, 48
140, 48
140, 48
140, 48
140, 48
140, 48
140, 48
140, 48
140, 48
140, 48
140, 48
140, 48
140, 48
140, 48
140, 48
140, 48
140, 48
140, 48
140, 48
140, 48
140, 48
140, 48
140, 48
140, 48
140, 48
140, 48
140, 48
140, 48
140, 48
140, 48
140, 48
140, 48
140, 48
140, 48
140, 48
140, 48
140, 48
140, 48
140, 48
140, 48
140, 48
141, 48
141, 48
141, 48
141, 48
141, 48
141, 48
141, 48
141, 48
141, 48
141, 48
141, 48
141, 48
141, 48
141, 48
141, 48
141, 48
141, 48
141, 48
141, 48
141, 48
141, 48
141, 48
141, 48
141, 48
141, 48
141, 48
141, 48
141, 48
141, 48
141, 48
141, 48
141, 48
141, 48
141, 48
141, 48
141, 48
141, 48
141, 48
141, 48
141, 48
141, 48
141, 48
141, 48
141, 48
141, 48
141, 48
141, 48
141, 48
142, 48
142, 48
142, 48
142, 48
142, 48
142, 48
142, 48
142, 48
142, 48
142, 48
142, 48
142, 48
142, 48
142, 48
142, 48
142, 48
142, 48
142, 48
142, 48
142, 48
142, 48
142, 48
142, 48
142, 48
142, 48
142, 48
142, 48
142, 48
142, 48
142, 48
142, 48
142, 48
142, 48
142, 48
142, 48
142, 48
142, 48
142, 48
142, 48
142, 48
142, 48
142, 48
142, 48
142, 48
142, 48
142, 48
142, 48
142, 48
143, 48
143, 48
143, 48
143, 48
143, 48
143, 48
143, 48
143, 48
143, 48
143, 48
143, 48
143, 48
143, 48
143, 48
143, 48
143, 48
143, 48
143, 48
143, 48
143, 48
143, 48
143, 48
143, 48
143, 48
143, 48
143, 48
143, 48
143, 48
143, 48
143, 48
143, 48
143, 48
143, 48
143, 48
143, 48
143, 48
143, 48
143, 48
143, 48
143, 48
143, 48
143, 48
143, 48
143, 48
143, 48
143, 48
143, 48
143, 48
144, 48
144, 48
144, 48
144, 48
144, 48
144, 48
144, 48
144, 48
144, 48
144, 48
144, 48
144, 48
144, 48
144, 48
144, 48
144, 48
144, 48
144, 48
144, 48
144, 48
144, 48
144, 48
144, 48
144, 48
144, 48
144, 48
144, 48
144, 48
144, 48
144, 48
144, 48
144, 48
144, 48
144, 48
144, 48
144, 48
144, 48
144, 48
144, 48
144, 48
144, 48
144, 48
144, 48
144, 48
144, 48
144, 48
144, 48
144, 48
145, 48
145, 48
145, 48
145, 48
145, 48
145, 48
145, 48
145, 48
145, 48
145, 48
145, 48
145, 48
145, 48
145, 48
145, 48
145, 48
145, 48
145, 48
145, 48
145, 48
145, 48
145, 48
145, 48
145, 48
145, 48
145, 48
145, 48
145, 48
145, 48
145, 48
145, 48
145, 48
145, 48
145, 48
145, 48
145, 48
145, 48
145, 48
145, 48
145, 48
145, 48
145, 48
145, 48
145, 48
145, 48
145, 48
145, 48
145, 48
146, 48
146, 48
146, 48
146, 48
146, 48
146, 48
146, 48
146, 48
146, 48
146, 48
146, 48
146, 48
146, 48
146, 48
146, 48
146, 48
146, 48
146, 48
146, 48
146, 48
146, 48
146, 48
146, 48
146, 48
146, 48
146, 48
146, 48
146, 48
146, 48
146, 48
146, 48
146, 48
146, 48
146, 48
146, 48
146, 48
146, 48
146, 48
146, 48
146, 48
146, 48
146, 48
146, 48
146, 48
146, 48
146, 48
146, 48
146, 48
147, 48
147, 48
147, 48
147, 48
147, 48
147, 48
147, 48
147, 48
147, 48
147, 48
147, 48
147, 48
147, 48
147, 48
147, 48
147, 48
147, 48
147, 48
147, 48
147, 48
147, 48
147, 48
147, 48
147, 48
147, 48
147, 48
147, 48
147, 48
147, 48
147, 48
147, 48
147, 48
147, 48
147, 48
147, 48
147, 48
147, 48
147, 48
147, 48
147, 48
147, 48
147, 48
147, 48
147, 48
147, 48
147, 48
147, 48
147, 48
148, 48
148, 48
148, 48
148, 48
148, 48
148, 48
148, 48
148, 48
148, 48
148, 48
148, 48
148, 48
148, 48
148, 48
148, 48
148, 48
148, 48
148, 48
148, 48
148, 48
148, 48
148, 48
148, 48
148, 48
148, 48
148, 48
148, 48
148, 48
148, 48
148, 48
148, 48
148, 48
148, 48
148, 48
148, 48
148, 48
148, 48
148, 48
148, 48
148, 48
148, 48
148, 48
148, 48
148, 48
148, 48
148, 48
148, 48
148, 48
149, 48
149, 48
149, 48
149, 48
149, 48
149, 48
149, 48
149, 48
149, 48
149, 48
149, 48
149, 48
149, 48
149, 48
149, 48
149, 48
149, 48
149, 48
149, 48
149, 48
149, 48
149, 48
149, 48
149, 48
149, 48
149, 48
149, 48
149, 48
149, 48
149, 48
149, 48
149, 48
149, 48
149, 48
149, 48
149, 48
149, 48
149, 48
149, 48
149, 48
149, 48
149, 48
149, 48
149, 48
149, 48
149, 48
149, 48
149, 48
150, 48
150, 48
150, 48
150, 48
150, 48
150, 48
150, 48
150, 48
150, 48
150, 48
150, 48
150, 48
150, 48
150, 48
150, 48
150, 48
150, 48
150, 48
150, 48
150, 48
150, 48
150, 48
150, 48
150, 48
150, 48
150, 48
150, 48
150, 48
150, 48
150, 48
150, 48
150, 48
150, 48
150, 48
150, 48
150, 48
150, 48
150, 48
150, 48
150, 48
150, 48
150, 48
150, 48
150, 48
150, 48
150, 48
150, 48
150, 48
151, 48
151, 48
151, 48
151, 48
151, 48
151, 48
151, 48
151, 48
151, 48
151, 48
151, 48
151, 48
151, 48
151, 48
151, 48
151, 48
151, 48
151, 48
151, 48
151, 48
151, 48
151, 48
151, 48
151, 48
151, 48
151, 48
151, 48
151, 48
151, 48
151, 48
151, 48
151, 48
151, 48
151, 48
151, 48
151, 48
151, 48
151, 48
151, 48
151, 48
151, 48
151, 48
151, 48
151, 48
151, 48
151, 48
151, 48
151, 48
152, 48
152, 48
152, 48
152, 48
152, 48
152, 48
152, 48
152, 48
152, 48
152, 48
152, 48
152, 48
152, 48
152, 48
152, 48
152, 48
152, 48
152, 48
152, 48
152, 48
152, 48
152, 48
152, 48
152, 48
152, 48
152, 48
152, 48
152, 48
152, 48
152, 48
152, 48
152, 48
152, 48
152, 48
152, 48
152, 48
152, 48
152, 48
152, 48
152, 48
152, 48
152, 48
152, 48
152, 48
152, 48
152, 48
152, 48
152, 48
153, 48
153, 48
153, 48
153, 48
153, 48
153, 48
153, 48
153, 48
153, 48
153, 48
153, 48
153, 48
153, 48
153, 48
153, 48
153, 48
153, 48
153, 48
153, 48
153, 48
153, 48
153, 48
153, 48
153, 48
153, 48
153, 48
153, 48
153, 48
153, 48
153, 48
153, 48
153, 48
153, 48
153, 48
153, 48
153, 48
153, 48
153, 48
153, 48
153, 48
153, 48
153, 48
153, 48
153, 48
153, 48
153, 48
153, 48
153, 48
154, 48
154, 48
154, 48
154, 48
154, 48
154, 48
154, 48
154, 48
154, 48
154, 48
154, 48
154, 48
154, 48
154, 48
154, 48
154, 48
154, 48
154, 48
154, 48
154, 48
154, 48
154, 48
154, 48
154, 48
154, 48
154, 48
154, 48
154, 48
154, 48
154, 48
154, 48
154, 48
154, 48
154, 48
154, 48
154, 48
154, 48
154, 48
154, 48
154, 48
154, 48
154, 48
154, 48
154, 48
154, 48
154, 48
154, 48
154, 48
155, 48
155, 48
155, 48
155, 48
155, 48
155, 48
155, 48
155, 48
155, 48
155, 48
155, 48
155, 48
155, 48
155, 48
155, 48
155, 48
155, 48
155, 48
155, 48
155, 48
155, 48
155, 48
155, 48
155, 48
155, 48
155, 48
155, 48
155, 48
155, 48
155, 48
155, 48
155, 48
155, 48
155, 48
155, 48
155, 48
155, 48
155, 48
155, 48
155, 48
155, 48
155, 48
155, 48
155, 48
155, 48
155, 48
155, 48
155, 48
156, 48
156, 48
156, 48
156, 48
156, 48
156, 48
156, 48
156, 48
156, 48
156, 48
156, 48
156, 48
156, 48
156, 48
156, 48
156, 48
156, 48
156, 48
156, 48
156, 48
156, 48
156, 48
156, 48
156, 48
156, 48
156, 48
156, 48
156, 48
156, 48
156, 48
156, 48
156, 48
156, 48
156, 48
156, 48
156, 48
156, 48
156, 48
156, 48
156, 48
156, 48
156, 48
156, 48
156, 48
156, 48
156, 48
156, 48
156, 48
157, 48
157, 48
157, 48
157, 48
157, 48
157, 48
157, 48
157, 48
157, 48
157, 48
157, 48
157, 48
157, 48
157, 48
157, 48
157, 48
157, 48
157, 48
157, 48
157, 48
157, 48
157, 48
157, 48
157, 48
157, 48
157, 48
157, 48
157, 48
157, 48
157, 48
157, 48
157, 48
157, 48
157, 48
157, 48
157, 48
157, 48
157, 48
157, 48
157, 48
157, 48
157, 48
157, 48
157, 48
157, 48
157, 48
157, 48
157, 48
158, 48
158, 48
158, 48
158, 48
158, 48
158, 48
158, 48
158, 48
158, 48
158, 48
158, 48
158, 48
158, 48
158, 48
158, 48
158, 48
158, 48
158, 48
158, 48
158, 48
158, 48
158, 48
158, 48
158, 48
158, 48
158, 48
158, 48
158, 48
158, 48
158, 48
158, 48
158, 48
158, 48
158, 48
158, 48
158, 48
158, 48
158, 48
158, 48
158, 48
158, 48
158, 48
158, 48
158, 48
158, 48
158, 48
158, 48
158, 48
159, 48
159, 48
159, 48
159, 48
159, 48
159, 48
159, 48
159, 48
159, 48
159, 48
159, 48
159, 48
159, 48
159, 48
159, 48
159, 48
159, 48
159, 48
159, 48
159, 48
159, 48
159, 48
159, 48
159, 48
159, 48
159, 48
159, 48
159, 48
159, 48
159, 48
159, 48
159, 48
159, 48
159, 48
159, 48
159, 48
159, 48
159, 48
159, 48
159, 48
159, 48
159, 48
159, 48
159, 48
159, 48
159, 48
159, 48
159, 48
160, 48
160, 48
160, 48
160, 48
160, 48
160, 48
160, 48
160, 48
160, 48
160, 48
160, 48
160, 48
160, 48
160, 48
160, 48
160, 48
160, 48
160, 48
160, 48
160, 48
160, 48
160, 48
160, 48
160, 48
160, 48
160, 48
160, 48
160, 48
160, 48
160, 48
160, 48
160, 48
160, 48
160, 48
160, 48
160, 48
160, 48
160, 48
160, 48
160, 48
160, 48
160, 48
160, 48
160, 48
160, 48
160, 48
160, 48
160, 48
161, 48
161, 48
161, 48
161, 48
161, 48
161, 48
161, 48
161, 48
161, 48
161, 48
161, 48
161, 48
161, 48
161, 48
161, 48
161, 48
161, 48
161, 48
161, 48
161, 48
161, 48
161, 48
161, 48
161, 48
161, 48
161, 48
161, 48
161, 48
161, 48
161, 48
161, 48
161, 48
161, 48
161, 48
161, 48
161, 48
161, 48
161, 48
161, 48
161, 48
161, 48
161, 48
161, 48
161, 48
161, 48
161, 48
161, 48
161, 48
162, 48
162, 48
162, 48
162, 48
162, 48
162, 48
162, 48
162, 48
162, 48
162, 48
162, 48
162, 48
162, 48
162, 48
162, 48
162, 48
162, 48
162, 48
162, 48
162, 48
162, 48
162, 48
162, 48
162, 48
162, 48
162, 48
162, 48
162, 48
162, 48
162, 48
162, 48
162, 48
162, 48
162, 48
162, 48
162, 48
162, 48
162, 48
162, 48
162, 48
162, 48
162, 48
162, 48
162, 48
162, 48
162, 48
162, 48
162, 48
163, 48
163, 48
163, 48
163, 48
163, 48
163, 48
163, 48
163, 48
163, 48
163, 48
163, 48
163, 48
163, 48
163, 48
163, 48
163, 48
163, 48
163, 48
163, 48
163, 48
163, 48
163, 48
163, 48
163, 48
163, 48
163, 48
163, 48
163, 48
163, 48
163, 48
163, 48
163, 48
163, 48
163, 48
163, 48
163, 48
163, 48
163, 48
163, 48
163, 48
163, 48
163, 48
163, 48
163, 48
163, 48
163, 48
163, 48
163, 48
164, 48
164, 48
164, 48
164, 48
164, 48
164, 48
164, 48
164, 48
164, 48
164, 48
164, 48
164, 48
164, 48
164, 48
164, 48
164, 48
164, 48
164, 48
164, 48
164, 48
164, 48
164, 48
164, 48
164, 48
164, 48
164, 48
164, 48
164, 48
164, 48
164, 48
164, 48
164, 48
164, 48
164, 48
164, 48
164, 48
164, 48
164, 48
164, 48
164, 48
164, 48
164, 48
164, 48
164, 48
164, 48
164, 48
164, 48
164, 48
165, 48
165, 48
165, 48
165, 48
165, 48
165, 48
165, 48
165, 48
165, 48
165, 48
165, 48
165, 48
165, 48
165, 48
165, 48
165, 48
165, 48
165, 48
165, 48
165, 48
165, 48
165, 48
165, 48
165, 48
165, 48
165, 48
165, 48
165, 48
165, 48
165, 48
165, 48
165, 48
165, 48
165, 48
165, 48
165, 48
165, 48
165, 48
165, 48
165, 48
165, 48
165, 48
165, 48
165, 48
165, 48
165, 48
165, 48
165, 48
166, 48
166, 48
166, 48
166, 48
166, 48
166, 48
166, 48
166, 48
166, 48
166, 48
166, 48
166, 48
166, 48
166, 48
166, 48
166, 48
166, 48
166, 48
166, 48
166, 48
166, 48
166, 48
166, 48
166, 48
166, 48
166, 48
166, 48
166, 48
166, 48
166, 48
166, 48
166, 48
166, 48
166, 48
166, 48
166, 48
166, 48
166, 48
166, 48
166, 48
166, 48
166, 48
166, 48
166, 48
166, 48
166, 48
166, 48
166, 48
167, 48
167, 48
167, 48
167, 48
167, 48
167, 48
167, 48
167, 48
167, 48
167, 48
167, 48
167, 48
167, 48
167, 48
167, 48
167, 48
167, 48
167, 48
167, 48
167, 48
167, 48
167, 48
167, 48
167, 48
167, 48
167, 48
167, 48
167, 48
167, 48
167, 48
167, 48
167, 48
167, 48
167, 48
167, 48
167, 48
167, 48
167, 48
167, 48
167, 48
167, 48
167, 48
167, 48
167, 48
167, 48
167, 48
167, 48
167, 48
168, 48
168, 48
168, 48
168, 48
168, 48
168, 48
168, 48
168, 48
168, 48
168, 48
168, 48
168, 48
168, 48
168, 48
168, 48
168, 48
168, 48
168, 48
168, 48
168, 48
168, 48
168, 48
168, 48
168, 48
168, 48
168, 48
168, 48
168, 48
168, 48
168, 48
168, 48
168, 48
168, 48
168, 48
168, 48
168, 48
168, 48
168, 48
168, 48
168, 48
168, 48
168, 48
168, 48
168, 48
168, 48
168, 48
168, 48
168, 48
169, 48
169, 48
169, 48
169, 48
169, 48
169, 48
169, 48
169, 48
169, 48
169, 48
169, 48
169, 48
169, 48
169, 48
169, 48
169, 48
169, 48
169, 48
169, 48
169, 48
169, 48
169, 48
169, 48
169, 48
169, 48
169, 48
169, 48
169, 48
169, 48
169, 48
169, 48
169, 48
169, 48
169, 48
169, 48
169, 48
169, 48
169, 48
169, 48
169, 48
169, 48
169, 48
169, 48
169, 48
169, 48
169, 48
169, 48
169, 48
170, 48
170, 48
170, 48
170, 48
170, 48
170, 48
170, 48
170, 48
170, 48
170, 48
170, 48
170, 48
170, 48
170, 48
170, 48
170, 48
170, 48
170, 48
170, 48
170, 48
170, 48
170, 48
170, 48
170, 48
170, 48
170, 48
170, 48
170, 48
170, 48
170, 48
170, 48
170, 48
170, 48
170, 48
170, 48
170, 48
170, 48
170, 48
170, 48
170, 48
170, 48
170, 48
170, 48
170, 48
170, 48
170, 48
170, 48
170, 48
171, 48
171, 48
171, 48
171, 48
171, 48
171, 48
171, 48
171, 48
171, 48
171, 48
171, 48
171, 48
171, 48
171, 48
171, 48
171, 48
171, 48
171, 48
171, 48
171, 48
171, 48
171, 48
171, 48
171, 48
171, 48
171, 48
171, 48
171, 48
171, 48
171, 48
171, 48
171, 48
171, 48
171, 48
171, 48
171, 48
171, 48
171, 48
171, 48
171, 48
171, 48
171, 48
171, 48
171, 48
171, 48
171, 48
171, 48
171, 48
172, 48
172, 48
172, 48
172, 48
172, 48
172, 48
172, 48
172, 48
172, 48
172, 48
172, 48
172, 48
172, 48
172, 48
172, 48
172, 48
172, 48
172, 48
172, 48
172, 48
172, 48
172, 48
172, 48
172, 48
172, 48
172, 48
172, 48
172, 48
172, 48
172, 48
172, 48
172, 48
172, 48
172, 48
172, 48
172, 48
172, 48
172, 48
172, 48
172, 48
172, 48
172, 48
172, 48
172, 48
172, 48
172, 48
172, 48
172, 48
173, 48
173, 48
173, 48
173, 48
173, 48
173, 48
173, 48
173, 48
173, 48
173, 48
173, 48
173, 48
173, 48
173, 48
173, 48
173, 48
173, 48
173, 48
173, 48
173, 48
173, 48
173, 48
173, 48
173, 48
173, 48
173, 48
173, 48
173, 48
173, 48
173, 48
173, 48
173, 48
173, 48
173, 48
173, 48
173, 48
173, 48
173, 48
173, 48
173, 48
173, 48
173, 48
173, 48
173, 48
173, 48
173, 48
173, 48
173, 48
174, 48
174, 48
174, 48
174, 48
174, 48
174, 48
174, 48
174, 48
174, 48
174, 48
174, 48
174, 48
174, 48
174, 48
174, 48
174, 48
174, 48
174, 48
174, 48
174, 48
174, 48
174, 48
174, 48
174, 48
174, 48
174, 48
174, 48
174, 48
174, 48
174, 48
174, 48
174, 48
174, 48
174, 48
174, 48
174, 48
174, 48
174, 48
174, 48
174, 48
174, 48
174, 48
174, 48
174, 48
174, 48
174, 48
174, 48
174, 48
175, 48
175, 48
175, 48
175, 48
175, 48
175, 48
175, 48
175, 48
175, 48
175, 48
175, 48
175, 48
175, 48
175, 48
175, 48
175, 48
175, 48
175, 48
175, 48
175, 48
175, 48
175, 48
175, 48
175, 48
175, 48
175, 48
175, 48
175, 48
175, 48
175, 48
175, 48
175, 48
175, 48
175, 48
175, 48
175, 48
175, 48
175, 48
175, 48
175, 48
175, 48
175, 48
175, 48
175, 48
175, 48
175, 48
175, 48
175, 48
176, 48
176, 48
176, 48
176, 48
176, 48
176, 48
176, 48
176, 48
176, 48
176, 48
176, 48
176, 48
176, 48
176, 48
176, 48
176, 48
176, 48
176, 48
176, 48
176, 48
176, 48
176, 48
176, 48
176, 48
176, 48
176, 48
176, 48
176, 48
176, 48
176, 48
176, 48
176, 48
176, 48
176, 48
176, 48
176, 48
176, 48
176, 48
176, 48
176, 48
176, 48
176, 48
176, 48
176, 48
176, 48
176, 48
176, 48
176, 48
177, 48
177, 48
177, 48
177, 48
177, 48
177, 48
177, 48
177, 48
177, 48
177, 48
177, 48
177, 48
177, 48
177, 48
177, 48
177, 48
177, 48
177, 48
177, 48
177, 48
177, 48
177, 48
177, 48
177, 48
177, 48
177, 48
177, 48
177, 48
177, 48
177, 48
177, 48
177, 48
177, 48
177, 48
177, 48
177, 48
177, 48
177, 48
177, 48
177, 48
177, 48
177, 48
177, 48
177, 48
177, 48
177, 48
177, 48
177, 48
178, 48
178, 48
178, 48
178, 48
178, 48
178, 48
178, 48
178, 48
178, 48
178, 48
178, 48
178, 48
178, 48
178, 48
178, 48
178, 48
178, 48
178, 48
178, 48
178, 48
178, 48
178, 48
178, 48
178, 48
178, 48
178, 48
178, 48
178, 48
178, 48
178, 48
178, 48
178, 48
178, 48
178, 48
178, 48
178, 48
178, 48
178, 48
178, 48
178, 48
178, 48
178, 48
178, 48
178, 48
178, 48
178, 48
178, 48
178, 48
179, 48
179, 48
179, 48
179, 48
179, 48
179, 48
179, 48
179, 48
179, 48
179, 48
179, 48
179, 48
179, 48
179, 48
179, 48
179, 48
179, 48
179, 48
179, 48
179, 48
179, 48
179, 48
179, 48
179, 48
179, 48
179, 48
179, 48
179, 48
179, 48
179, 48
179, 48
179, 48
179, 48
179, 48
179, 48
179, 48
179, 48
179, 48
179, 48
179, 48
179, 48
179, 48
179, 48
179, 48
179, 48
179, 48
179, 48
179, 48
180, 48
180, 48
180, 48
180, 48
180, 48
180, 48
180, 48
180, 48
180, 48
180, 48
180, 48
180, 48
180, 48
180, 48
180, 48
180, 48
180, 48
180, 48
180, 48
180, 48
180, 48
180, 48
180, 48
180, 48
180, 48
180, 48
180, 48
180, 48
180, 48
180, 48
180, 48
180, 48
180, 48
180, 48
180, 48
180, 48
180, 48
180, 48
180, 48
180, 48
180, 48
180, 48
180, 48
180, 48
180, 48
180, 48
180, 48
180, 48
181, 48
181, 48
181, 48
181, 48
181, 48
181, 48
181, 48
181, 48
181, 48
181, 48
181, 48
181, 48
181, 48
181, 48
181, 48
181, 48
181, 48
181, 48
181, 48
181, 48
181, 48
181, 48
181, 48
181, 48
181, 48
181, 48
181, 48
181, 48
181, 48
181, 48
181, 48
181, 48
181, 48
181, 48
181, 48
181, 48
181, 48
181, 48
181, 48
181, 48
181, 48
181, 48
181, 48
181, 48
181, 48
181, 48
181, 48
181, 48
182, 48
182, 48
182, 48
182, 48
182, 48
182, 48
182, 48
182, 48
182, 48
182, 48
182, 48
182, 48
182, 48
182, 48
182, 48
182, 48
182, 48
182, 48
182, 48
182, 48
182, 48
182, 48
182, 48
182, 48
182, 48
182, 48
182, 48
182, 48
182, 48
182, 48
182, 48
182, 48
182, 48
182, 48
182, 48
182, 48
182, 48
182, 48
182, 48
182, 48
182, 48
182, 48
182, 48
182, 48
182, 48
182, 48
182, 48
182, 48
183, 48
183, 48
183, 48
183, 48
183, 48
183, 48
183, 48
183, 48
183, 48
183, 48
183, 48
183, 48
183, 48
183, 48
183, 48
183, 48
183, 48
183, 48
183, 48
183, 48
183, 48
183, 48
183, 48
183, 48
183, 48
183, 48
183, 48
183, 48
183, 48
183, 48
183, 48
183, 48
183, 48
183, 48
183, 48
183, 48
183, 48
183, 48
183, 48
183, 48
183, 48
183, 48
183, 48
183, 48
183, 48
183, 48
183, 48
183, 48
184, 48
184, 48
184, 48
184, 48
184, 48
184, 48
184, 48
184, 48
184, 48
184, 48
184, 48
184, 48
184, 48
184, 48
184, 48
184, 48
184, 48
184, 48
184, 48
184, 48
184, 48
184, 48
184, 48
184, 48
184, 48
184, 48
184, 48
184, 48
184, 48
184, 48
184, 48
184, 48
184, 48
184, 48
184, 48
184, 48
184, 48
184, 48
184, 48
184, 48
184, 48
184, 48
184, 48
184, 48
184, 48
184, 48
184, 48
184, 48
185, 48
185, 48
185, 48
185, 48
185, 48
185, 48
185, 48
185, 48
185, 48
185, 48
185, 48
185, 48
185, 48
185, 48
185, 48
185, 48
185, 48
185, 48
185, 48
185, 48
185, 48
185, 48
185, 48
185, 48
185, 48
185, 48
185, 48
185, 48
185, 48
185, 48
185, 48
185, 48
185, 48
185, 48
185, 48
185, 48
185, 48
185, 48
185, 48
185, 48
185, 48
185, 48
185, 48
185, 48
185, 48
185, 48
185, 48
185, 48
186, 48
186, 48
186, 48
186, 48
186, 48
186, 48
186, 48
186, 48
186, 48
186, 48
186, 48
186, 48
186, 48
186, 48
186, 48
186, 48
186, 48
186, 48
186, 48
186, 48
186, 48
186, 48
186, 48
186, 48
186, 48
186, 48
186, 48
186, 48
186, 48
186, 48
186, 48
186, 48
186, 48
186, 48
186, 48
186, 48
186, 48
186, 48
186, 48
186, 48
186, 48
186, 48
186, 48
186, 48
186, 48
186, 48
186, 48
186, 48
187, 48
187, 48
187, 48
187, 48
187, 48
187, 48
187, 48
187, 48
187, 48
187, 48
187, 48
187, 48
187, 48
187, 48
187, 48
187, 48
187, 48
187, 48
187, 48
187, 48
187, 48
187, 48
187, 48
187, 48
187, 48
187, 48
187, 48
187, 48
187, 48
187, 48
187, 48
187, 48
187, 48
187, 48
187, 48
187, 48
187, 48
187, 48
187, 48
187, 48
187, 48
187, 48
187, 48
187, 48
187, 48
187, 48
187, 48
187, 48
188, 48
188, 48
188, 48
188, 48
188, 48
188, 48
188, 48
188, 48
188, 48
188, 48
188, 48
188, 48
188, 48
188, 48
188, 48
188, 48
188, 48
188, 48
188, 48
188, 48
188, 48
188, 48
188, 48
188, 48
188, 48
188, 48
188, 48
188, 48
188, 48
188, 48
188, 48
188, 48
188, 48
188, 48
188, 48
188, 48
188, 48
188, 48
188, 48
188, 48
188, 48
188, 48
188, 48
188, 48
188, 48
188, 48
188, 48
188, 48
189, 48
189, 48
189, 48
189, 48
189, 48
189, 48
189, 48
189, 48
189, 48
189, 48
189, 48
189, 48
189, 48
189, 48
189, 48
189, 48
189, 48
189, 48
189, 48
189, 48
189, 48
189, 48
189, 48
189, 48
189, 48
189, 48
189, 48
189, 48
189, 48
189, 48
189, 48
189, 48
189, 48
189, 48
189, 48
189, 48
189, 48
189, 48
189, 48
189, 48
189, 48
189, 48
189, 48
189, 48
189, 48
189, 48
189, 48
189, 48
190, 48
190, 48
190, 48
190, 48
190, 48
190, 48
190, 48
190, 48
190, 48
190, 48
190, 48
190, 48
190, 48
190, 48
190, 48
190, 48
190, 48
190, 48
190, 48
190, 48
190, 48
190, 48
190, 48
190, 48
190, 48
190, 48
190, 48
190, 48
190, 48
190, 48
190, 48
190, 48
190, 48
190, 48
190, 48
190, 48
190, 48
190, 48
190, 48
190, 48
190, 48
190, 48
190, 48
190, 48
190, 48
190, 48
190, 48
190, 48
191, 48
191, 48
191, 48
191, 48
191, 48
191, 48
191, 48
191, 48
191, 48
191, 48
191, 48
191, 48
191, 48
191, 48
191, 48
191, 48
191, 48
191, 48
191, 48
191, 48
191, 48
191, 48
191, 48
191, 48
191, 48
191, 48
191, 48
191, 48
191, 48
191, 48
191, 48
191, 48
191, 48
191, 48
191, 48
191, 48
191, 48
191, 48
191, 48
191, 48
191, 48
191, 48
191, 48
191, 48
191, 48
191, 48
191, 48
191, 48
192, 48
192, 48
192, 48
192, 48
192, 48
192, 48
192, 48
192, 48
192, 48
192, 48
192, 48
192, 48
192, 48
192, 48
192, 48
192, 48
192, 48
192, 48
192, 48
192, 48
192, 48
192, 48
192, 48
192, 48
192, 48
192, 48
192, 48
192, 48
192, 48
192, 48
192, 48
192, 48
192, 48
192, 48
192, 48
192, 48
192, 48
192, 48
192, 48
192, 48
192, 48
192, 48
192, 48
192, 48
192, 48
192, 48
192, 48
192, 48
193, 48
193, 48
193, 48
193, 48
193, 48
193, 48
193, 48
193, 48
193, 48
193, 48
193, 48
193, 48
193, 48
193, 48
193, 48
193, 48
193, 48
193, 48
193, 48
193, 48
193, 48
193, 48
193, 48
193, 48
193, 48
193, 48
193, 48
193, 48
193, 48
193, 48
193, 48
193, 48
193, 48
193, 48
193, 48
193, 48
193, 48
193, 48
193, 48
193, 48
193, 48
193, 48
193, 48
193, 48
193, 48
193, 48
193, 48
193, 48
194, 48
194, 48
194, 48
194, 48
194, 48
194, 48
194, 48
194, 48
194, 48
194, 48
194, 48
194, 48
194, 48
194, 48
194, 48
194, 48
194, 48
194, 48
194, 48
194, 48
194, 48
194, 48
194, 48
194, 48
194, 48
194, 48
194, 48
194, 48
194, 48
194, 48
194, 48
194, 48
194, 48
194, 48
194, 48
194, 48
194, 48
194, 48
194, 48
194, 48
194, 48
194, 48
194, 48
194, 48
194, 48
194, 48
194, 48
194, 48
195, 48
195, 48
195, 48
195, 48
195, 48
195, 48
195, 48
195, 48
195, 48
195, 48
195, 48
195, 48
195, 48
195, 48
195, 48
195, 48
195, 48
195, 48
195, 48
195, 48
195, 48
195, 48
195, 48
195, 48
195, 48
195, 48
195, 48
195, 48
195, 48
195, 48
195, 48
195, 48
195, 48
195, 48
195, 48
195, 48
195, 48
195, 48
195, 48
195, 48
195, 48
195, 48
195, 48
195, 48
195, 48
195, 48
195, 48
195, 48
196, 48
196, 48
196, 48
196, 48
196, 48
196, 48
196, 48
196, 48
196, 48
196, 48
196, 48
196, 48
196, 48
196, 48
196, 48
196, 48
196, 48
196, 48
196, 48
196, 48
196, 48
196, 48
196, 48
196, 48
196, 48
196, 48
196, 48
196, 48
196, 48
196, 48
196, 48
196, 48
196, 48
196, 48
196, 48
196, 48
196, 48
196, 48
196, 48
196, 48
196, 48
196, 48
196, 48
196, 48
196, 48
196, 48
196, 48
196, 48
197, 48
197, 48
197, 48
197, 48
197, 48
197, 48
197, 48
197, 48
197, 48
197, 48
197, 48
197, 48
197, 48
197, 48
197, 48
197, 48
197, 48
197, 48
197, 48
197, 48
197, 48
197, 48
197, 48
197, 48
197, 48
197, 48
197, 48
197, 48
197, 48
197, 48
197, 48
197, 48
197, 48
197, 48
197, 48
197, 48
197, 48
197, 48
197, 48
197, 48
197, 48
197, 48
197, 48
197, 48
197, 48
197, 48
197, 48
197, 48
198, 48
198, 48
198, 48
198, 48
198, 48
198, 48
198, 48
198, 48
198, 48
198, 48
198, 48
198, 48
198, 48
198, 48
198, 48
198, 48
198, 48
198, 48
198, 48
198, 48
198, 48
198, 48
198, 48
198, 48
198, 48
198, 48
198, 48
198, 48
198, 48
198, 48
198, 48
198, 48
198, 48
198, 48
198, 48
198, 48
198, 48
198, 48
198, 48
198, 48
198, 48
198, 48
198, 48
198, 48
198, 48
198, 48
198, 48
198, 48
199, 48
199, 48
199, 48
199, 48
199, 48
199, 48
199, 48
199, 48
199, 48
199, 48
199, 48
199, 48
199, 48
199, 48
199, 48
199, 48
199, 48
199, 48
199, 48
199, 48
199, 48
199, 48
199, 48
199, 48
199, 48
199, 48
199, 48
199, 48
199, 48
199, 48
199, 48
199, 48
199, 48
199, 48
199, 48
199, 48
199, 48
199, 48
199, 48
199, 48
199, 48
199, 48
199, 48
199, 48
199, 48
199, 48
199, 48
199, 48
200, 48
200, 48
200, 48
200, 48
200, 48
200, 48
200, 48
200, 48
200, 48
200, 48
200, 48
200, 48
200, 48
200, 48
200, 48
200, 48
200, 48
200, 48
200, 48
200, 48
200, 48
200, 48
200, 48
200, 48
200, 48
200, 48
200, 48
200, 48
200, 48
200, 48
200, 48
200, 48
200, 48
200, 48
200, 48
200, 48
200, 48
200, 48
200, 48
200, 48
200, 48
200, 48
200, 48
200, 48
200, 48
200, 48
200, 48
200, 48
201, 48
201, 48
201, 48
201, 48
201, 48
201, 48
201, 48
201, 48
201, 48
201, 48
201, 48
201, 48
201, 48
201, 48
201, 48
201, 48
201, 48
201, 48
201, 48
201, 48
201, 48
201, 48
201, 48
201, 48
201, 48
201, 48
201, 48
201, 48
201, 48
201, 48
201, 48
201, 48
201, 48
201, 48
201, 48
201, 48
201, 48
201, 48
201, 48
201, 48
201, 48
201, 48
201, 48
201, 48
201, 48
201, 48
201, 48
201, 48
202, 48
202, 48
202, 48
202, 48
202, 48
202, 48
202, 48
202, 48
202, 48
202, 48
202, 48
202, 48
202, 48
202, 48
202, 48
202, 48
202, 48
202, 48
202, 48
202, 48
202, 48
202, 48
202, 48
202, 48
202, 48
202, 48
202, 48
202, 48
202, 48
202, 48
202, 48
202, 48
202, 48
202, 48
202, 48
202, 48
202, 48
202, 48
202, 48
202, 48
202, 48
202, 48
202, 48
202, 48
202, 48
202, 48
202, 48
202, 48
203, 48
203, 48
203, 48
203, 48
203, 48
203, 48
203, 48
203, 48
203, 48
203, 48
203, 48
203, 48
203, 48
203, 48
203, 48
203, 48
203, 48
203, 48
203, 48
203, 48
203, 48
203, 48
203, 48
203, 48
203, 48
203, 48
203, 48
203, 48
203, 48
203, 48
203, 48
203, 48
203, 48
203, 48
203, 48
203, 48
203, 48
203, 48
203, 48
203, 48
203, 48
203, 48
203, 48
203, 48
203, 48
203, 48
203, 48
203, 48
204, 48
204, 48
204, 48
204, 48
204, 48
204, 48
204, 48
204, 48
204, 48
204, 48
204, 48
204, 48
204, 48
204, 48
204, 48
204, 48
204, 48
204, 48
204, 48
204, 48
204, 48
204, 48
204, 48
204, 48
204, 48
204, 48
204, 48
204, 48
204, 48
204, 48
204, 48
204, 48
204, 48
204, 48
204, 48
204, 48
204, 48
204, 48
204, 48
204, 48
204, 48
204, 48
204, 48
204, 48
204, 48
204, 48
204, 48
204, 48
205, 48
205, 48
205, 48
205, 48
205, 48
205, 48
205, 48
205, 48
205, 48
205, 48
205, 48
205, 48
205, 48
205, 48
205, 48
205, 48
205, 48
205, 48
205, 48
205, 48
205, 48
205, 48
205, 48
205, 48
205, 48
205, 48
205, 48
205, 48
205, 48
205, 48
205, 48
205, 48
205, 48
205, 48
205, 48
205, 48
205, 48
205, 48
205, 48
205, 48
205, 48
205, 48
205, 48
205, 48
205, 48
205, 48
205, 48
205, 48
206, 48
206, 48
206, 48
206, 48
206, 48
206, 48
206, 48
206, 48
206, 48
206, 48
206, 48
206, 48
206, 48
206, 48
206, 48
206, 48
206, 48
206, 48
206, 48
206, 48
206, 48
206, 48
206, 48
206, 48
206, 48
206, 48
206, 48
206, 48
206, 48
206, 48
206, 48
206, 48
206, 48
206, 48
206, 48
206, 48
206, 48
206, 48
206, 48
206, 48
206, 48
206, 48
206, 48
206, 48
206, 48
206, 48
206, 48
206, 48
207, 48
207, 48
207, 48
207, 48
207, 48
207, 48
207, 48
207, 48
207, 48
207, 48
207, 48
207, 48
207, 48
207, 48
207, 48
207, 48
207, 48
207, 48
207, 48
207, 48
207, 48
207, 48
207, 48
207, 48
207, 48
207, 48
207, 48
207, 48
207, 48
207, 48
207, 48
207, 48
207, 48
207, 48
207, 48
207, 48
207, 48
207, 48
207, 48
207, 48
207, 48
207, 48
207, 48
207, 48
207, 48
207, 48
207, 48
207, 48
208, 48
208, 48
208, 48
208, 48
208, 48
208, 48
208, 48
208, 48
208, 48
208, 48
208, 48
208, 48
208, 48
208, 48
208, 48
208, 48
208, 48
208, 48
208, 48
208, 48
208, 48
208, 48
208, 48
208, 48
208, 48
208, 48
208, 48
208, 48
208, 48
208, 48
208, 48
208, 48
208, 48
208, 48
208, 48
208, 48
208, 48
208, 48
208, 48
208, 48
208, 48
208, 48
208, 48
208, 48
208, 48
208, 48
208, 48
208, 48
209, 48
209, 48
209, 48
209, 48
209, 48
209, 48
209, 48
209, 48
209, 48
209, 48
209, 48
209, 48
209, 48
209, 48
209, 48
209, 48
209, 48
209, 48
209, 48
209, 48
209, 48
209, 48
209, 48
209, 48
209, 48
209, 48
209, 48
209, 48
209, 48
209, 48
209, 48
209, 48
209, 48
209, 48
209, 48
209, 48
209, 48
209, 48
209, 48
209, 48
209, 48
209, 48
209, 48
209, 48
209, 48
209, 48
209, 48
209, 48
210, 48
210, 48
210, 48
210, 48
210, 48
210, 48
210, 48
210, 48
210, 48
210, 48
210, 48
210, 48
210, 48
210, 48
210, 48
210, 48
210, 48
210, 48
210, 48
210, 48
210, 48
210, 48
210, 48
210, 48
210, 48
210, 48
210, 48
210, 48
210, 48
210, 48
210, 48
210, 48
210, 48
210, 48
210, 48
210, 48
210, 48
210, 48
210, 48
210, 48
210, 48
210, 48
210, 48
210, 48
210, 48
210, 48
210, 48
210, 48
211, 48
211, 48
211, 48
211, 48
211, 48
211, 48
211, 48
211, 48
211, 48
211, 48
211, 48
211, 48
211, 48
211, 48
211, 48
211, 48
211, 48
211, 48
211, 48
211, 48
211, 48
211, 48
211, 48
211, 48
211, 48
211, 48
211, 48
211, 48
211, 48
211, 48
211, 48
211, 48
211, 48
211, 48
211, 48
211, 48
211, 48
211, 48
211, 48
211, 48
211, 48
211, 48
211, 48
211, 48
211, 48
211, 48
211, 48
211, 48
212, 48
212, 48
212, 48
212, 48
212, 48
212, 48
212, 48
212, 48
212, 48
212, 48
212, 48
212, 48
212, 48
212, 48
212, 48
212, 48
212, 48
212, 48
212, 48
212, 48
212, 48
212, 48
212, 48
212, 48
212, 48
212, 48
212, 48
212, 48
212, 48
212, 48
212, 48
212, 48
212, 48
212, 48
212, 48
212, 48
212, 48
212, 48
212, 48
212, 48
212, 48
212, 48
212, 48
212, 48
212, 48
212, 48
212, 48
212, 48
213, 48
213, 48
213, 48
213, 48
213, 48
213, 48
213, 48
213, 48
213, 48
213, 48
213, 48
213, 48
213, 48
213, 48
213, 48
213, 48
213, 48
213, 48
213, 48
213, 48
213, 48
213, 48
213, 48
213, 48
213, 48
213, 48
213, 48
213, 48
213, 48
213, 48
213, 48
213, 48
213, 48
213, 48
213, 48
213, 48
213, 48
213, 48
213, 48
213, 48
213, 48
213, 48
213, 48
213, 48
213, 48
213, 48
213, 48
213, 48
214, 48
214, 48
214, 48
214, 48
214, 48
214, 48
214, 48
214, 48
214, 48
214, 48
214, 48
214, 48
214, 48
214, 48
214, 48
214, 48
214, 48
214, 48
214, 48
214, 48
214, 48
214, 48
214, 48
214, 48
214, 48
214, 48
214, 48
214, 48
214, 48
214, 48
214, 48
214, 48
214, 48
214, 48
214, 48
214, 48
214, 48
214, 48
214, 48
214, 48
214, 48
214, 48
214, 48
214, 48
214, 48
214, 48
214, 48
214, 48
215, 48
215, 48
215, 48
215, 48
215, 48
215, 48
215, 48
215, 48
215, 48
215, 48
215, 48
215, 48
215, 48
215, 48
215, 48
215, 48
215, 48
215, 48
215, 48
215, 48
215, 48
215, 48
215, 48
215, 48
215, 48
215, 48
215, 48
215, 48
215, 48
215, 48
215, 48
215, 48
215, 48
215, 48
215, 48
215, 48
215, 48
215, 48
215, 48
215, 48
215, 48
215, 48
215, 48
215, 48
215, 48
215, 48
215, 48
215, 48
216, 48
216, 48
216, 48
216, 48
216, 48
216, 48
216, 48
216, 48
216, 48
216, 48
216, 48
216, 48
216, 48
216, 48
216, 48
216, 48
216, 48
216, 48
216, 48
216, 48
216, 48
216, 48
216, 48
216, 48
216, 48
216, 48
216, 48
216, 48
216, 48
216, 48
216, 48
216, 48
216, 48
216, 48
216, 48
216, 48
216, 48
216, 48
216, 48
216, 48
216, 48
216, 48
216, 48
216, 48
216, 48
216, 48
216, 48
216, 48
217, 48
217, 48
217, 48
217, 48
217, 48
217, 48
217, 48
217, 48
217, 48
217, 48
217, 48
217, 48
217, 48
217, 48
217, 48
217, 48
217, 48
217, 48
217, 48
217, 48
217, 48
217, 48
217, 48
217, 48
217, 48
217, 48
217, 48
217, 48
217, 48
217, 48
217, 48
217, 48
217, 48
217, 48
217, 48
217, 48
217, 48
217, 48
217, 48
217, 48
217, 48
217, 48
217, 48
217, 48
217, 48
217, 48
217, 48
217, 48
218, 48
218, 48
218, 48
218, 48
218, 48
218, 48
218, 48
218, 48
218, 48
218, 48
218, 48
218, 48
218, 48
218, 48
218, 48
218, 48
218, 48
218, 48
218, 48
218, 48
218, 48
218, 48
218, 48
218, 48
218, 48
218, 48
218, 48
218, 48
218, 48
218, 48
218, 48
218, 48
218, 48
218, 48
218, 48
218, 48
218, 48
218, 48
218, 48
218, 48
218, 48
218, 48
218, 48
218, 48
218, 48
218, 48
218, 48
218, 48
219, 48
219, 48
219, 48
219, 48
219, 48
219, 48
219, 48
219, 48
219, 48
219, 48
219, 48
219, 48
219, 48
219, 48
219, 48
219, 48
219, 48
219, 48
219, 48
219, 48
219, 48
219, 48
219, 48
219, 48
219, 48
219, 48
219, 48
219, 48
219, 48
219, 48
219, 48
219, 48
219, 48
219, 48
219, 48
219, 48
219, 48
219, 48
219, 48
219, 48
219, 48
219, 48
219, 48
219, 48
219, 48
219, 48
219, 48
219, 48
220, 48
220, 48
220, 48
220, 48
220, 48
220, 48
220, 48
220, 48
220, 48
220, 48
220, 48
220, 48
220, 48
220, 48
220, 48
220, 48
220, 48
220, 48
220, 48
220, 48
220, 48
220, 48
220, 48
220, 48
220, 48
220, 48
220, 48
220, 48
220, 48
220, 48
220, 48
220, 48
220, 48
220, 48
220, 48
220, 48
220, 48
220, 48
220, 48
220, 48
220, 48
220, 48
220, 48
220, 48
220, 48
220, 48
220, 48
220, 48
221, 48
221, 48
221, 48
221, 48
221, 48
221, 48
221, 48
221, 48
221, 48
221, 48
221, 48
221, 48
221, 48
221, 48
221, 48
221, 48
221, 48
221, 48
221, 48
221, 48
221, 48
221, 48
221, 48
221, 48
221, 48
221, 48
221, 48
221, 48
221, 48
221, 48
221, 48
221, 48
221, 48
221, 48
221, 48
221, 48
221, 48
221, 48
221, 48
221, 48
221, 48
221, 48
221, 48
221, 48
221, 48
221, 48
221, 48
221, 48
222, 48
222, 48
222, 48
222, 48
222, 48
222, 48
222, 48
222, 48
222, 48
222, 48
222, 48
222, 48
222, 48
222, 48
222, 48
222, 48
222, 48
222, 48
222, 48
222, 48
222, 48
222, 48
222, 48
222, 48
222, 48
222, 48
222, 48
222, 48
222, 48
222, 48
222, 48
222, 48
222, 48
222, 48
222, 48
222, 48
222, 48
222, 48
222, 48
222, 48
222, 48
222, 48
222, 48
222, 48
222, 48
222, 48
222, 48
222, 48
223, 48
223, 48
223, 48
223, 48
223, 48
223, 48
223, 48
223, 48
223, 48
223, 48
223, 48
223, 48
223, 48
223, 48
223, 48
223, 48
223, 48
223, 48
223, 48
223, 48
223, 48
223, 48
223, 48
223, 48
223, 48
223, 48
223, 48
223, 48
223, 48
223, 48
223, 48
223, 48
223, 48
223, 48
223, 48
223, 48
223, 48
223, 48
223, 48
223, 48
223, 48
223, 48
223, 48
223, 48
223, 48
223, 48
223, 48
223, 48
224, 48
224, 48
224, 48
224, 48
224, 48
224, 48
224, 48
224, 48
224, 48
224, 48
224, 48
224, 48
224, 48
224, 48
224, 48
224, 48
224, 48
224, 48
224, 48
224, 48
224, 48
224, 48
224, 48
224, 48
224, 48
224, 48
224, 48
224, 48
224, 48
224, 48
224, 48
224, 48
224, 48
224, 48
224, 48
224, 48
224, 48
224, 48
224, 48
224, 48
224, 48
224, 48
224, 48
224, 48
224, 48
224, 48
224, 48
224, 48
225, 48
225, 48
225, 48
225, 48
225, 48
225, 48
225, 48
225, 48
225, 48
225, 48
225, 48
225, 48
225, 48
225, 48
225, 48
225, 48
225, 48
225, 48
225, 48
225, 48
225, 48
225, 48
225, 48
225, 48
225, 48
225, 48
225, 48
225, 48
225, 48
225, 48
225, 48
225, 48
225, 48
225, 48
225, 48
225, 48
225, 48
225, 48
225, 48
225, 48
225, 48
225, 48
225, 48
225, 48
225, 48
225, 48
225, 48
225, 48
226, 48
226, 48
226, 48
226, 48
226, 48
226, 48
226, 48
226, 48
226, 48
226, 48
226, 48
226, 48
226, 48
226, 48
226, 48
226, 48
226, 48
226, 48
226, 48
226, 48
226, 48
226, 48
226, 48
226, 48
226, 48
226, 48
226, 48
226, 48
226, 48
226, 48
226, 48
226, 48
226, 48
226, 48
226, 48
226, 48
226, 48
226, 48
226, 48
226, 48
226, 48
226, 48
226, 48
226, 48
226, 48
226, 48
226, 48
226, 48
227, 48
227, 48
227, 48
227, 48
227, 48
227, 48
227, 48
227, 48
227, 48
227, 48
227, 48
227, 48
227, 48
227, 48
227, 48
227, 48
227, 48
227, 48
227, 48
227, 48
227, 48
227, 48
227, 48
227, 48
227, 48
227, 48
227, 48
227, 48
227, 48
227, 48
227, 48
227, 48
227, 48
227, 48
227, 48
227, 48
227, 48
227, 48
227, 48
227, 48
227, 48
227, 48
227, 48
227, 48
227, 48
227, 48
227, 48
227, 48
228, 48
228, 48
228, 48
228, 48
228, 48
228, 48
228, 48
228, 48
228, 48
228, 48
228, 48
228, 48
228, 48
228, 48
228, 48
228, 48
228, 48
228, 48
228, 48
228, 48
228, 48
228, 48
228, 48
228, 48
228, 48
228, 48
228, 48
228, 48
228, 48
228, 48
228, 48
228, 48
228, 48
228, 48
228, 48
228, 48
228, 48
228, 48
228, 48
228, 48
228, 48
228, 48
228, 48
228, 48
228, 48
228, 48
228, 48
228, 48
229, 48
229, 48
229, 48
229, 48
229, 48
229, 48
229, 48
229, 48
229, 48
229, 48
229, 48
229, 48
229, 48
229, 48
229, 48
229, 48
229, 48
229, 48
229, 48
229, 48
229, 48
229, 48
229, 48
229, 48
229, 48
229, 48
229, 48
229, 48
229, 48
229, 48
229, 48
229, 48
229, 48
229, 48
229, 48
229, 48
229, 48
229, 48
229, 48
229, 48
229, 48
229, 48
229, 48
229, 48
229, 48
229, 48
229, 48
229, 48
230, 48
230, 48
230, 48
230, 48
230, 48
230, 48
230, 48
230, 48
230, 48
230, 48
230, 48
230, 48
230, 48
230, 48
230, 48
230, 48
230, 48
230, 48
230, 48
230, 48
230, 48
230, 48
230, 48
230, 48
230, 48
230, 48
230, 48
230, 48
230, 48
230, 48
230, 48
230, 48
230, 48
230, 48
230, 48
230, 48
230, 48
230, 48
230, 48
230, 48
230, 48
230, 48
230, 48
230, 48
230, 48
230, 48
230, 48
230, 48
231, 48
231, 48
231, 48
231, 48
231, 48
231, 48
231, 48
231, 48
231, 48
231, 48
231, 48
231, 48
231, 48
231, 48
231, 48
231, 48
231, 48
231, 48
231, 48
231, 48
231, 48
231, 48
231, 48
231, 48
231, 48
231, 48
231, 48
231, 48
231, 48
231, 48
231, 48
231, 48
231, 48
231, 48
231, 48
231, 48
231, 48
231, 48
231, 48
231, 48
231, 48
231, 48
231, 48
231, 48
231, 48
231, 48
231, 48
231, 48
232, 48
232, 48
232, 48
232, 48
232, 48
232, 48
232, 48
232, 48
232, 48
232, 48
232, 48
232, 48
232, 48
232, 48
232, 48
232, 48
232, 48
232, 48
232, 48
232, 48
232, 48
232, 48
232, 48
232, 48
232, 48
232, 48
232, 48
232, 48
232, 48
232, 48
232, 48
232, 48
232, 48
232, 48
232, 48
232, 48
232, 48
232, 48
232, 48
232, 48
232, 48
232, 48
232, 48
232, 48
232, 48
232, 48
232, 48
232, 48
233, 48
233, 48
233, 48
233, 48
233, 48
233, 48
233, 48
233, 48
233, 48
233, 48
233, 48
233, 48
233, 48
233, 48
233, 48
233, 48
233, 48
233, 48
233, 48
233, 48
233, 48
233, 48
233, 48
233, 48
233, 48
233, 48
233, 48
233, 48
233, 48
233, 48
233, 48
233, 48
233, 48
233, 48
233, 48
233, 48
233, 48
233, 48
233, 48
233, 48
233, 48
233, 48
233, 48
233, 48
233, 48
233, 48
233, 48
233, 48
234, 48
234, 48
234, 48
234, 48
234, 48
234, 48
234, 48
234, 48
234, 48
234, 48
234, 48
234, 48
234, 48
234, 48
234, 48
234, 48
234, 48
234, 48
234, 48
234, 48
234, 48
234, 48
234, 48
234, 48
234, 48
234, 48
234, 48
234, 48
234, 48
234, 48
234, 48
234, 48
234, 48
234, 48
234, 48
234, 48
234, 48
234, 48
234, 48
234, 48
234, 48
234, 48
234, 48
234, 48
234, 48
234, 48
234, 48
234, 48
235, 48
235, 48
235, 48
235, 48
235, 48
235, 48
235, 48
235, 48
235, 48
235, 48
235, 48
235, 48
235, 48
235, 48
235, 48
235, 48
235, 48
235, 48
235, 48
235, 48
235, 48
235, 48
235, 48
235, 48
235, 48
235, 48
235, 48
235, 48
235, 48
235, 48
235, 48
235, 48
235, 48
235, 48
235, 48
235, 48
235, 48
235, 48
235, 48
235, 48
235, 48
235, 48
235, 48
235, 48
235, 48
235, 48
235, 48
235, 48
236, 48
236, 48
236, 48
236, 48
236, 48
236, 48
236, 48
236, 48
236, 48
236, 48
236, 48
236, 48
236, 48
236, 48
236, 48
236, 48
236, 48
236, 48
236, 48
236, 48
236, 48
236, 48
236, 48
236, 48
236, 48
236, 48
236, 48
236, 48
236, 48
236, 48
236, 48
236, 48
236, 48
236, 48
236, 48
236, 48
236, 48
236, 48
236, 48
236, 48
236, 48
236, 48
236, 48
236, 48
236, 48
236, 48
236, 48
236, 48
237, 48
237, 48
237, 48
237, 48
237, 48
237, 48
237, 48
237, 48
237, 48
237, 48
237, 48
237, 48
237, 48
237, 48
237, 48
237, 48
237, 48
237, 48
237, 48
237, 48
237, 48
237, 48
237, 48
237, 48
237, 48
237, 48
237, 48
237, 48
237, 48
237, 48
237, 48
237, 48
237, 48
237, 48
237, 48
237, 48
237, 48
237, 48
237, 48
237, 48
237, 48
237, 48
237, 48
237, 48
237, 48
237, 48
237, 48
237, 48
238, 48
238, 48
238, 48
238, 48
238, 48
238, 48
238, 48
238, 48
238, 48
238, 48
238, 48
238, 48
238, 48
238, 48
238, 48
238, 48
238, 48
238, 48
238, 48
238, 48
238, 48
238, 48
238, 48
238, 48
238, 48
238, 48
238, 48
238, 48
238, 48
238, 48
238, 48
238, 48
238, 48
238, 48
238, 48
238, 48
238, 48
238, 48
238, 48
238, 48
238, 48
238, 48
238, 48
238, 48
238, 48
238, 48
238, 48
238, 48
239, 48
239, 48
239, 48
239, 48
239, 48
239, 48
239, 48
239, 48
239, 48
239, 48
239, 48
239, 48
239, 48
239, 48
239, 48
239, 48
239, 48
239, 48
239, 48
239, 48
239, 48
239, 48
239, 48
239, 48
239, 48
239, 48
239, 48
239, 48
239, 48
239, 48
239, 48
239, 48
239, 48
239, 48
239, 48
239, 48
239, 48
239, 48
239, 48
239, 48
239, 48
239, 48
239, 48
239, 48
239, 48
239, 48
239, 48
239, 48
240, 48
240, 48
240, 48
240, 48
240, 48
240, 48
240, 48
240, 48
240, 48
240, 48
240, 48
240, 48
240, 48
240, 48
240, 48
240, 48
240, 48
240, 48
240, 48
240, 48
240, 48
240, 48
240, 48
240, 48
240, 48
240, 48
240, 48
240, 48
240, 48
240, 48
240, 48
240, 48
240, 48
240, 48
240, 48
240, 48
240, 48
240, 48
240, 48
240, 48
240, 48
240, 48
240, 48
240, 48
240, 48
240, 48
240, 48
240, 48
241, 48
241, 48
241, 48
241, 48
241, 48
241, 48
241, 48
241, 48
241, 48
241, 48
241, 48
241, 48
241, 48
241, 48
241, 48
241, 48
241, 48
241, 48
241, 48
241, 48
241, 48
241, 48
241, 48
241, 48
241, 48
241, 48
241, 48
241, 48
241, 48
241, 48
241, 48
241, 48
241, 48
241, 48
241, 48
241, 48
241, 48
241, 48
241, 48
241, 48
241, 48
241, 48
241, 48
241, 48
241, 48
241, 48
241, 48
241, 48
242, 48
242, 48
242, 48
242, 48
242, 48
242, 48
242, 48
242, 48
242, 48
242, 48
242, 48
242, 48
242, 48
242, 48
242, 48
242, 48
242, 48
242, 48
242, 48
242, 48
242, 48
242, 48
242, 48
242, 48
242, 48
242, 48
242, 48
242, 48
242, 48
242, 48
242, 48
242, 48
242, 48
242, 48
242, 48
242, 48
242, 48
242, 48
242, 48
242, 48
242, 48
242, 48
242, 48
242, 48
242, 48
242, 48
242, 48
242, 48
243, 48
243, 48
243, 48
243, 48
243, 48
243, 48
243, 48
243, 48
243, 48
243, 48
243, 48
243, 48
243, 48
243, 48
243, 48
243, 48
243, 48
243, 48
243, 48
243, 48
243, 48
243, 48
243, 48
243, 48
243, 48
243, 48
243, 48
243, 48
243, 48
243, 48
243, 48
243, 48
243, 48
243, 48
243, 48
243, 48
243, 48
243, 48
243, 48
243, 48
243, 48
243, 48
243, 48
243, 48
243, 48
243, 48
243, 48
243, 48
244, 48
244, 48
244, 48
244, 48
244, 48
244, 48
244, 48
244, 48
244, 48
244, 48
244, 48
244, 48
244, 48
244, 48
244, 48
244, 48
244, 48
244, 48
244, 48
244, 48
244, 48
244, 48
244, 48
244, 48
244, 48
244, 48
244, 48
244, 48
244, 48
244, 48
244, 48
244, 48
244, 48
244, 48
244, 48
244, 48
244, 48
244, 48
244, 48
244, 48
244, 48
244, 48
244, 48
244, 48
244, 48
244, 48
244, 48
244, 48
245, 48
245, 48
245, 48
245, 48
245, 48
245, 48
245, 48
245, 48
245, 48
245, 48
245, 48
245, 48
245, 48
245, 48
245, 48
245, 48
245, 48
245, 48
245, 48
245, 48
245, 48
245, 48
245, 48
245, 48
245, 48
245, 48
245, 48
245, 48
245, 48
245, 48
245, 48
245, 48
245, 48
245, 48
245, 48
245, 48
245, 48
245, 48
245, 48
245, 48
245, 48
245, 48
245, 48
245, 48
245, 48
245, 48
245, 48
245, 48
246, 48
246, 48
246, 48
246, 48
246, 48
246, 48
246, 48
246, 48
246, 48
246, 48
246, 48
246, 48
246, 48
246, 48
246, 48
246, 48
246, 48
246, 48
246, 48
246, 48
246, 48
246, 48
246, 48
246, 48
246, 48
246, 48
246, 48
246, 48
246, 48
246, 48
246, 48
246, 48
246, 48
246, 48
246, 48
246, 48
246, 48
246, 48
246, 48
246, 48
246, 48
246, 48
246, 48
246, 48
246, 48
246, 48
246, 48
246, 48
247, 48
247, 48
247, 48
247, 48
247, 48
247, 48
247, 48
247, 48
247, 48
247, 48
247, 48
247, 48
247, 48
247, 48
247, 48
247, 48
247, 48
247, 48
247, 48
247, 48
247, 48
247, 48
247, 48
247, 48
247, 48
247, 48
247, 48
247, 48
247, 48
247, 48
247, 48
247, 48
247, 48
247, 48
247, 48
247, 48
247, 48
247, 48
247, 48
247, 48
247, 48
247, 48
247, 48
247, 48
247, 48
247, 48
247, 48
247, 48
248, 48
248, 48
248, 48
248, 48
248, 48
248, 48
248, 48
248, 48
248, 48
248, 48
248, 48
248, 48
248, 48
248, 48
248, 48
248, 48
248, 48
248, 48
248, 48
248, 48
248, 48
248, 48
248, 48
248, 48
248, 48
248, 48
248, 48
248, 48
248, 48
248, 48
248, 48
248, 48
248, 48
248, 48
248, 48
248, 48
248, 48
248, 48
248, 48
248, 48
248, 48
248, 48
248, 48
248, 48
248, 48
248, 48
248, 48
248, 48
249, 48
249, 48
249, 48
249, 48
249, 48
249, 48
249, 48
249, 48
249, 48
249, 48
249, 48
249, 48
249, 48
249, 48
249, 48
249, 48
249, 48
249, 48
249, 48
249, 48
249, 48
249, 48
249, 48
249, 48
249, 48
249, 48
249, 48
249, 48
249, 48
249, 48
249, 48
249, 48
249, 48
249, 48
249, 48
249, 48
249, 48
249, 48
249, 48
249, 48
249, 48
249, 48
249, 48
249, 48
249, 48
249, 48
249, 48
249, 48
250, 48
250, 48
250, 48
250, 48
250, 48
250, 48
250, 48
250, 48
250, 48
250, 48
250, 48
250, 48
250, 48
250, 48
250, 48
250, 48
250, 48
250, 48
250, 48
250, 48
250, 48
250, 48
250, 48
250, 48
250, 48
250, 48
250, 48
250, 48
250, 48
250, 48
250, 48
250, 48
250, 48
250, 48
250, 48
250, 48
250, 48
250, 48
250, 48
250, 48
250, 48
250, 48
250, 48
250, 48
250, 48
250, 48
250, 48
250, 48
251, 48
251, 48
251, 48
251, 48
251, 48
251, 48
251, 48
251, 48
251, 48
251, 48
251, 48
251, 48
251, 48
251, 48
251, 48
251, 48
251, 48
251, 48
251, 48
251, 48
251, 48
251, 48
251, 48
251, 48
251, 48
251, 48
251, 48
251, 48
251, 48
251, 48
251, 48
251, 48
251, 48
251, 48
251, 48
251, 48
251, 48
251, 48
251, 48
251, 48
251, 48
251, 48
251, 48
251, 48
251, 48
251, 48
251, 48
251, 48
252, 48
252, 48
252, 48
252, 48
252, 48
252, 48
252, 48
252, 48
252, 48
252, 48
252, 48
252, 48
252, 48
252, 48
252, 48
252, 48
252, 48
252, 48
252, 48
252, 48
252, 48
252, 48
252, 48
252, 48
252, 48
252, 48
252, 48
252, 48
252, 48
252, 48
252, 48
252, 48
252, 48
252, 48
252, 48
252, 48
252, 48
252, 48
252, 48
252, 48
252, 48
252, 48
252, 48
252, 48
252, 48
252, 48
252, 48
252, 48
253, 48
253, 48
253, 48
253, 48
253, 48
253, 48
253, 48
253, 48
253, 48
253, 48
253, 48
253, 48
253, 48
253, 48
253, 48
253, 48
253, 48
253, 48
253, 48
253, 48
253, 48
253, 48
253, 48
253, 48
253, 48
253, 48
253, 48
253, 48
253, 48
253, 48
253, 48
253, 48
253, 48
253, 48
253, 48
253, 48
253, 48
253, 48
253, 48
253, 48
253, 48
253, 48
253, 48
253, 48
253, 48
253, 48
253, 48
253, 48
254, 48
254, 48
254, 48
254, 48
254, 48
254, 48
254, 48
254, 48
254, 48
254, 48
254, 48
254, 48
254, 48
254, 48
254, 48
254, 48
254, 48
254, 48
254, 48
254, 48
254, 48
254, 48
254, 48
254, 48
254, 48
254, 48
254, 48
254, 48
254, 48
254, 48
254, 48
254, 48
254, 48
254, 48
254, 48
254, 48
254, 48
254, 48
254, 48
254, 48
254, 48
254, 48
254, 48
254, 48
254, 48
254, 48
254, 48
254, 48
255, 48
255, 48
255, 48
255, 48
255, 48
255, 48
255, 48
255, 48
255, 48
255, 48
255, 48
255, 48
255, 48
255, 48
255, 48
255, 48
255, 48
255, 48
255, 48
255, 48
255, 48
255, 48
255, 48
255, 48
255, 48
255, 48
255, 48
255, 48
255, 48
255, 48
255, 48
255, 48
255, 48
255, 48
255, 48
255, 48
255, 48
255, 48
255, 48
255, 48
255, 48
255, 48
255, 48
255, 48
255, 48
255, 48
255, 48
255, 48
256, 48
256, 48
256, 48
256, 48
256, 48
256, 48
256, 48
256, 48
256, 48
256, 48
256, 48
256, 48
256, 48
256, 48
256, 48
256, 48
256, 48
256, 48
256, 48
256, 48
256, 48
256, 48
256, 48
256, 48
256, 48
256, 48
256, 48
256, 48
256, 48
256, 48
256, 48
256, 48
256, 48
256, 48
256, 48
256, 48
256, 48
256, 48
256, 48
256, 48
256, 48
256, 48
256, 48
256, 48
256, 48
256, 48
256, 48
256, 48
257, 48
257, 48
257, 48
257, 48
257, 48
257, 48
257, 48
257, 48
257, 48
257, 48
257, 48
257, 48
257, 48
257, 48
257, 48
257, 48
257, 48
257, 48
257, 48
257, 48
257, 48
257, 48
257, 48
257, 48
257, 48
257, 48
257, 48
257, 48
257, 48
257, 48
257, 48
257, 48
257, 48
257, 48
257, 48
257, 48
257, 48
257, 48
257, 48
257, 48
257, 48
257, 48
257, 48
257, 48
257, 48
257, 48
257, 48
257, 48
258, 48
258, 48
258, 48
258, 48
258, 48
258, 48
258, 48
258, 48
258, 48
258, 48
258, 48
258, 48
258, 48
258, 48
258, 48
258, 48
258, 48
258, 48
258, 48
258, 48
258, 48
258, 48
258, 48
258, 48
258, 48
258, 48
258, 48
258, 48
258, 48
258, 48
258, 48
258, 48
258, 48
258, 48
258, 48
258, 48
258, 48
258, 48
258, 48
258, 48
258, 48
258, 48
258, 48
258, 48
258, 48
258, 48
258, 48
258, 48
259, 48
259, 48
259, 48
259, 48
259, 48
259, 48
259, 48
259, 48
259, 48
259, 48
259, 48
259, 48
259, 48
259, 48
259, 48
259, 48
259, 48
259, 48
259, 48
259, 48
259, 48
259, 48
259, 48
259, 48
259, 48
259, 48
259, 48
259, 48
259, 48
259, 48
259, 48
259, 48
259, 48
259, 48
259, 48
259, 48
259, 48
259, 48
259, 48
259, 48
259, 48
259, 48
259, 48
259, 48
259, 48
259, 48
259, 48
259, 48
260, 48
260, 48
260, 48
260, 48
260, 48
260, 48
260, 48
260, 48
260, 48
260, 48
260, 48
260, 48
260, 48
260, 48
260, 48
260, 48
260, 48
260, 48
260, 48
260, 48
260, 48
260, 48
260, 48
260, 48
260, 48
260, 48
260, 48
260, 48
260, 48
260, 48
260, 48
260, 48
260, 48
260, 48
260, 48
260, 48
260, 48
260, 48
260, 48
260, 48
260, 48
260, 48
260, 48
260, 48
260, 48
260, 48
260, 48
260, 48
261, 48
261, 48
261, 48
261, 48
261, 48
261, 48
261, 48
261, 48
261, 48
261, 48
261, 48
261, 48
261, 48
261, 48
261, 48
261, 48
261, 48
261, 48
261, 48
261, 48
261, 48
261, 48
261, 48
261, 48
261, 48
261, 48
261, 48
261, 48
261, 48
261, 48
261, 48
261, 48
261, 48
261, 48
261, 48
261, 48
261, 48
261, 48
261, 48
261, 48
261, 48
261, 48
261, 48
261, 48
261, 48
261, 48
261, 48
261, 48
262, 48
262, 48
262, 48
262, 48
262, 48
262, 48
262, 48
262, 48
262, 48
262, 48
262, 48
262, 48
262, 48
262, 48
262, 48
262, 48
262, 48
262, 48
262, 48
262, 48
262, 48
262, 48
262, 48
262, 48
262, 48
262, 48
262, 48
262, 48
262, 48
262, 48
262, 48
262, 48
262, 48
262, 48
262, 48
262, 48
262, 48
262, 48
262, 48
262, 48
262, 48
262, 48
262, 48
262, 48
262, 48
262, 48
262, 48
262, 48
263, 48
263, 48
263, 48
263, 48
263, 48
263, 48
263, 48
263, 48
263, 48
263, 48
263, 48
263, 48
263, 48
263, 48
263, 48
263, 48
263, 48
263, 48
263, 48
263, 48
263, 48
263, 48
263, 48
263, 48
263, 48
263, 48
263, 48
263, 48
263, 48
263, 48
263, 48
263, 48
263, 48
263, 48
263, 48
263, 48
263, 48
263, 48
263, 48
263, 48
263, 48
263, 48
263, 48
263, 48
263, 48
263, 48
263, 48
263, 48
264, 48
264, 48
264, 48
264, 48
264, 48
264, 48
264, 48
264, 48
264, 48
264, 48
264, 48
264, 48
264, 48
264, 48
264, 48
264, 48
264, 48
264, 48
264, 48
264, 48
264, 48
264, 48
264, 48
264, 48
264, 48
264, 48
264, 48
264, 48
264, 48
264, 48
264, 48
264, 48
264, 48
264, 48
264, 48
264, 48
264, 48
264, 48
264, 48
264, 48
264, 48
264, 48
264, 48
264, 48
264, 48
264, 48
264, 48
264, 48
265, 48
265, 48
265, 48
265, 48
265, 48
265, 48
265, 48
265, 48
265, 48
265, 48
265, 48
265, 48
265, 48
265, 48
265, 48
265, 48
265, 48
265, 48
265, 48
265, 48
265, 48
265, 48
265, 48
265, 48
265, 48
265, 48
265, 48
265, 48
265, 48
265, 48
265, 48
265, 48
265, 48
265, 48
265, 48
265, 48
265, 48
265, 48
265, 48
265, 48
265, 48
265, 48
265, 48
265, 48
265, 48
265, 48
265, 48
265, 48
266, 48
266, 48
266, 48
266, 48
266, 48
266, 48
266, 48
266, 48
266, 48
266, 48
266, 48
266, 48
266, 48
266, 48
266, 48
266, 48
266, 48
266, 48
266, 48
266, 48
266, 48
266, 48
266, 48
266, 48
266, 48
266, 48
266, 48
266, 48
266, 48
266, 48
266, 48
266, 48
266, 48
266, 48
266, 48
266, 48
266, 48
266, 48
266, 48
266, 48
266, 48
266, 48
266, 48
266, 48
266, 48
266, 48
266, 48
266, 48
267, 48
267, 48
267, 48
267, 48
267, 48
267, 48
267, 48
267, 48
267, 48
267, 48
267, 48
267, 48
267, 48
267, 48
267, 48
267, 48
267, 48
267, 48
267, 48
267, 48
267, 48
267, 48
267, 48
267, 48
267, 48
267, 48
267, 48
267, 48
267, 48
267, 48
267, 48
267, 48
267, 48
267, 48
267, 48
267, 48
267, 48
267, 48
267, 48
267, 48
267, 48
267, 48
267, 48
267, 48
267, 48
267, 48
267, 48
267, 48
268, 48
268, 48
268, 48
268, 48
268, 48
268, 48
268, 48
268, 48
268, 48
268, 48
268, 48
268, 48
268, 48
268, 48
268, 48
268, 48
268, 48
268, 48
268, 48
268, 48
268, 48
268, 48
268, 48
268, 48
268, 48
268, 48
268, 48
268, 48
268, 48
268, 48
268, 48
268, 48
268, 48
268, 48
268, 48
268, 48
268, 48
268, 48
268, 48
268, 48
268, 48
268, 48
268, 48
268, 48
268, 48
268, 48
268, 48
268, 48
269, 48
269, 48
269, 48
269, 48
269, 48
269, 48
269, 48
269, 48
269, 48
269, 48
269, 48
269, 48
269, 48
269, 48
269, 48
269, 48
269, 48
269, 48
269, 48
269, 48
269, 48
269, 48
269, 48
269, 48
269, 48
269, 48
269, 48
269, 48
269, 48
269, 48
269, 48
269, 48
269, 48
269, 48
269, 48
269, 48
269, 48
269, 48
269, 48
269, 48
269, 48
269, 48
269, 48
269, 48
269, 48
269, 48
269, 48
269, 48
270, 48
270, 48
270, 48
270, 48
270, 48
270, 48
270, 48
270, 48
270, 48
270, 48
270, 48
270, 48
270, 48
270, 48
270, 48
270, 48
270, 48
270, 48
270, 48
270, 48
270, 48
270, 48
270, 48
270, 48
270, 48
270, 48
270, 48
270, 48
270, 48
270, 48
270, 48
270, 48
270, 48
270, 48
270, 48
270, 48
270, 48
270, 48
270, 48
270, 48
270, 48
270, 48
270, 48
270, 48
270, 48
270, 48
270, 48
270, 48
271, 48
271, 48
271, 48
271, 48
271, 48
271, 48
271, 48
271, 48
271, 48
271, 48
271, 48
271, 48
271, 48
271, 48
271, 48
271, 48
271, 48
271, 48
271, 48
271, 48
271, 48
271, 48
271, 48
271, 48
271, 48
271, 48
271, 48
271, 48
271, 48
271, 48
271, 48
271, 48
271, 48
271, 48
271, 48
271, 48
271, 48
271, 48
271, 48
271, 48
271, 48
271, 48
271, 48
271, 48
271, 48
271, 48
271, 48
271, 48
272, 48
272, 48
272, 48
272, 48
272, 48
272, 48
272, 48
272, 48
272, 48
272, 48
272, 48
272, 48
272, 48
272, 48
272, 48
272, 48
272, 48
272, 48
272, 48
272, 48
272, 48
272, 48
272, 48
272, 48
272, 48
272, 48
272, 48
272, 48
272, 48
272, 48
272, 48
272, 48
272, 48
272, 48
272, 48
272, 48
272, 48
272, 48
272, 48
272, 48
272, 48
272, 48
272, 48
272, 48
272, 48
272, 48
272, 48
272, 48
273, 48
273, 48
273, 48
273, 48
273, 48
273, 48
273, 48
273, 48
273, 48
273, 48
273, 48
273, 48
273, 48
273, 48
273, 48
273, 48
273, 48
273, 48
273, 48
273, 48
273, 48
273, 48
273, 48
273, 48
273, 48
273, 48
273, 48
273, 48
273, 48
273, 48
273, 48
273, 48
273, 48
273, 48
273, 48
273, 48
273, 48
273, 48
273, 48
273, 48
273, 48
273, 48
273, 48
273, 48
273, 48
273, 48
273, 48
273, 48
274, 48
274, 48
274, 48
274, 48
274, 48
274, 48
274, 48
274, 48
274, 48
274, 48
274, 48
274, 48
274, 48
274, 48
274, 48
274, 48
274, 48
274, 48
274, 48
274, 48
274, 48
274, 48
274, 48
274, 48
274, 48
274, 48
274, 48
274, 48
274, 48
274, 48
274, 48
274, 48
274, 48
274, 48
274, 48
274, 48
274, 48
274, 48
274, 48
274, 48
274, 48
274, 48
274, 48
274, 48
274, 48
274, 48
274, 48
274, 48
275, 48
275, 48
275, 48
275, 48
275, 48
275, 48
275, 48
275, 48
275, 48
275, 48
275, 48
275, 48
275, 48
275, 48
275, 48
275, 48
275, 48
275, 48
275, 48
275, 48
275, 48
275, 48
275, 48
275, 48
275, 48
275, 48
275, 48
275, 48
275, 48
275, 48
275, 48
275, 48
275, 48
275, 48
275, 48
275, 48
275, 48
275, 48
275, 48
275, 48
275, 48
275, 48
275, 48
275, 48
275, 48
275, 48
275, 48
275, 48
276, 48
276, 48
276, 48
276, 48
276, 48
276, 48
276, 48
276, 48
276, 48
276, 48
276, 48
276, 48
276, 48
276, 48
276, 48
276, 48
276, 48
276, 48
276, 48
276, 48
276, 48
276, 48
276, 48
276, 48
276, 48
276, 48
276, 48
276, 48
276, 48
276, 48
276, 48
276, 48
276, 48
276, 48
276, 48
276, 48
276, 48
276, 48
276, 48
276, 48
276, 48
276, 48
276, 48
276, 48
276, 48
276, 48
276, 48
276, 48
277, 48
277, 48
277, 48
277, 48
277, 48
277, 48
277, 48
277, 48
277, 48
277, 48
277, 48
277, 48
277, 48
277, 48
277, 48
277, 48
277, 48
277, 48
277, 48
277, 48
277, 48
277, 48
277, 48
277, 48
277, 48
277, 48
277, 48
277, 48
277, 48
277, 48
277, 48
277, 48
277, 48
277, 48
277, 48
277, 48
277, 48
277, 48
277, 48
277, 48
277, 48
277, 48
277, 48
277, 48
277, 48
277, 48
277, 48
277, 48
278, 48
278, 48
278, 48
278, 48
278, 48
278, 48
278, 48
278, 48
278, 48
278, 48
278, 48
278, 48
278, 48
278, 48
278, 48
278, 48
278, 48
278, 48
278, 48
278, 48
278, 48
278, 48
278, 48
278, 48
278, 48
278, 48
278, 48
278, 48
278, 48
278, 48
278, 48
278, 48
278, 48
278, 48
278, 48
278, 48
278, 48
278, 48
278, 48
278, 48
278, 48
278, 48
278, 48
278, 48
278, 48
278, 48
278, 48
278, 48
279, 48
279, 48
279, 48
279, 48
279, 48
279, 48
279, 48
279, 48
279, 48
279, 48
279, 48
279, 48
279, 48
279, 48
279, 48
279, 48
279, 48
279, 48
279, 48
279, 48
279, 48
279, 48
279, 48
279, 48
279, 48
279, 48
279, 48
279, 48
279, 48
279, 48
279, 48
279, 48
279, 48
279, 48
279, 48
279, 48
279, 48
279, 48
279, 48
279, 48
279, 48
279, 48
279, 48
279, 48
279, 48
279, 48
279, 48
279, 48
