0
0
0.699619
0.43382
0.28906
-0.852837
0.362299
-0.0510551
-0.742079
0.451238
0.37367
-0.209458
-0.174918
0.816707
-0.382223
-0.584755
0.155344
0.267255
0.561606
0.336039
0.847046
0.992603
0.159001
0.108225
0.426499
0.634376
-0.331449
0.0446317
0.911214
-0.5187
0.160608
0.704052
0.450459
0.0994472
-0.0848377
-0.69569
0.784842
0.714592
0.535995
-0.99113
-0.531236
-0.52998
0.196823
0.706681
0.876261
-0.0877873
-0.926014
0.546285
-0.215856
0.496332
0.723753
0.745165
0.553171
0.306774
-0.114196
0.401938
0.804375
0.652957
-0.992315
-0.733663
-0.395702
-0.139039
-0.667727
0.432223
0.531976
0.0518228
0.687454
0.223711
-0.375186
-0.677875
-0.122908
-0.241521
-0.563694
-0.286251
-0.115871
0.928817
0.812875
0.69406
-0.118656
0.302519
-0.74198
0.160793
0.304123
-0.725141
-0.73062
-0.434758
0.239492
-0.949198
0.216833
-0.0347124
0.136499
-0.917896
-0.517943
0.604366
-0.609388
-0.0649865
0.0229835
-0.170833
0.732245
0.082407
0.899193
-0.305512
0.542886
-0.175007
-0.488127
-0.598117
-0.433794
-0.808033
-0.414894
-0.373033
-0.984968
0.992679
0.55696
0.981933
-0.992739
-0.319997
-0.398466
-0.467637
-0.476709
-0.642514
-0.999766
-0.684963
0.616001
-0.310824
-0.373797
0.414308
0.497344
-0.645889
0.0307738
-0.384245
0.78871
0.143362
0.753712
-0.162647
0.545173
-0.389418
-0.293498
0.691209
-0.390582
0.806513
0.312033
0.892111
-0.539426
-0.810938
0.688581
0.165093
-0.560473
0.273185
-0.770867
0.530228
0.193782
-0.761296
-0.917732
0.279091
-0.156197
0.922847
-0.993349
-0.865047
0.18383
0.980472
0.639219
0.948779
0.0525155
-0.704139
0.066298
0.684164
-0.947155
0.148771
0.980218
0.832081
-0.510871
0.328622
-0.177445
-0.596766
0.397522
0.268296
-0.37418
0.275647
-0.245882
0.0557517
-0.235484
0.97886
0.0471784
-0.35817
-0.190928
-0.701647
0.813176
0.518862
-0.683754
-0.491681
0.923115
0.617275
-0.522941
-0.692628
-0.830475
0.00278113
0.893709
-0.450415
0.82167
-0.987692
-0.780561
-0.711148
-0.108076
0.148787
-0.43005
0.349384
-0.175088
-0.28134
-0.94379
-0.408319
-0.730678
-0.146352
-0.6342
-0.241402
-0.326127
0.0793034
0.202578
-0.509126
-0.517811
0.912386
-0.184532
0.257364
0.748158
-0.179853
0.245079
-0.774312
-0.770331
0.126846
-0.294274
0.0942836
0.514567
0.335685
-0.268786
0.421946
0.943952
0.264853
0.734034
-0.526582
0.923838
-0.869591
-0.77216
0.362224
0.786133
-0.678089
0.279493
0.916473
-0.668332
0.737648
-0.633547
-0.873839
0.370911
-0.309295
-0.946355
-0.0302479
0.740828
-0.323174
0.551597
-0.196429
-0.384517
-0.410133
0.367561
-0.77137
-0.957243
0.193968
-0.90349
0.0297608
-0.837634
-0.0611422
-0.226868
0.25865
-0.0260771
-0.301311
-0.446575
-0.248002
0.383681
-0.133106
0.41275
-0.890946
-0.305341
-0.289483
-0.717212
-0.959438
-0.325457
0.761623
0.298185
0.67597
0.218153
-0.476329
-0.64693
-0.11447
0.289084
-0.538332
0.633584
0.532084
-0.427799
0.224219
0.951104
0.446089
-0.770316
0.150653
-0.845749
0.881683
-0.559764
0.326568
-0.430095
-0.254027
0.93147
-0.875174
0.976085
0.539544
-0.855034
0.639768
-0.853183
0.820735
0.304048
-0.601308
0.388483
-0.883727
-0.56337
-0.074341
0.53111
0.222762
-0.687629
0.559295
-0.369845
-0.547076
-0.315208
-0.625344
-0.923575
-0.980215
0.945918
-0.666434
-0.0234443
-0.576714
0.652812
0.681831
-0.917799
-0.292185
-0.680163
0.0578176
-0.964692
-0.255822
0.570974
0.763332
-0.653631
0.54592
-0.0415063
-0.528873
0.891746
0.693498
-0.00846906
-0.367769
-0.994161
-0.575273
0.670401
0.64939
0.0593155
-0.215386
-0.742946
-0.565569
0.663472
0.982572
0.189302
-0.307109
-0.912704
-0.658902
0.227532
0.536393
0.877671
0.93153
-0.755785
0.315131
-0.865388
-0.97753
0.41489
0.8311
0.772078
0.279333
-0.881736
-0.471033
0.740724
0.699277
-0.714461
-0.780437
-0.472477
0.460982
0.395342
-0.334873
-0.494959
-0.618548
-0.271208
0.11641
0.136727
-0.521461
-0.577719
-0.218208
-0.101827
0.45611
0.817448
0.0635148
-0.125838
-0.760205
-0.281745
0.555846
0.560039
0.709213
-0.834469
0.707884
0.608792
-0.418927
-0.609325
0.920708
-0.0523543
0.718725
0.700257
0.469427
-0.487218
-0.148972
0.789562
-0.903948
0.110677
-0.680958
-0.731201
0.398132
-0.203214
0.724165
-0.179193
-0.670125
-0.653071
0.945479
0.610866
-0.775068
0.198291
-0.162279
-0.222878
-0.940128
0.0232406
0.306685
0.498346
0.207014
-0.851617
-0.041481
0.697313
0.871467
0.282668
-0.631173
0.386408
0.0355921
-0.727696
-0.252283
-0.5133
0.621426
-0.257616
0.153073
0.705929
0.119397
0.117642
0.879857
0.076167
0.359642
0.675762
0.635392
-0.0136011
0.00867841
-0.782903
-0.559154
-0.277558
-0.961357
-0.917235
0.643538
-0.347281
0.88008
-0.283418
0.254605
0.66511
0.797599
0.283247
-0.508462
-0.508835
0.0120623
-0.270428
-0.797232
-0.2139
-0.778048
-0.64275
0.513935
0.510999
-0.751585
0.115549
-0.679059
-0.801757
0.159405
0.387395
0.499328
-0.503883
0.183963
-0.098722
0.525718
0.426306
-0.717724
0.0435075
0.750939
-0.720098
-0.234404
0.54846
-0.327376
0.368753
-0.955837
-0.597089
-0.801346
-0.580669
0.205485
0.473027
0.597194
0.356035
0.392298
-0.219919
0.349897
0.533816
-0.887227
-0.0891874
-0.941456
-0.603436
-0.462524
0.0180462
-0.773887
-0.91401
-0.537136
-0.168984
-0.235859
0.455486
0.871372
0.234455
0.264835
-0.196915
0.579155
0.738931
-0.044996
0.453186
-0.560591
-0.168557
-0.857752
0.833661
-0.569313
-0.661901
0.467459
0.378287
0.614302
0.525402
0.645402
-0.86153
0.262972
0.791184
-0.0496021
0.50075
0.162673
-0.80926
-0.35452
0.335589
-0.921453
0.347969
-0.0706253
-0.960792
-0.252924
-0.211858
-0.0345068
-0.300027
-0.747349
-0.42147
-0.775575
-0.370255
-0.374067
-0.644763
-0.0160038
-0.0571021
0.429959
-0.602033
0.951613
-0.0929992
-0.551595
-0.972803
0.218153
-0.550617
0.761378
-0.900039
-0.467349
0.625982
-0.185198
-0.499516
-0.904525
0.32168
-0.0989474
-0.306954
0.906492
-0.150486
0.250792
0.241918
-0.423891
0.54406
0.0238955
0.638972
0.759546
-0.759683
-0.284148
-0.348944
0.0111727
0.700793
0.019839
-0.919922
0.494042
-0.293794
0.291981
0.706757
0.0887389
0.199304
0.93849
0.773648
0.330758
0.795019
-0.665947
0.848066
0.663057
0.209866
0.795449
0.326297
-0.952897
-0.926039
0.487644
0.0615998
0.191968
-0.902644
0.832601
-0.741383
0.388675
0.0586244
0.100176
0.524501
0.0323947
0.643695
0.278324
-0.430324
0.393489
0.4598
-0.336015
-0.110873
0.983676
-0.892916
0.612241
-0.472408
-0.268438
-0.666278
-0.513993
-0.47464
0.758087
0.159781
0.00601943
0.2497
-0.816861
0.195146
-0.446155
0.761856
0.0448944
-0.12787
0.752166
-0.306457
-0.849368
0.481074
0.726077
0.616771
0.796851
0.544642
0.290467
-0.427816
0.416489
0.592502
0.0667269
0.82284
-0.753757
-0.47172
0.449135
-0.954443
-0.65392
0.0615596
-0.652001
0.183332
0.815332
-0.55402
0.649098
-0.917424
0.554145
-0.00541488
0.0330911
-0.682068
0.0802143
0.979697
-0.686973
0.0514089
-0.55408
-0.921062
-0.769126
-0.895123
-0.843694
0.905306
0.507776
-0.0675906
0.177254
-0.903491
-0.0691434
0.427967
-0.451683
-0.589425
0.795638
0.724241
0.436793
-0.585297
-0.353084
0.555486
0.746523
0.575292
0.959218
0.452444
0.060386
-0.816135
0.401758
0.89747
0.282967
-0.245223
-0.835646
-0.608316
-0.484294
-0.232707
0.748678
-0.875901
0.519681
-0.187795
0.947833
-0.977048
-0.178933
-0.622629
0.736106
-0.971045
-0.916872
-0.369225
0.0523442
0.403024
-0.00655979
-0.216037
-0.586942
-0.865797
-0.627893
-0.832449
0.931909
-0.986659
0.812834
0.81219
0.882199
0.305827
0.328297
0.785254
0.285015
-0.311874
0.0985375
-0.393685
-0.0732154
0.656811
-0.332266
-0.0474128
0.7793
-0.706859
0.452721
0.75299
0.578712
-0.846758
0.926353
0.869841
0.0802458
0.564127
0.537522
-0.587373
-0.579477
0.141725
0.106569
0.405917
-0.0264283
-0.780937
0.481633
0.0107162
-0.674013
0.79982
0.173392
0.0797442
-0.83075
0.524948
-0.556021
0.997186
-0.505254
0.412489
0.766307
-0.346005
-0.858443
0.756343
0.792694
0.546209
-0.863645
0.671355
0.83918
-0.447367
-0.060042
-0.214728
0.498797
0.491728
-0.335244
-0.135916
-0.29966
-0.852904
0.576585
0.952337
0.990875
0.366213
-0.878171
-0.70014
-0.911866
0.344099
-0.521785
-0.000947127
-0.778771
0.360509
0.158652
-0.939506
0.0490763
-0.345805
0.586036
-0.562463
-0.821295
-0.226176
-0.44846
-0.32733
0.31015
-0.456965
0.9825
0.385554
-0.157853
0.634643
-0.951839
-0.409101
0.859333
0.879119
-0.420796
0.47524
-0.408664
0.0992373
-0.247101
0.764122
0.994398
0.459715
0.161019
-0.877081
-0.96841
-0.593659
0.692334
0.31351
0.802994
0.746821
-0.707456
-0.506192
-0.369207
-0.74496
-0.960781
-0.326821
-0.300044
-0.86295
0.401092
-0.0723242
-0.51129
0.669827
-0.957039
-0.232256
-0.374599
0.804862
-0.998287
-0.363537
0.999849
0.154324
0.591085
-0.304531
-0.754374
0.101634
-0.223392
-0.0880582
0.289291
0.519425
-0.0919693
-0.809918
-0.420091
-0.629945
-0.945673
0.73648
-0.747328
-0.938997
0.63831
-0.145309
0.322944
0.572308
0.965724
0.0144826
0.38841
0.0445455
-0.215145
0.274807
0.0283948
0.474194
0.975742
0.532886
0.299952
-0.868025
-0.541635
-0.0751566
0.570223
-0.250228
0.203229
0.718516
0.315516
-0.0861979
0.840478
0.998449
0.190056
-0.360971
0.247673
-0.597492
-0.349423
-0.141776
0.119861
-0.60662
-0.174363
0.788814
0.464454
-0.589696
-0.209083
0.537761
-0.850537
0.175807
-0.987764
-0.262149
-0.53185
-0.0968183
0.825079
0.258268
-0.471542
0.0351237
0.199242
-0.167124
0.657288
0.98525
-0.237207
0.253639
0.0329937
0.765328
-0.811612
0.41952
0.186543
0.462104
-0.38798
-0.0840319
0.156879
0.780886
0.744866
0.513273
0.675803
-0.441538
0.348239
0.246444
0.311958
-0.532545
-0.170355
0.757237
-0.390009
-0.893752
-0.526733
0.760494
-0.630159
-0.33497
-0.0420506
-0.408689
0.420136
-0.313597
-0.342712
-0.540474
0.672212
0.549538
0.591971
0.986055
0.193895
-0.60347
-0.298813
-0.436804
-0.798327
0.12825
-0.939844
0.908912
-0.476992
0.992324
-0.701351
0.91603
0.168908
0.630338
0.0575578
0.840577
-0.873147
-0.682001
-0.0276324
0.5402
0.554674
0.113105
0.624182
-0.50804
-0.0782782
0.677607
0.846501
-0.257173
-0.459161
-0.0444351
-0.999051
-0.516904
0.201464
0.351545
-0.40395
-0.157006
0.738964
0.0896659
0.118025
0.301032
0.631012
0.809316
0.751974
0.627892
-0.0674097
0.128084
0.650492
0.507781
0.381952
0.300637
-0.804037
-0.446825
-0.342106
0.114062
0.270734
0.890399
-0.650664
-0.398032
0.389675
0.0847547
0.527706
0.71758
0.17128
0.0902705
-0.826096
0.782706
-0.117106
0.568261
-0.225836
0.207855
-0.815352
-0.679337
-0.609128
-0.356697
-0.549937
0.256258
-0.603743
-0.242885
0.681465
-0.301435
-0.403431
0.79149
0.912437
-0.108378
-0.493375
0.338162
0.533138
0.728967
-0.32368
-0.706954
-0.963542
-0.621151
0.39736
-0.463449
0.909688
0.562174
-0.203613
-0.95111
-0.372926
-0.694898
0.124881
-0.478227
0.434272
0.602145
-0.338542
-0.1934
-0.422977
-0.631017
0.0604035
0.392603
-0.929051
0.073176
0.61647
-0.471368
-0.74625
-0.93449
0.374252
-0.598672
0.336719
0.912071
0.0316818
-0.659094
0.415458
-0.698133
0.970569
-0.142452
-0.775957
0.0746977
-0.989783
-0.894138
0.482662
-0.880235
-0.565085
-0.971484
0.701576
-0.0939038
-0.341866
0.868441
0.304645
-0.710882
0.479754
0.540313
-0.965734
-0.372487
0.231941
0.290344
-0.482188
-0.181723
-0.987623
-0.236605
-0.840741
0.831711
-0.868611
-0.366898
-0.0247062
0.812604
-0.873043
-0.98198
-0.214114
0.559227
-0.911456
0.753464
0.965486
0.112608
-0.166313
0.828179
-0.192108
0.599967
-0.920198
0.457446
-0.922593
0.795393
-0.616159
-0.350625
-0.371279
0.910061
-0.257317
-0.895233
0.00553258
-0.575839
-0.842758
-0.647029
0.820363
0.231373
0.246955
-0.891817
-0.978562
-0.380232
0.0788074
-0.288403
-0.568244
-0.829788
0.826499
-0.523863
0.0344876
0.524687
0.82264
-0.120453
-0.018095
-0.435763
-0.830903
0.126108
0.116771
0.41905
0.38357
-0.38161
0.323231
-0.465749
0.704399
0.0447113
0.0625261
-0.600601
0.305964
-0.998979
0.911018
0.289038
-0.0248545
-0.0970305
0.885797
-0.469962
0.137928
0.457939
-0.259782
-0.369957
-0.312327
-0.121378
-0.321798
-0.736227
-0.485117
0.586564
-0.476331
-0.98532
-0.23964
0.356062
-0.753636
0.815931
0.924558
-0.402747
-0.716247
-0.569457
-0.00708952
0.0916695
-0.423798
0.309439
-0.747571
0.649212
0.303399
0.734987
0.0410075
-0.107257
-0.403697
0.0682566
-0.558874
0.135332
-0.167588
0.967967
0.657849
-0.559032
-0.407742
0.689096
-0.989659
-0.785762
0.0627239
-0.060186
0.13421
-0.0384333
0.588786
0.709826
-0.8043
0.588456
-0.63175
0.941272
0.608691
-0.057806
-0.598055
-0.97701
-0.843881
0.502068
-0.686558
0.438359
0.864726
-0.369358
-0.0205102
-0.377057
0.574332
0.779921
-0.961792
-0.777795
0.786961
-0.397032
-0.297104
-0.476836
0.72199
0.0952895
-0.656921
-0.541094
0.786242
0.981152
0.835649
0.154033
-0.524759
-0.579578
0.259761
-0.173999
-0.380098
-0.476113
-0.439055
0.112805
0.99943
0.785489
0.909341
-0.235712
-0.133961
-0.624597
0.084678
-0.0885357
-0.416091
-0.0291362
-0.705467
0.232043
0.00589854
0.324137
0.663594
0.74626
-0.667425
0.084009
-0.537106
0.812958
-0.892718
-0.612034
0.124939
-0.956192
0.685372
0.572239
-0.790792
0.721129
-0.839364
-0.584551
-0.0694948
-0.293626
0.0424323
0.225256
-0.0778081
-0.73405
-0.81858
-0.416074
0.615069
0.831655
0.0949693
-0.110478
0.110224
-0.100107
0.404262
0.686284
-0.692433
0.0901332
-0.963394
-0.849321
0.560874
-0.990768
-0.751039
-0.966626
0.593719
0.317692
0.710784
0.563784
-0.597824
0.652267
0.311662
0.645506
-0.947424
-0.259848
0.808034
-0.66979
-0.579166
-0.354743
-0.412593
-0.367786
-0.051977
0.560135
0.00273783
-0.49001
-0.122058
0.303145
0.719554
0.063719
0.425773
0.769109
-0.943049
-0.508468
0.456132
-0.537081
0.717941
-0.592431
-0.478244
-0.0861626
-0.979972
0.757496
0.0710025
0.232152
-0.886453
0.981327
0.776624
0.0803771
-0.562376
-0.801788
0.153354
-0.0296671
0.798514
0.511872
0.729876
-0.455263
0.178043
0.0202755
0.285104
-0.692084
-0.304934
0.549426
-0.19467
0.183714
0.0250272
-0.17474
0.169934
-0.728551
0.443021
0.791587
0.860414
0.629472
0.856258
-0.611775
0.128175
0.291911
-0.0843102
-0.281996
0.965346
0.696735
0.277953
0.862352
-0.4796
0.92821
0.720056
0.585014
0.978345
-0.0780941
-0.904536
0.742776
0.284897
-0.835833
0.945011
-0.8071
0.605814
-0.366181
0.262941
-0.466028
-0.703993
-0.419857
-0.405207
-0.520457
0.395078
-0.885328
-0.602983
-0.676218
0.396944
-0.849471
0.315796
-0.761264
0.882611
-0.957789
0.849151
0.0362962
0.447436
0.802625
0.686879
-0.0785409
0.0557059
-0.52291
-0.222929
0.44066
0.0119359
0.881768
0.857255
0.544211
-0.308818
0.414017
0.325835
0.748265
-0.101166
0.789744
-0.334457
0.130382
-0.0628487
-0.734839
-0.822572
-0.72299
0.285564
-0.826091
-0.105836
0.00740787
-0.488597
-0.398553
0.773572
-0.0610904
-0.0637333
0.468379
-0.35357
-0.77501
-0.25561
-0.0182987
0.503737
0.72386
-0.560435
-0.870718
-0.198919
-0.853858
0.24955
-0.71183
-0.988964
0.182118
0.0810343
0.0201709
-0.12991
0.473099
-0.784579
0.886921
0.503114
-0.918722
-0.959838
0.732296
0.243504
0.98206
0.346515
0.110442
0.33493
0.0837142
-0.825173
-0.912876
0.121832
0.707653
0.688635
-0.568517
-0.0711575
0.756992
0.496739
0.489318
-0.588586
-0.0440928
-0.567669
-0.148279
-0.96804
-0.107987
-0.58829
-0.538859
0.432793
0.0546701
-0.291412
0.646132
0.0375517
-0.42551
0.542301
0.631431
-0.674959
-0.0193994
0.775195
0.277276
-0.609356
-0.596609
-0.151909
0.397089
0.0398019
-0.768683
-0.152249
0.261657
0.8539
-0.425717
0.466425
0.56461
-0.764364
0.633357
-0.319868
0.791938
-0.157553
0.00500368
0.873149
-0.194781
0.0245697
-0.653928
-0.728986
0.287297
-0.75437
0.672506
-0.673137
0.431219
0.966154
-0.0531357
-0.969441
0.324425
0.714698
0.292168
-0.453925
-0.239771
0.418388
0.142025
-0.672339
-0.86323
0.140417
0.970323
-0.91756
0.746491
-0.0904731
-0.269375
-0.0751352
-0.665305
-0.0448894
-0.0870364
-0.986527
-0.767931
0.0851757
0.667248
-0.801444
-0.242134
-0.661826
0.733654
-0.88884
0.093537
0.40088
-0.780311
0.556254
0.443406
0.733937
0.881771
-0.12668
0.887053
0.304913
0.0526009
0.993347
-0.267567
-0.845585
-0.64496
0.412183
-0.237727
-0.390966
-0.947037
0.571245
0.308478
0.245774
-0.36966
0.448065
0.566166
0.391211
0.724642
0.808595
0.304895
0.947197
-0.62434
-0.429862
0.764643
-0.408994
0.91917
0.738576
-0.601149
0.388662
0.227793
0.00559633
0.0269843
-0.344558
0.951664
-0.115869
-0.682758
0.297292
0.371654
-0.14357
0.004007
-0.900001
-0.402798
0.820875
-0.400007
0.509854
0.598481
0.232053
-0.801781
-0.0323078
-0.732229
0.206439
0.402135
0.943657
0.260867
0.118407
-0.925272
-0.600631
-0.88306
-0.373708
0.461238
0.37344
-0.115913
-0.715641
-0.517181
0.472196
-0.696557
0.87302
-0.298878
0.345786
-0.157314
-0.737469
0.986253
0.306463
-0.518973
-0.0237912
0.330772
0.0383948
-0.378713
0.153507
0.395086
-0.835676
0.681718
0.335347
-0.74022
-0.157205
0.704708
-0.308
-0.567714
0.366908
0.0792919
0.166102
-0.000779326
0.699237
0.977117
-0.351598
0.294879
0.503514
0.850525
0.634788
-0.20209
-0.709745
0.895223
-0.744775
0.564866
-0.874468
0.697372
0.36435
-0.913796
0.724425
-0.949742
0.984834
-0.665378
-0.67309
0.343319
-0.416284
0.0491904
0.946746
0.41695
0.0275184
-0.145358
-0.849761
-0.30683
-0.517343
0.180538
0.273532
0.147923
0.0985896
0.629046
0.589816
0.615689
-0.908754
-0.178757
-0.320921
-0.0800195
0.0209204
0.0180915
-0.768905
-0.63771
-0.538305
0.195112
-0.557875
-0.611427
0.0211471
0.460125
-0.271678
0.872092
-0.310557
0.533817
-0.958825
-0.613098
0.641994
-0.895274
-0.679767
-0.512818
-0.574963
-0.139736
-0.355059
-0.319523
0.662173
0.972825
-0.867168
0.253956
-0.311946
0.36206
0.484316
0.699635
0.026109
-0.232642
-0.956945
0.737323
-0.768887
-0.609513
-0.870627
-0.573376
-0.177886
-0.955834
-0.779314
-0.958881
0.0283535
-0.946556
-0.326587
-0.810439
0.293386
-0.455196
-0.808686
0.928819
-0.955331
-0.243282
0.112194
-0.224242
-0.552249
-0.963383
0.7116
-0.108847
-0.517183
-0.420924
-0.519705
-0.839635
-0.613356
0.797815
0.130333
0.379799
0.155726
-0.32874
0.472217
-0.764044
0.160055
-0.439564
0.561452
0.554072
0.363981
-0.317765
0.225864
0.381665
-0.240363
0.610644
-0.421327
0.627742
0.473172
0.0698099
0.641898
0.741685
-0.332554
-0.126105
-0.231186
0.164978
0.348407
-0.301177
-0.862921
0.646997
0.45122
0.405922
0.890904
-0.0618907
0.247622
-0.920316
-0.844015
0.178775
0.36416
0.961622
-0.525233
0.418973
0.960608
-0.376002
0.0468199
-0.213425
-0.48646
0.287253
-0.243545
0.828509
0.111953
-0.735776
-0.441664
-0.56217
-0.223398
-0.656535
-0.0265598
-0.681879
-0.923669
0.614851
-0.402424
-0.737606
-0.0263213
0.159472
0.19895
-0.392377
-0.660068
0.846039
-0.129065
-0.873304
-0.04038
-0.155524
0.637711
0.447547
0.961035
-0.224996
0.452853
0.131067
0.546891
0.943871
0.150515
0.278776
0.0644321
0.949146
0.495088
-0.925655
0.897384
-0.436834
0.225884
0.188203
-0.93864
-0.87962
0.74875
0.572351
-0.509895
0.760332
-0.716039
0.0370841
0.569508
0.442374
-0.528987
-0.869728
-0.62012
0.417874
0.710538
0.459146
-0.888695
0.452038
0.280241
0.920196
-0.315774
0.617488
0.104115
0.840087
-0.774551
-0.402594
0.649871
-0.413766
-0.131114
-0.0277993
0.292024
0.862429
0.618634
-0.30939
-0.507047
0.7215
-0.713081
-0.197828
0.212826
-0.327582
-0.98447
-0.712477
0.381331
-0.611153
0.819817
-0.71786
-0.76443
-0.848222
-0.421273
-0.763826
-0.796077
-0.833799
0.494479
-0.882234
-0.837149
0.133778
-0.174712
-0.609825
-0.852881
0.0349956
-0.183967
-0.59182
0.120985
-0.390094
0.708538
-0.583364
-0.736071
0.87974
-0.212199
-0.946275
-0.409549
0.586489
0.189575
0.600135
0.429323
-0.496957
0.520895
0.265569
-0.579201
0.883063
-0.940983
0.549037
0.541024
-0.411424
0.0424704
-0.271313
-0.231729
