0
0
0.419991
-0.861855
0.187318
-0.909355
-0.576415
-0.217038
0.330377
0.650444
0.378014
-0.803786
0.0627173
0.0538383
-0.184405
0.326951
-0.845604
-0.320605
0.698936
-0.0997372
-0.0138652
0.00445808
0.401714
0.862142
-0.189093
-0.0259175
-0.346522
-0.443107
0.917888
0.0258581
-0.373733
0.29755
-0.159692
-0.744881
-0.770799
-0.409354
-0.852461
-0.455234
0.421776
0.709967
0.148614
-0.670653
-0.323653
0.869925
-0.21871
0.516934
-0.634254
0.636419
-0.0317239
0.900173
-0.297982
0.0234427
0.290824
0.686465
-0.203398
0.830911
0.46733
-0.613286
-0.513459
-0.50909
0.44989
0.297761
-0.00842736
-0.822798
0.229685
-0.65299
-0.490643
-0.233312
0.732366
-0.603045
-0.402357
-0.636875
0.459673
-0.810785
-0.325383
0.399956
0.633268
-0.697245
-0.300291
-0.13491
0.228298
0.265665
0.938058
-0.0411746
-0.44113
-0.317523
-0.014768
-0.804409
-0.454537
-0.177941
-0.0754534
0.0794175
-0.867977
-0.284316
-0.547757
0.673257
0.747655
-0.488638
-0.803697
-0.391773
0.267215
-0.0466307
-0.30436
-0.845145
0.291628
-0.0631078
0.690331
-0.14835
0.336037
-0.21418
-0.526099
-0.449817
-0.48134
0.491736
0.827773
-0.0707113
-0.59681
0.242964
0.137936
0.306707
-0.246161
-0.180168
0.631187
-0.18042
0.000135947
0.0942991
-0.356278
0.601286
0.49065
-0.784728
-0.338246
0.533452
-0.564211
0.532609
-0.231688
-0.306612
-0.573138
0.313382
-0.317859
0.426753
-0.0735454
0.640463
-0.927754
-0.330919
-0.747076
-0.378612
0.691994
-0.567031
-0.338792
-0.925603
0.122123
0.70067
0.279453
-0.421694
-0.800305
-0.395506
-0.431148
0.0236509
-0.55154
-0.00172422
-0.840714
-0.417638
-0.493438
0.131936
0.190602
0.835175
0.356356
-0.445253
0.595363
-0.379838
0.0139252
-0.894708
0.866703
0.306712
0.394216
0.126786
-0.57204
-0.609995
-0.565226
0.479066
-0.726969
-0.2504
-0.196763
-0.282499
0.0698908
-0.114227
-0.521391
0.557843
-0.638177
-0.476858
-0.144009
-0.700094
0.374734
-0.127526
0.241753
-0.548381
-0.0750881
-0.113437
-0.736695
-0.282595
-0.29198
0.909224
-0.315748
-0.710873
0.638507
0.749961
-0.552215
-0.048568
-0.640615
0.19513
0.7215
0.414123
0.0115481
-0.830953
-0.238936
-0.178729
-0.29756
0.0611032
0.256233
-0.201565
-0.0423316
0.904473
-0.879114
0.25506
-0.504052
0.275463
0.336566
0.195277
0.396842
-0.614985
-0.519457
-0.538551
-0.182146
0.245477
0.478885
0.586086
-0.0396076
0.521029
-0.113828
0.780339
0.219513
-0.345848
0.695156
0.429611
0.420171
-0.282367
0.0163111
-0.406685
-0.591148
-0.689614
-0.0731114
0.284714
-0.111105
-0.737328
-0.0238144
-0.265055
-0.67174
-0.485109
-0.174723
-0.661656
-0.174248
0.514427
0.233624
-0.28968
-0.554734
-0.708721
-0.19383
-0.180344
0.842
0.465499
0.0949858
-0.891921
0.44613
0.0268051
-0.549114
0.180004
-0.792501
0.129643
0.848225
0.362562
-0.387832
-0.143996
-0.863825
-0.403887
0.379373
0.816795
-0.62628
-0.410851
0.369313
0.739835
0.883831
0.145659
0.0408692
-0.238578
0.512822
0.654784
-0.475502
-0.126111
0.75043
-0.0889044
0.0782714
0.517852
0.575862
0.159652
0.46526
0.870957
-0.239299
0.850601
-0.200618
-0.429453
-0.440665
0.580459
0.514219
-0.769033
0.0567731
-0.127886
0.477653
-0.0918431
0.481992
0.0176456
0.344375
-0.605671
0.135241
0.608136
-0.640207
-0.485781
-0.711089
-0.452889
-0.470534
0.272155
0.222096
0.726108
-0.395544
-0.666713
-0.0383091
-0.0240147
-0.0686718
0.769738
-0.00618233
0.308507
-0.0646565
0.439366
-0.587881
-0.552643
0.449944
-0.328442
-0.159376
-0.225234
-0.180063
0.718038
0.0134776
-0.157671
-0.69666
-0.0866096
0.125841
0.588408
-0.245086
-0.284823
0.418515
-0.599127
0.140618
0.589484
-0.313391
-0.54897
-0.677398
0.0279562
-0.31278
0.300691
0.194357
-0.441528
-0.495309
-0.768116
-0.285211
-0.213529
-0.564817
0.336806
-0.25929
0.633959
0.414953
0.745671
0.87382
-0.116078
-0.356031
-0.600713
0.462682
0.605831
-0.23979
0.328428
0.0740986
0.955007
-0.874896
-0.461411
-0.338498
-0.0286365
0.891594
-0.00549933
-0.727472
-0.460197
0.11494
0.597726
-0.455319
0.769814
0.192097
0.380795
-0.111291
-0.895536
-0.438353
-0.21288
-0.433287
0.644806
-0.168434
0.142505
-0.0374228
0.967831
0.702741
-0.683285
-0.16188
-0.197593
-0.795897
-0.366276
-0.815882
-0.110946
0.313541
-0.34397
-0.038302
-0.61676
0.771921
-0.300039
-0.674502
-0.222743
-0.231521
0.50415
0.483895
0.397537
-0.106411
0.833127
0.450213
-0.740738
-0.404879
0.868586
0.150523
0.622223
-0.0197598
-0.932426
0.911052
-0.340481
-0.635467
-0.71677
0.585356
-0.7812
0.316116
-0.243475
-0.175901
0.533777
-0.351326
0.398092
-0.517196
0.133166
0.173512
0.733506
0.196579
0.470179
-0.159149
-0.253524
0.283645
0.00450976
-0.491549
0.677197
-0.174896
-0.509741
0.321149
0.587976
0.478448
0.247013
-0.649637
-0.166477
0.425337
0.231008
0.389867
0.790035
0.378011
0.553012
0.800025
-0.210041
0.376519
-0.0010007
-0.744074
-0.357792
0.317286
-0.749693
0.460709
-0.0515068
-0.69586
-0.218451
-0.219452
0.536385
-0.387685
0.689936
-0.174758
-0.956845
0.121595
0.409446
0.568056
-0.691186
0.140646
-0.349935
0.460356
0.254911
-0.200773
0.804326
-0.443886
-0.422689
0.371427
0.855399
-0.638621
-0.208223
-0.125561
-0.15254
-0.734984
-0.540664
-0.101926
-0.115654
0.464584
0.334025
-0.804478
0.185026
-0.120879
-0.224147
-0.654485
0.707768
0.324946
0.242058
0.576083
-0.237406
-0.422432
0.671429
0.895577
0.0294991
0.887638
0.0901426
0.658307
0.287182
-0.0767123
0.815861
-0.196422
-0.789932
0.297225
-0.897304
0.74854
-0.490919
0.139156
0.588444
-0.629831
0.0583117
-0.585857
0.760893
0.41929
-0.761582
-0.670971
0.229551
0.526138
-0.553609
0.17299
-0.836772
-0.416543
0.286444
0.86112
-0.450573
-0.335988
0.263698
-0.517749
0.374119
0.54159
0.596218
-0.27199
0.228787
-0.396542
0.557969
0.796702
0.124991
0.934291
-0.152882
-0.7491
-0.24075
0.469537
0.597699
0.155668
0.0277408
0.709223
-0.173917
0.765859
-0.569014
-0.822646
0.0822612
0.539083
0.173646
-0.0232227
0.631524
-0.772853
-0.382709
-0.653407
-0.0923627
0.418394
0.635698
-0.611226
-0.473597
-0.253429
0.611788
0.232709
-0.358841
0.032327
-0.546206
-0.87271
0.472141
-0.285193
0.2247
0.159214
0.477102
0.0656675
0.949543
0.662638
-0.0072832
-0.400902
0.701615
0.134433
-0.23054
0.707642
0.0080292
-0.957572
0.201735
0.209018
0.280394
0.982009
0.164338
-0.701623
0.161738
0.330096
0.608573
0.0415889
-0.714233
0.334443
0.189343
0.799263
-0.115688
0.0274128
-0.537591
-0.148946
0.224972
-0.900063
0.0954765
0.587831
-0.504169
0.480302
-0.647586
0.00387721
0.717895
0.0588905
-0.674435
-0.569169
0.642473
-0.696361
0.505044
0.236941
-0.0860617
0.803957
0.324558
-0.614084
0.0715002
-0.474901
0.59726
-0.976928
0.0223883
-0.681629
-0.124286
-0.365105
-0.0833102
-0.419254
0.823607
-0.487242
0.729984
-0.28694
0.907928
-0.705641
0.203387
-0.261595
-0.604485
-0.219906
-0.676521
0.204838
0.728125
-0.384046
0.675493
-0.260422
0.0831457
-0.290921
0.421958
0.629711
-0.117198
-0.520686
-0.734151
0.272728
0.400042
-0.283458
0.503723
-0.236419
0.185033
0.345396
0.894751
-0.792044
0.304914
0.147962
-0.420292
-0.417247
-0.726109
0.582706
-0.203958
-0.601023
-0.615228
0.0451554
0.742345
0.58345
-0.672881
0.104301
-0.175637
0.336071
-0.867463
0.304068
0.574734
-0.28072
0.0194548
0.193423
0.931125
0.456044
-0.426771
-0.678393
0.556157
-0.332412
-0.0991804
0.0119684
-0.615426
-0.511373
-0.789757
-0.725525
-0.662311
0.791236
-0.153081
-0.00711044
-0.81939
-0.019265
0.341194
-0.309625
-0.137605
0.210713
0.615613
0.0976542
0.135184
-0.584674
0.0595534
0.374731
0.18226
0.319864
-0.348262
0.126044
-0.210111
-0.130065
0.961229
0.0207822
0.819113
0.0486944
-0.64157
-0.199271
0.172784
0.167665
-0.821717
-0.782946
0.176235
-0.285675
-0.398155
0.0397249
-0.874669
-0.15359
0.390538
-0.79608
-0.447849
-0.649206
-0.487133
-0.19006
-0.360237
0.68822
0.30977
-0.0933817
0.459987
0.604883
0.535464
0.0411345
0.158577
-0.113268
0.000885003
-0.474937
-0.157635
0.50171
-0.0718847
-0.91894
0.0192803
-0.00549041
0.855449
-0.720471
0.404862
-0.333997
0.685683
-0.0919619
-0.694924
0.798546
-0.268814
0.158488
-0.530704
0.29427
0.467629
0.362892
0.321956
0.0450749
-0.130927
-0.24865
0.060246
-0.137642
-0.730003
0.0215073
0.104772
0.608902
-0.607031
0.133358
0.959596
0.0247482
-0.422039
-0.185097
-0.881627
-0.910979
0.229492
-0.538658
0.341183
0.300779
-0.892447
0.314486
0.907475
0.813941
-0.122999
-0.587893
0.534817
-0.222305
-0.563497
0.364607
-0.632121
0.228566
-0.40294
-0.525939
-0.153772
0.688589
0.563737
-0.127233
-0.453112
-0.0808553
-0.0560638
0.906483
-0.163216
0.316988
-0.900335
0.464072
0.743959
0.19707
-0.738713
0.860737
-0.238287
-0.276791
0.678238
0.311521
-0.881265
-0.797301
0.311671
0.902977
0.129897
0.325458
-0.294517
0.294658
0.284184
0.0645175
0.924508
0.399245
-0.733519
0.581118
0.724931
0.657758
0.397107
-0.830887
-0.176546
-0.183939
-0.149935
0.762922
0.0803452
-0.866601
0.154545
-0.690607
-0.265914
-0.860952
0.195948
-0.321352
0.637716
0.10584
0.102107
-0.0770004
0.153857
-0.419771
-0.719098
0.588889
0.117395
-0.0914606
-0.270086
0.0115002
0.0634535
0.701934
0.511541
0.387754
0.252933
0.349107
-0.205992
-0.0721129
-0.117443
-0.398154
-0.332213
0.260482
-0.115012
0.739402
-0.63935
0.180961
-0.125903
-0.743006
0.470522
-0.496504
0.643969
-0.0301514
0.557376
-0.743242
0.0302368
0.471029
-0.842111
0.413275
0.0692471
0.713216
0.198246
-0.532168
-0.42765
0.457887
0.0191349
-0.861246
0.0117282
0.390852
-0.375879
0.574125
0.635096
0.201074
0.288925
0.564335
0.55747
-0.486386
0.775624
-0.621324
0.336142
-0.926897
-0.289917
0.389185
-0.219815
-0.976573
-0.0839513
0.183534
0.657856
-0.023512
-0.969181
0.076412
-0.68374
-0.903556
0.24959
-0.333541
0.477847
-0.135703
0.363245
-0.248701
0.508983
-0.0324486
0.444012
0.0802795
-0.114722
0.592569
0.77149
-0.134735
-0.674447
-0.18343
0.516979
-0.454064
0.433996
0.427114
-0.485756
0.751904
0.592535
0.320808
0.626685
-0.0101212
-0.729653
-0.494187
0.220064
-0.857104
-0.299771
0.557575
0.573467
0.573432
-0.279786
-0.771736
-0.20214
-0.748363
-0.492813
0.258812
-0.884318
-0.696843
-0.614322
0.509981
-0.636115
-0.690047
-0.532649
0.0254613
-0.195203
0.0795211
0.487156
0.288149
0.795973
0.127709
-0.0175443
-0.175088
0.278247
-0.567104
-0.473201
-0.222747
-0.70788
-0.596511
-0.172637
-0.271767
-0.22721
-0.214218
-0.927406
0.590401
0.310746
0.410498
0.231977
0.649927
-0.0392886
-0.122956
-0.389603
0.457344
0.443349
0.195667
-0.0985827
0.656917
-0.563469
0.0991805
-0.698006
-0.551818
-0.0353472
0.478696
0.768751
-0.422782
-0.55964
-0.394231
-0.569559
-0.731774
-0.341044
-0.376391
0.892121
0.660872
0.483671
-0.283479
0.837795
-0.00562064
0.526295
0.0514749
0.952669
-0.636399
0.684377
0.539464
-0.8021
-0.330306
0.651007
0.541166
0.239216
0.804476
0.246137
0.484122
0.856377
0.785528
0.0893451
-0.15826
0.00686302
0.574935
-0.229086
-0.0831922
0.831348
-0.595316
0.551273
-0.804239
0.413157
-0.0825427
-0.532185
0.0862455
0.93705
0.180352
0.119655
-0.840755
-0.327437
-0.665731
0.414833
0.947018
-0.185636
0.122686
-0.71157
0.831225
0.540058
0.867495
0.0774679
0.702413
0.602367
0.643275
-0.0249969
-0.848518
-0.236723
0.459879
-0.454625
0.126606
0.161045
-0.399426
-0.266747
-0.291744
-0.329588
-0.566311
-0.144325
-0.0898794
0.791136
-0.172371
0.682772
-0.63379
-0.24083
0.950848
-0.184627
0.145223
-0.973786
-0.0797217
-0.824016
-0.155273
0.620802
-0.176968
0.294218
-0.592183
0.356019
0.200768
-0.754656
0.627633
0.510796
0.160396
0.0465523
-0.565814
-0.219114
-0.376411
0.204872
-0.101031
-0.716855
0.0432143
0.0235229
0.624942
-0.552336
-0.536748
0.19163
0.378247
0.806795
0.477424
0.0684274
0.525477
-0.323247
-0.719137
0.596894
-0.673685
0.0779168
-0.754349
0.575301
-0.317133
-0.599559
0.339796
-0.078174
0.26147
-0.00668626
-0.749346
-0.477336
0.018505
-0.673354
-0.367644
0.762842
-0.0451325
-0.0524185
-0.228277
-0.744254
0.232234
0.053017
-0.169965
0.104227
0.200649
-0.732248
-0.177956
0.740177
0.452799
0.675586
0.15837
0.292351
-0.596022
0.461766
0.437991
0.0428999
0.783077
-0.593825
0.269412
-0.538042
-0.830393
-0.327968
-0.789734
-0.120676
-0.841304
0.108311
-0.89279
-0.358957
0.689362
-0.618528
0.239879
0.262495
-0.352339
-0.397634
-0.465572
-0.0237707
-0.84745
-0.445388
-0.812767
0.10683
0.261455
0.713793
0.302231
0.626734
0.279279
0.705344
-0.448111
-0.803049
-0.355648
0.328332
0.121915
-0.114085
0.557335
0.114309
0.656013
0.739646
-0.0589777
0.809292
0.423095
0.852597
0.966682
0.130256
-0.0958778
0.148052
-0.923196
0.154207
0.0800416
-0.0453484
-0.186772
-0.616959
0.747215
0.61229
0.542955
-0.243203
-0.397411
-0.187341
0.232689
0.019364
-0.83581
-0.332608
-0.486063
-0.379786
-0.222879
0.591471
-0.33648
0.00254621
0.203516
-0.743258
0.369271
-0.266207
-0.412042
0.504675
-0.137246
0.640549
0.471678
-0.560771
-0.609072
0.667262
-0.205991
0.481094
-0.869729
-0.0892025
-0.156433
0.55232
0.113091
0.649572
-0.316834
0.0702005
0.0266073
-0.354905
-0.184441
0.148044
-0.242217
0.0377759
0.102342
0.764385
-0.430874
0.859159
0.973879
-0.0149973
-0.341311
0.857551
0.374376
-0.548632
0.873422
-0.0539478
0.0265587
-0.0185754
0.727765
0.52305
0.700852
0.22234
-0.850484
-0.314084
-0.623183
0.0508665
-0.31928
-0.258027
-0.0815126
0.359163
0.581504
-0.722718
0.0368024
0.140079
0.0873481
-0.91557
-0.492803
0.213206
0.222498
0.366466
0.8446
-0.248792
0.429511
-0.343633
-0.276779
-0.892254
0.184641
-0.697706
0.591632
0.265411
-0.0197749
-0.0919971
-0.434603
-0.52282
-0.329377
0.718728
0.416434
-0.626155
0.84024
0.297582
-0.528422
0.487817
-0.0106368
0.294151
0.230169
0.949395
-0.463413
-0.684928
0.74288
-0.346139
0.175197
-0.948892
0.243043
-0.461129
-0.410525
0.68978
0.374708
-0.562664
-0.959596
-0.228396
-0.177288
-0.75099
0.21212
0.613431
-0.303211
0.446182
0.00884537
0.684629
0.663974
0.238964
0.15338
-0.727189
0.637068
-0.351206
0.222823
0.459992
-0.137911
0.277763
-0.807119
0.516171
-0.452362
-0.5951
0.729934
-0.515332
-0.388269
-0.77702
-0.496425
0.0279699
-0.0323595
-0.555981
0.151081
-0.421574
-0.179228
0.495749
0.272769
0.534942
-0.562912
-0.0161085
-0.144656
-0.364576
-0.78615
0.510924
0.452457
0.266817
-0.834313
0.483754
0.252947
0.41001
-0.617242
-0.617756
-0.893947
-0.424775
-0.691592
0.190783
-0.674536
0.172933
-0.249123
0.94047
0.558226
-0.410444
0.901322
-0.227031
-0.336465
-0.912947
0.0858805
0.599855
-0.497158
0.801224
0.667588
0.634889
0.106609
0.880202
-0.0460864
-0.751201
0.338314
-0.525647
-0.115545
0.477719
-0.0298193
0.14216
-0.218823
0.643715
0.622595
0.0670164
0.244783
0.0250308
-0.0994996
0.268885
0.456092
0.315659
0.146702
0.289649
0.143361
-0.0102389
0.513035
-0.0734133
0.0693973
-0.104048
-0.338558
0.273109
0.0347228
0.448139
0.427657
-0.311395
0.113966
-0.409859
-0.399113
-0.735335
-0.661314
-0.711487
0.339263
0.264231
0.608688
-0.057146
-0.306623
0.447214
0.453378
0.452944
-0.573419
0.115042
0.370986
0.263565
0.343338
0.0334784
-0.480693
0.119164
0.0596588
0.744229
-0.859271
-0.0368896
-0.300455
-0.1989
0.743216
0.147664
0.56032
0.637709
0.0102513
-0.341221
0.201283
0.0990112
0.459548
0.0606424
0.200169
0.954417
-0.664213
0.70575
0.0469709
-0.227556
-0.326567
0.36614
-0.1987
-0.0469935
-0.978338
0.000110215
0.28162
-0.601487
0.164917
0.600135
0.553955
0.435821
-0.182994
0.193479
0.780925
0.227169
0.506089
0.0308814
0.0648318
0.350386
-0.759838
0.0682382
-0.574327
-0.372244
0.437075
-0.222636
0.0111369
-0.816306
-0.315125
-0.256077
-0.0415112
-0.898643
0.739713
0.448772
0.462804
-0.599453
-0.039654
-0.274013
0.53009
0.676658
0.575301
-0.00611321
-0.454885
-0.740308
-0.00684968
0.993541
0.621189
-0.739617
0.416275
0.493465
-0.499578
0.687196
0.606879
0.066466
-0.0600069
0.724583
-0.28678
-0.291791
0.44307
-0.20692
-0.198496
0.71832
0.672784
0.595558
-0.525402
0.772286
-0.378691
0.415151
0.622071
0.133464
-0.260296
-0.396834
0.875978
0.349454
-0.00132883
0.575256
0.614463
-0.665111
-0.798575
0.128785
-0.765412
0.643051
0.772787
0.447739
0.41659
0.105965
-0.680772
0.687356
-0.437744
-0.797028
0.457241
0.788183
-0.170939
0.726716
0.298477
0.104217
-0.208853
-0.812742
0.939153
0.238332
-0.362859
-0.370223
0.101305
0.0685387
-0.620328
-0.554593
0.391736
0.216697
0.531516
0.474676
-0.101185
-0.120276
-0.280163
0.874309
-0.763798
0.0214134
0.368457
-0.558665
0.892814
0.236759
-0.357035
0.0176131
0.634933
-0.479945
0.178586
-0.296918
-0.702632
0.198348
-0.513069
-0.531991
0.52599
0.736023
-0.37322
0.50904
0.16476
0.984965
0.267905
0.681248
-0.0963914
-0.382751
0.0219284
0.0725733
-0.451562
-0.762208
-0.468513
-0.0531246
0.697829
0.266101
0.065584
-0.0287238
0.101297
0.886658
0.648866
-0.48668
0.42943
-0.769761
-0.706958
0.149695
-0.664987
0.411199
-0.297857
0.387332
0.874012
-0.360833
0.130594
0.861148
-0.685885
-0.588748
-0.525793
0.733051
-0.499335
0.853287
0.800009
0.477686
0.781128
0.369491
0.280999
0.0561971
0.773484
-0.039914
0.107979
0.10429
-0.659721
0.654717
-0.25839
0.0369061
0.275803
0.754331
0.28187
-0.758628
-0.36674
-0.246555
0.206615
-0.361807
0.483633
0.713291
0.449367
0.167581
-0.769635
-0.482648
-0.0576628
-0.246723
-0.217348
0.461082
-0.174372
0.856005
0.0235852
0.0211429
0.0582728
0.571202
0.415394
0.10802
0.521346
0.187364
0.888346
-0.263029
-0.789342
0.0783944
0.503271
0.00703047
0.11505
0.42566
-0.613024
0.256288
0.519316
-0.312957
0.787474
-0.444888
0.176165
-0.410902
0.367576
-0.662275
-0.117919
0.0702279
-0.23786
-0.393149
-0.255174
0.545319
-0.200865
0.30271
0.264266
0.439106
-0.369032
-0.541657
-0.0718276
-0.907006
-0.033059
-0.849407
-0.249513
0.253564
0.498278
0.651388
0.193045
-0.00931131
0.786843
0.375585
0.0569674
-0.150131
0.403695
-0.46529
-0.33934
0.469047
-0.336356
-0.86868
-0.133552
0.406148
-0.355525
0.613515
0.710947
0.53666
-0.392166
0.00615466
-0.0853538
0.782327
-0.0172988
-0.269899
0.937089
0.12593
0.66259
-0.431119
0.437274
-0.341674
0.933707
-0.194363
0.607622
-0.277788
0.095163
0.220569
0.868605
-0.344223
-0.398979
-0.848603
-0.2628
-0.426989
0.628364
0.374799
0.190737
-0.385163
0.668643
0.547413
0.229045
0.187545
0.598874
-0.287145
0.693003
0.0239641
-0.409127
-0.367285
0.914697
-0.123288
0.310834
0.860335
-0.147479
0.972698
0.523378
0.148545
-0.515829
-0.839503
0.291281
0.183332
0.540516
0.637773
0.773095
0.624117
0.311662
0.531475
0.463979
-0.181541
-0.612068
-0.608791
-0.458157
-0.606264
-0.214241
0.836686
0.262495
0.763762
-0.945303
0.312193
0.221326
0.869147
-0.475412
0.0111551
0.143596
-0.526775
-0.290537
-0.299569
0.536919
0.336145
-0.205292
0.260637
-0.271792
-0.660451
-0.0751322
-0.86444
0.164009
0.798478
-0.127613
0.530657
-0.774051
-0.610476
-0.0335638
0.206759
-0.762511
0.454497
-0.0441358
0.564831
-0.653652
0.0270415
0.47836
-0.739495
-0.857345
0.453554
0.375442
-0.535953
-0.100783
0.0850776
0.112119
-0.767873
0.457809
-0.397628
-0.401841
0.535715
-0.155571
-0.603569
0.115155
0.171972
0.235123
-0.330571
-0.816789
0.0783666
-0.396975
0.797104
-0.660649
-0.749567
-0.137458
0.0531799
0.0385061
-0.470531
-0.166589
-0.514766
-0.380235
-0.291036
-0.422116
0.50177
-0.0305821
-0.462856
-0.69142
0.00307753
0.00183335
-0.768323
0.059359
0.988815
-0.444201
0.530534
-0.38642
-0.563571
-0.716962
0.480804
0.724557
0.418423
-0.800491
0.494614
0.494593
0.447281
-0.205061
0.550669
-0.0238475
-0.339333
0.0820616
0.140591
0.557181
0.569157
0.00441223
-0.264325
0.267405
0.935109
0.0993581
0.578231
0.200603
0.772311
0.574089
0.0790259
-0.981251
0.0673378
0.317398
0.0235598
0.324953
-0.047466
-0.566897
-0.48356
0.885667
0.281297
-0.0573906
-0.515304
0.538863
0.0518549
-0.0993209
0.369451
