0
0
-0.811762
-0.407701
-0.55214
0.374303
0.239877
-0.263512
0.262015
0.905544
0.193119
0.528657
-0.885462
-0.0899104
-0.0332167
-0.0957938
-0.697267
0.223311
0.128855
-0.355771
0.490059
-0.0538904
0.143801
-0.419438
-0.515231
-0.292513
0.609721
0.0678754
-0.423647
-0.614505
-0.25678
0.562908
0.938429
0.269581
0.446599
0.692892
0.161509
0.83031
-0.896217
0.364141
-0.629233
0.243845
-0.803075
0.500606
-0.316836
0.209214
0.366854
-0.298242
-0.662383
-0.554534
-0.948595
-0.0433468
0.85024
-0.419852
-0.0746697
0.491575
0.223601
0.587388
-0.306336
0.319752
-0.161731
0.240071
-0.328136
-0.157142
-0.507167
0.645962
0.205759
-0.892182
-0.821241
0.176868
0.247166
0.430026
-0.263313
-0.289709
-0.632008
0.137567
0.029749
0.547501
-0.724369
0.517418
0.947445
0.0322296
0.0246038
-0.530416
0.945169
0.212206
0.681191
0.225954
0.447046
0.362062
0.662222
-0.123528
-0.426939
-0.228905
-0.496007
-0.426552
0.34678
0.587949
-0.331831
0.466031
-0.730464
-0.408745
-0.100343
0.160081
-0.131673
-0.326381
0.566558
0.38556
0.39039
-0.596619
-0.487925
0.870333
0.0277358
0.154458
0.288115
-0.171581
0.938976
-0.148588
0.976362
-0.114863
-0.142081
-0.566941
0.125813
0.0282763
0.672583
-0.209524
-0.657719
-0.744238
0.00959505
0.194827
-0.556748
-0.4492
-0.528216
-0.419463
-0.420004
-0.468235
-0.389644
0.737368
-0.54263
-0.607972
-0.826437
-0.346415
0.313217
0.43689
-0.726145
-0.338214
0.0394983
0.606762
0.710448
-0.134755
-0.277314
0.107259
0.128523
0.907539
-0.93182
0.346381
0.376429
0.111406
0.101852
-0.688326
0.795585
0.468635
0.376174
-0.813334
-0.68812
0.156068
-0.127387
0.306243
-0.855843
-0.18309
-0.562256
0.520482
-0.444589
-0.20137
-0.2475
-0.681347
0.38986
0.582934
0.189373
-0.883395
-0.964634
-0.244436
0.22518
-0.934404
-0.00963488
-0.140962
0.395182
-0.469507
0.153886
0.536968
0.184982
-0.247628
0.114522
0.84698
0.252053
0.588168
0.897282
0.236219
-0.23872
-0.353394
0.0860758
-0.255716
-0.365918
-0.35516
0.161773
0.35099
0.00134297
0.0740319
0.735975
0.177824
-0.332609
-0.370321
-0.396943
0.540746
-0.337232
-0.749844
0.000769619
-0.305364
0.597383
-0.59944
0.604632
-0.660826
-0.635291
0.603791
0.859253
0.326471
-0.631835
-0.0200439
0.0601995
0.464096
-0.591383
0.768575
-0.961474
0.0956216
0.0209465
0.80426
-0.664283
0.629143
0.858361
-0.0954103
-0.820343
0.375005
0.0799164
-0.854649
-0.758867
-0.101497
-0.0561564
0.781731
-0.630934
0.212037
-0.196966
-0.6708
0.228936
0.485389
-0.193614
-0.542511
-0.0488453
0.812798
-0.0248342
-0.161078
-0.281945
-0.642006
0.409694
0.542373
0.912944
0.231902
0.43579
-0.021468
0.520784
-0.315039
0.834561
0.308257
0.640701
0.106861
-0.258952
0.252277
0.8044
-0.0847275
-0.884396
0.15297
-0.784736
-0.229238
0.255549
0.332138
-0.480522
0.562043
0.311043
0.490527
-0.80042
0.36193
-0.675408
-0.652717
-0.259954
0.460638
-0.0226804
-0.762415
0.252942
-0.821854
0.183784
0.668785
0.5449
0.383461
0.485517
-0.171986
-0.413763
0.342133
0.675856
0.409195
0.506447
-0.109121
0.492582
0.00651777
-0.178504
-0.829172
-0.603266
0.478481
-0.220103
-0.37476
0.947659
0.0251091
-0.426176
0.615287
-0.202311
-0.306004
-0.77632
0.397409
-0.462128
0.781422
-0.480326
0.35922
0.921772
0.170216
-0.379015
0.910762
0.119521
-0.742357
0.606376
0.369914
0.335169
0.19114
0.414086
0.770902
-0.713113
-0.0692598
0.872925
-0.27859
0.603973
-0.499906
0.699605
-0.167167
-0.478475
0.374525
-0.209194
0.0189624
0.709208
0.275044
0.434113
0.600422
-0.197259
0.632831
-0.0767559
-0.500205
-0.392013
-0.532134
0.349408
-0.92431
-0.240985
0.446227
-0.842998
-0.412324
-0.134723
0.617797
-0.149931
0.581984
0.501532
-0.282394
0.494001
-0.37078
0.11984
0.0994135
-0.267814
0.851976
0.146834
0.89862
0.270264
0.344046
-0.848945
-0.444321
0.263299
0.102281
0.11005
-0.702946
-0.20848
-0.729052
-0.65792
0.463207
0.907529
-0.375642
0.477923
0.307194
0.0101402
-0.878814
-0.607865
-0.43213
-0.404407
0.45829
-0.344774
0.486119
0.308435
0.52127
-0.749973
0.102148
0.320768
0.736752
-0.544502
0.2109
0.697019
-0.63621
0.157481
0.299107
-0.13645
-0.369313
-0.106065
0.225287
0.302304
0.0140328
-0.650243
0.687081
-0.78432
0.216968
-0.586282
0.267286
0.492573
-0.578328
0.651443
-0.117474
0.375723
0.564519
0.942508
-0.262882
-0.221994
-0.519297
-0.502763
-0.398893
-0.508302
-0.777927
-0.545211
0.777659
-0.449634
-0.518505
0.896065
0.216198
-0.751353
-0.074846
0.172053
0.321731
-0.308915
-0.43797
0.839906
0.458457
-0.034454
0.261518
-0.6244
0.27682
0.905902
0.374924
-0.514027
0.636014
-0.231514
0.178309
-0.286602
0.319166
0.595986
0.0458438
-0.420768
0.206152
0.842166
0.359185
-0.16218
-0.146739
-0.010306
-0.0551833
-0.918256
-0.159313
-0.335297
0.370792
-0.305586
-0.376463
0.119062
-0.974737
-0.386892
0.148408
-0.183799
0.432812
0.670234
0.434439
0.384462
0.0515272
-0.585825
0.110246
-0.922803
0.128341
-0.266443
-0.740784
0.255339
0.162854
-0.618137
-0.357842
-0.468087
-0.465086
-0.593426
0.529012
-0.269796
0.364771
0.57167
-0.348291
-0.860305
-0.00578673
-0.209748
-0.960594
0.351485
0.514193
-0.374062
0.422404
0.947539
-0.105175
0.325914
0.321004
0.708654
0.300858
0.793365
0.117764
-0.0385302
0.923784
0.0763927
-0.958137
-0.535687
0.0977202
0.597684
0.339657
0.505849
0.175491
0.837574
0.265971
0.566158
-0.459476
0.204835
-0.473376
0.0489431
-0.511468
0.11863
-0.306297
0.947277
-0.290378
0.632161
0.370916
-0.25089
0.12512
0.353175
0.504925
0.689349
-0.208459
0.137973
-0.877963
-0.111017
0.865009
-0.503227
0.179584
0.106678
0.274622
0.0920875
0.88654
-0.965148
0.0482068
-0.164636
-0.00914377
0.20007
-0.318701
0.531532
0.627127
0.548574
0.17286
0.370051
-0.469021
0.515487
0.243425
0.851912
0.465185
-0.369459
-0.313564
-0.131289
-0.259517
0.2578
0.430332
-0.673758
-0.331544
0.138186
0.604748
-0.279855
0.0782364
-0.170063
-0.254965
-0.0416442
0.439701
0.212988
0.174068
-0.659557
-0.419415
0.182037
-0.299925
-0.170171
-0.928671
0.412299
-0.528698
-0.782525
0.363287
-0.0257722
-0.176061
-0.613433
-0.61489
-0.295291
-0.420598
0.489457
-0.29849
0.0176299
-0.128643
0.0166032
-0.282155
-0.623289
0.278685
0.482544
0.590318
0.180124
0.270457
0.174673
-0.334185
-0.562263
-0.355044
-0.341063
-0.226682
-0.300326
-0.634863
0.56789
0.160388
0.691408
0.0247649
0.0847391
-0.477739
-0.705671
0.637152
0.8738
-0.375427
0.527745
-0.219824
0.200087
-0.298978
-0.14907
-0.878077
-0.793553
-0.497509
0.793598
-0.143312
-0.562584
-0.734506
-0.139264
-0.924397
0.135754
0.546025
0.37736
0.194744
-0.650658
-0.554582
-0.394868
0.843352
0.284634
-0.16625
-0.0335677
0.0492619
-0.615766
-0.331475
0.915595
-0.291959
-0.293314
-0.259093
0.797536
0.470653
-0.155509
0.622499
-0.542955
-0.360012
0.809973
-0.527696
-0.786788
0.51844
-0.0295786
0.593171
-0.424274
-0.320298
-0.455979
-0.559613
0.685403
-0.174314
0.958675
-0.19592
0.511832
0.0986167
-0.418915
0.733488
0.293101
0.443613
-0.617928
-0.214232
0.104417
-0.898514
-0.265791
-0.3915
0.327607
-0.888687
0.763581
0.58982
-0.568324
0.816549
-0.315913
-0.247548
-0.808363
0.27054
0.150208
0.772903
0.242675
-0.715062
0.0117813
0.0212623
-0.219883
-0.903657
-0.409649
0.233719
-0.172437
-0.963999
-0.505707
-0.32291
0.454271
-0.0237777
0.2712
0.931613
0.397173
0.148236
0.112235
0.141104
0.464014
0.023645
-0.0474227
0.296781
-0.179204
-0.0933763
-0.367792
-0.816775
0.15122
-0.970753
-0.031623
-0.980902
0.992551
-0.0225989
-0.73642
-0.132825
-0.230884
0.512304
0.811709
0.198105
0.497562
0.819734
0.961487
0.184229
0.00675509
-0.564163
0.714706
0.045686
-0.243791
0.141271
-0.589495
0.58267
-0.237206
-0.381692
-0.917493
-0.275067
-0.309769
-0.266838
0.917445
0.326397
-0.909067
0.0725937
-0.281165
-0.682666
0.33883
0.72585
-0.451046
-0.417073
0.474996
0.680646
0.130267
-0.94203
-0.57953
0.777737
0.545282
0.372404
0.656239
-0.401586
0.0262823
0.604125
-0.199293
0.713662
0.491399
-0.245239
-0.617644
-0.340316
0.185642
0.439356
-0.898912
-0.27572
-0.335264
0.0560057
-0.0890155
0.262789
-0.934383
0.0725071
0.440361
0.204152
-0.530933
-0.449296
0.251098
0.447817
-0.467142
0.867989
0.723656
0.177172
0.538064
0.18229
-0.0859442
-0.341909
0.188695
0.0324458
-0.383528
-0.88972
-0.0668917
0.180157
-0.362447
-0.507965
0.849875
-0.193278
0.225724
-0.807911
0.693485
-0.286462
0.174261
-0.835958
0.735828
0.38117
-0.829561
0.165661
-0.204231
0.636818
0.0472455
-0.00701639
-0.41811
-0.438202
0.373679
-0.74437
0.477273
-0.101511
-0.776078
-0.401439
0.325077
-0.295442
-0.0846433
-0.476676
-0.564698
-0.599193
0.601833
-0.253399
0.637836
0.574997
-0.864208
0.440142
-0.496678
0.831099
-0.508058
-0.458856
0.265977
-0.343507
0.79452
0.0525365
0.294835
0.0512903
0.960155
-0.169173
0.628029
-0.285461
0.21352
0.396432
-0.136376
0.916518
0.834838
0.0362871
-0.325925
0.644562
-0.930024
-0.164433
0.560865
-0.0184921
0.846893
-0.0803352
0.688611
0.688352
0.358659
0.75766
0.245901
0.135864
0.169841
-0.0895264
0.074138
-0.82415
0.768109
0.170474
0.0239869
0.113515
-0.107524
0.894211
-0.574201
0.427743
0.223032
-0.822035
-0.786066
0.109319
-0.342797
0.41885
0.574642
0.763826
0.660866
0.434119
0.144184
-0.557778
-0.870336
-0.381602
-0.155209
0.596914
-0.213691
0.186364
0.620483
0.552848
0.110626
0.0155439
-0.397146
-0.374615
0.0649994
-0.129565
-7.34748e-05
-0.491116
0.365673
-0.850056
-0.614724
-0.192752
-0.173715
-0.84488
-0.233843
0.870122
-0.138776
-0.375047
-0.652473
-0.108942
-0.521444
0.803295
-0.206776
0.43746
-0.84917
-0.480091
0.473041
0.451303
0.599645
0.778386
-0.921975
-0.335203
0.523775
-0.26751
0.531255
0.307684
0.553932
-0.613534
0.708285
0.213513
-0.548717
-0.129236
0.767722
0.323197
0.209893
0.0826127
-0.915828
0.103382
-0.0367886
-0.00699169
0.721593
-0.66274
0.562633
0.507311
-0.871186
0.266479
0.330978
-0.206569
0.065962
0.199362
-0.260387
0.464476
0.208225
0.782965
-0.70804
0.328603
0.310064
-0.750169
-0.927755
0.0742736
0.643759
0.468312
-0.291331
0.030607
-0.817657
0.0833226
-0.819819
0.0859914
0.384508
-0.0674852
0.835566
-0.347906
-0.0861675
-0.36064
0.247517
-0.111656
-0.486939
0.101091
0.0116426
0.347519
-0.74059
-0.562989
-0.771535
-0.000968752
-0.112625
0.539815
-0.640906
0.652593
-0.1728
0.571548
0.213064
0.569044
-0.910631
-0.11605
-0.597681
0.254222
0.14027
0.473784
0.612117
0.148305
-0.71735
0.337171
0.453221
-0.668236
0.922458
-0.154683
0.628467
0.671662
-0.152325
-0.902719
0.22257
-0.747507
-0.961528
-0.014099
0.650303
-0.665714
-0.708284
0.452373
-0.813198
-0.0465383
0.110341
-0.388153
-0.481799
-0.635088
-0.265279
-0.694731
0.410937
-0.241454
0.0442769
-0.489219
-0.792945
0.139335
0.254967
0.431895
-0.261973
0.198515
-0.80502
-0.545058
0.0345911
-0.371398
-0.619619
-0.772274
0.420175
0.126821
0.457597
0.615399
0.51246
0.657508
-0.157259
-0.516389
-0.792435
-0.107534
0.216371
-0.247735
-0.550507
-0.0793197
-0.661836
0.459366
-0.134165
-0.871736
-0.431685
-0.180655
-0.0400728
0.499231
0.57855
-0.744731
0.204097
-0.566506
0.438241
-0.516102
-0.9053
-0.17367
0.236172
-0.265684
-0.143192
0.793495
0.46136
-0.540148
0.450131
0.048319
-0.054428
0.00793349
0.379184
0.475453
0.353863
0.623437
0.700675
-0.275993
0.324312
-0.789409
-0.410971
-0.762022
0.458873
-0.0331978
0.968503
-0.246897
0.171019
0.334556
-0.969486
-0.235145
0.819818
0.442295
-0.149889
0.207373
-0.641317
0.125
0.708849
0.503361
0.921221
-0.242791
-0.48827
-0.558791
0.168018
-0.654472
0.566382
0.688113
0.362628
-0.531694
-0.48744
0.126756
0.400062
0.48124
-0.220213
0.0140653
0.518648
-0.0286064
0.0754026
0.833083
-0.655927
-0.361313
0.54932
0.22441
-0.201822
0.824692
-0.682279
0.309183
0.482303
-0.143307
0.906823
-0.253549
-0.441169
-0.809105
-0.485181
0.590989
-0.274051
-0.00665802
0.797193
-0.169722
0.237626
-0.253447
0.320722
-0.545787
0.662017
-0.263027
0.30436
-0.23508
-0.404802
0.265527
-0.518974
-0.607091
-0.316048
-0.631839
-0.117318
0.682464
-0.749978
-0.150008
-0.254664
-0.114296
-0.536975
0.675416
0.0454583
0.381268
0.666057
0.620609
-0.204363
-0.267454
0.38175
-0.826321
-0.487843
0.380293
-0.940629
0.149981
-0.6701
-0.0585159
-0.787208
0.548555
-0.618725
0.427391
-0.800119
0.453722
-0.0602536
-0.617962
-0.430043
0.894306
0.104972
0.309628
0.15119
-0.848679
0.734858
-0.17288
0.799319
0.452829
0.130161
0.587309
-0.811515
0.509204
0.0316244
-0.604982
-0.834936
0.294831
-0.667592
0.391623
-0.553392
0.130402
0.0817511
-0.980274
-0.585256
-0.742625
-0.0374563
0.636628
0.0282511
0.943543
-0.706305
0.450946
0.327496
0.920247
-0.0336227
-0.207052
-0.627245
0.0831144
-0.788162
-0.1002
0.675863
-0.105063
0.490975
0.523644
-0.36214
-0.184424
-0.80622
-0.482318
0.527976
0.239581
-0.31153
-0.624905
-0.821783
0.251927
-0.509622
-0.297432
0.290763
0.798061
-0.0376427
-0.856336
0.481242
-0.562016
-0.813943
-0.187856
-0.485288
-0.00743355
-0.636593
-0.430027
0.423828
-0.0256042
-0.375466
-0.218105
0.405962
0.0285343
-0.0359679
0.622041
-0.052068
-0.748605
0.774209
-0.40794
0.392309
-0.566024
-0.770635
-0.5597
-0.45095
0.0955517
-0.00120711
0.0424651
-0.460184
0.843192
-0.874241
0.38059
-0.534005
-0.292393
-0.527464
0.683202
-0.422314
0.441614
-0.40014
0.00524136
-0.198227
-0.180192
0.277171
0.172418
0.501228
0.616847
-0.127986
-0.781868
0.351235
-0.920374
0.494001
0.228735
-0.401153
-0.718534
-0.597396
-0.121927
0.760141
0.0323597
-0.429371
-0.766405
0.226367
0.124435
-0.354374
0.716974
0.586023
-0.234281
0.85498
0.469931
0.374304
-0.809004
0.224175
0.934806
-0.214176
-0.825524
0.589109
-0.791298
0.596647
0.260354
0.442758
0.098617
-0.274319
-0.399864
0.298077
0.124655
-0.0634436
0.432343
-0.692697
-0.313085
-0.411702
0.839742
0.239606
-0.0287931
-0.558484
-0.374919
0.309437
0.225531
-0.178569
0.0609832
0.100983
-0.282089
0.172031
-0.938046
0.807976
-0.397462
-0.0476361
-0.821911
-0.375478
0.414212
-0.927918
-0.277169
0.184338
-0.22385
0.448217
-0.288737
-0.152446
0.532226
0.60844
0.174886
-0.718307
0.59527
-0.00753011
0.6536
-0.48983
-0.562032
-0.20738
-0.955131
-0.396269
-0.75317
-0.34844
-0.74161
-0.505369
0.393824
-0.517659
0.376092
-0.786017
-0.53725
-0.29042
0.091749
-0.241317
-0.896594
-0.659403
-0.354395
-0.730487
-0.00550046
0.062522
-0.368021
0.45977
-0.457251
0.157629
-0.0395406
0.369354
0.187853
0.364915
-0.804845
-0.200663
0.859384
0.141399
-0.675761
0.970965
-0.129195
0.317048
0.60455
0.384024
-0.335992
-0.124448
-0.88529
-0.561051
0.482722
-0.0411221
0.301437
-0.641756
0.576927
0.25889
-0.395491
0.00554912
-0.366981
-0.0362796
0.213409
-0.295359
0.130885
0.461357
0.143246
-0.403125
0.0521013
-0.0381976
-0.605837
-0.15149
0.328731
0.403712
0.246769
0.69056
0.570847
-0.333641
0.517873
0.497926
0.270617
-0.704306
-0.517646
0.0361173
0.061135
-0.678256
0.149698
-0.791059
0.163676
-0.901866
0.128179
-0.865046
-0.178719
0.322263
-0.582103
-0.172972
-0.590553
-0.181288
-0.826565
-0.6566
0.376302
0.00655544
-0.428817
0.90323
-0.412667
-0.958653
0.0446805
0.956977
0.068479
0.635856
-0.220179
-0.484101
0.445046
0.670067
-0.661439
-0.0457658
-0.00147341
-0.194992
-0.488275
-0.139075
-0.671571
0.625459
0.472998
-0.664401
-0.424854
0.364151
-0.0571009
-0.0587938
-0.880511
0.494932
0.591924
-0.799478
0.201747
0.0473844
-0.57316
0.624366
0.340519
0.22103
-0.364462
0.311337
-0.493619
0.185202
0.0298562
0.672745
0.0414724
0.418596
0.78549
0.247611
0.496085
0.330758
0.0368145
-0.0355013
0.633217
0.863594
0.0149515
0.00903951
-0.865008
-0.967892
0.182704
-0.915471
-0.0651957
0.358583
-0.398283
-0.393046
-0.44409
0.666701
0.674341
0.00962673
0.349503
0.537165
0.210311
0.66528
0.596902
-0.186025
0.789211
0.226745
0.915354
0.0191879
0.559341
-0.433977
-0.563449
0.283318
0.326674
0.0571491
-0.655339
0.546017
-0.220616
0.114089
0.00906928
-0.380602
0.831426
0.1581
-0.582653
-0.237992
-0.302899
0.28441
0.538136
0.959527
0.0293415
0.425502
0.0179652
-0.362421
0.812597
-0.115496
-0.383038
0.263298
-0.811333
0.272411
0.174856
-0.192821
0.334459
-0.148673
-0.506532
0.106944
-0.0672625
0.467168
0.873266
-0.753966
0.362906
0.900398
-0.119791
-0.142782
-0.281269
-0.459404
-0.657552
0.853815
0.445852
-0.0107894
0.784411
-0.0524869
-0.955764
-0.237033
0.0410629
0.698615
0.0119215
-0.780071
-0.559259
0.16704
-0.596001
-0.305157
-0.921426
-0.744593
0.3437
0.633827
-0.573833
-0.114994
-0.317478
-0.481491
-0.234353
0.376408
0.923458
0.860848
-0.431885
0.00571789
-0.59117
-0.820725
0.238863
-0.0394925
-0.497554
-0.421013
-0.601513
0.0333979
-0.711671
-0.302841
-0.547492
0.0884764
-0.557651
0.218005
-0.824472
-0.0989253
0.147808
-0.192654
0.608168
0.266077
0.075889
-0.70582
-0.0265088
-0.763434
-0.281743
0.310271
-0.643667
-0.469142
0.624871
0.103407
0.847641
0.146994
-0.431336
0.298017
-0.23599
-0.728068
-0.523804
-0.285517
0.948135
-0.510369
-0.688492
-0.51864
-0.824881
0.736158
0.158005
0.482531
0.847334
-0.112505
-0.573303
-0.323532
-0.397049
-0.574275
-0.578896
0.562604
0.242059
-0.0539867
0.571512
0.29025
0.750475
0.0209852
0.772037
-0.311941
0.168855
-0.162369
0.631365
-0.300145
0.0164553
0.382504
0.250911
0.531925
0.790925
0.0741901
0.758343
0.062212
0.406265
-0.00245588
-0.916753
-0.161018
-0.706816
-0.367157
0.101226
-0.183161
0.545308
0.612055
-0.38294
-0.31061
-0.1027
0.517483
0.2328
-0.383229
-0.630624
-0.432148
0.466376
-0.440462
-0.186267
-0.506995
0.555495
-0.655739
0.448112
-0.519893
0.246386
-0.509853
-0.308669
0.591885
-0.60247
-0.226351
-0.369823
0.231339
0.0882556
-0.381339
0.010095
-0.69983
0.476933
-0.603612
0.237958
0.761854
-0.169174
0.507398
0.0611503
-0.0486121
-0.922907
0.732457
0.337967
-0.538977
-0.697001
-0.531803
-0.798848
0.163171
0.117789
-0.363233
0.155055
0.206928
-0.830705
-0.271922
0.0791136
0.995112
-0.0452149
-0.561971
0.202307
0.0718205
-0.533048
0.145512
0.724491
0.159071
-0.00376705
0.376023
0.0295018
0.408214
-0.142307
0.124842
0.342101
-0.237788
-0.641672
-0.596662
0.163408
0.632967
-0.442909
0.398117
-0.435396
0.494243
-0.810867
-0.302495
0.284261
0.780421
-0.143726
-0.148063
-0.969219
0.0361048
-0.53262
0.0535618
0.489442
0.695086
-0.650238
0.793964
0.318715
-0.287934
-0.451295
-0.680183
0.538916
0.0283577
0.742234
-0.627868
-0.713842
0.18935
-0.834396
-0.776423
-0.177363
-0.501402
-0.438516
0.982234
0.0618819
0.220977
0.326312
0.345068
-0.543538
-0.58397
-0.319892
-0.209321
-0.338515
0.793116
-0.452565
-0.127624
-0.177176
-0.895557
-0.284523
0.625848
0.565376
0.547835
-0.403243
0.786448
0.172938
0.583421
0.00507245
0.57201
-0.22526
0.281287
0.952911
-0.356154
-0.0606217
-0.771092
0.529101
-0.0505645
0.951753
-0.908868
0.0190239
-0.216882
-0.1163
0.890679
0.0491182
-0.591808
0.569329
-0.311983
0.6071
-0.133402
-0.495972
-0.0661079
-0.0248387
-0.224582
0.563034
-0.218819
-0.593018
0.564233
0.676214
-0.257566
-0.322302
0.347141
0.281344
-0.844378
0.170411
0.358172
-0.670218
-0.816223
0.0570016
0.229416
-0.630635
0.38212
0.608757
0.508508
-0.533248
-0.798439
0.118241
0.565388
0.0428208
-0.673456
0.719918
-0.322304
-0.661713
0.439536
-0.675691
0.771358
-0.215791
-0.535752
0.616354
-0.286106
-0.374621
-0.839295
0.0903502
0.818617
-0.00126293
0.93946
0.256463
-0.691115
0.720058
-0.0116684
0.607617
0.0789088
0.49294
-0.192332
-0.0116626
-0.023331
0.374067
-0.0720346
0.756023
0.704243
0.245789
-0.171876
-0.387254
-0.797155
-0.564552
-0.939167
0.117371
0.883821
-0.152516
-0.961582
0.132926
-0.709091
0.504075
-0.00638882
-0.108527
-0.092624
0.33862
0.547174
0.284166
-0.542054
0.737677
0.455281
0.211808
0.166688
-0.300983
-0.694626
0.0920523
