0
0
0.0330695
0.508012
0.61002
-0.509569
-0.558858
0.671339
0.0473481
-0.323352
-0.091583
0.10623
0.00737958
-0.111604
-0.77266
-0.173652
0.214651
0.749349
-0.278664
0.327718
0.686037
-0.464457
-0.586011
0.064631
0.657578
0.569685
0.0372121
-0.196929
-0.304362
-0.713207
-0.712893
-0.432812
0.228232
0.279729
-0.326177
-0.837008
0.817568
-0.449684
-0.660548
-0.103593
-0.157304
-0.608025
0.0517863
-0.111321
0.817158
0.203588
-0.176063
-0.399884
0.635681
-0.661847
-0.433904
-0.703141
-0.632425
-0.553908
-0.757496
-0.11984
0.0311101
-0.25451
-0.325704
-0.760154
-0.0644439
-0.313891
0.71513
-0.29566
-0.340838
-0.908
-0.162509
-0.184409
0.825919
0.274582
0.33082
-0.292758
-0.588418
-0.49248
-0.417058
0.820983
0.192931
0.233724
0.762966
0.0409948
-0.86082
-0.437268
-0.600483
0.6024
-0.627358
0.352806
0.303128
0.568519
-0.79095
-0.401323
-0.34178
0.546247
0.887212
-0.447498
-0.119195
-0.641855
0.0533472
-0.582412
0.558024
-0.377835
0.164099
0.321067
0.00649462
0.633379
-0.480394
0.306631
-0.0717014
0.228946
-0.6351
-0.403351
0.529895
-0.760015
0.325437
-0.909255
0.461997
0.784794
0.284212
0.831474
-0.555148
0.794577
-0.138958
0.3257
0.773088
-0.454598
0.533304
-0.822981
-0.577913
0.571891
0.119018
0.392384
-0.165613
0.601458
0.32211
0.406066
-0.472855
-0.131989
0.377979
-0.808442
-0.316886
0.34806
-0.048765
-0.799787
-0.205853
-0.0961695
0.901924
-0.267442
0.636913
-0.164682
0.548423
0.665327
-0.650136
-0.730697
0.549285
-0.628066
0.895508
0.400593
0.565275
-0.64912
0.314448
0.220755
0.208235
0.546253
-0.186864
-0.0224671
0.42306
0.418023
-0.0671429
-0.790868
-0.0116229
0.250986
0.678575
0.616436
0.341754
0.807687
-0.216264
-0.199914
0.317257
0.78458
0.225858
-0.75216
-0.73729
0.530188
-0.248479
-0.896578
-0.797129
0.185697
-0.424428
-0.546698
0.281978
-0.0647697
-0.081496
-0.225798
-0.214074
0.736992
-0.291816
-0.0664724
0.0359048
-0.345208
0.732249
-0.403324
-0.182901
-0.554743
-0.291735
0.0254183
0.0918907
-0.722988
-0.0681958
0.627538
0.551938
-0.727676
-0.196273
-0.655241
-0.411381
0.0723269
-0.193018
-0.0111553
-0.418462
-0.613355
-0.370825
0.787519
0.782946
0.616681
0.784196
-0.00887899
0.0617844
-0.196549
-0.929802
0.0747991
0.0815338
0.563007
-0.179687
0.314604
-0.323483
-0.942267
0.138815
-0.0710773
-0.145876
-0.392073
0.247966
0.869865
0.580382
-0.39079
0.286959
0.477932
0.8632
-0.0261725
-0.09479
-0.161369
-0.223454
0.869125
-0.697931
0.522614
0.385709
-0.67703
-0.367308
-0.0333556
-0.415934
0.339119
-0.443484
0.712037
-0.527139
0.546411
0.581031
-0.250673
-0.640744
-0.762209
0.932365
0.0383092
-0.282638
0.324019
-0.812602
0.292855
-0.42816
0.242156
0.425833
0.418266
-0.48825
-0.148601
-0.148544
0.289701
-0.0299443
0.25246
-0.808063
-0.303282
0.620532
-0.0729761
0.2558
-0.591729
0.491416
-0.769589
0.245401
-0.146865
0.203691
0.735581
0.226996
0.383079
-0.111455
-0.684532
0.595666
0.738216
0.0498792
-0.995301
-0.934472
0.186435
-0.923621
0.210188
0.021759
0.0241603
0.367478
-0.295316
0.290617
-0.547503
0.733938
0.0947335
-0.304922
-0.100367
-0.0729076
0.36807
-0.325054
-0.107771
0.525128
-0.0686755
0.293765
-0.0643941
0.723019
0.669958
0.334332
0.105158
-0.940443
-0.246938
-0.269919
0.578539
0.642933
-0.474314
-0.374568
-0.183282
-0.869763
-0.396519
-0.0126515
-0.435924
0.859109
-0.057531
-0.305615
0.200977
0.079958
0.731564
0.191827
-0.284204
-0.34639
0.677235
0.172716
0.0139105
-0.380698
-0.615713
0.544553
0.0508225
0.295694
0.646175
0.401736
0.290055
-0.757803
-0.248205
-0.217661
-0.246271
-0.307712
0.380484
-0.0561985
-0.281516
-0.184782
0.808141
-0.489556
0.344912
0.929275
-0.24335
0.466411
0.0621216
-0.0506628
0.522376
-0.451651
0.175382
-0.683521
-0.158596
0.0227828
-0.409062
0.0520806
0.939121
0.0262052
-0.303856
-0.13413
0.938312
-0.85142
0.0823973
-0.491459
0.413687
0.352809
-0.686195
-0.473015
-0.632292
-0.862272
-0.269255
-0.259362
0.782136
0.656338
0.595285
0.138825
0.381985
-0.42688
0.667185
-0.104484
-0.728821
0.691489
0.300879
-0.231595
-0.341859
0.445686
-0.522996
-0.838775
-0.361038
-0.0860062
-0.941878
-0.776784
-0.181469
-0.523328
0.509866
-0.0328615
0.160244
0.136283
-0.0285542
-0.132395
-0.966235
0.379154
0.0560859
-0.640222
0.621921
-0.514755
0.790698
0.101415
-0.0852403
0.160389
-0.901351
0.171086
0.931762
0.286273
0.072755
-0.863453
0.0773319
0.406274
0.360826
0.241728
0.925546
0.688695
0.694767
0.146833
0.332477
-0.76563
0.354866
0.257288
-0.401363
-0.0770668
0.411483
0.125048
0.650159
0.499499
-0.41987
-0.325384
-0.220081
0.256
-0.0414797
0.367124
0.312658
-0.288957
-0.25824
-0.805107
0.569219
-0.0859426
-0.0845653
0.126045
0.417337
0.360374
0.794156
-0.58745
0.240198
-0.572895
0.325693
-0.0325336
0.31058
0.0381978
-0.836437
-0.222104
0.885688
0.312721
-0.633186
0.584427
0.126712
-0.647298
0.595783
-0.458626
0.485968
0.100226
-0.173578
0.806764
-0.405524
-0.532236
-0.516309
-0.112092
0.72582
-0.211788
-0.0619673
0.950224
-0.077495
-0.25647
-0.178184
-0.719341
-0.197757
0.411906
0.84382
-0.611024
0.394766
-0.449913
-0.159398
0.32416
0.43224
0.464837
0.727105
0.570926
-0.337825
-0.326983
-0.456287
0.407235
0.0557405
0.240596
-0.166922
-0.781402
0.487987
-0.36473
-0.372942
-0.401026
0.79149
-0.26568
0.878473
0.383983
-0.514251
-0.576546
0.714796
-0.737946
-0.229505
0.0315218
-0.172298
-0.417577
0.693974
0.643018
-0.508997
0.108347
0.90764
-0.137145
-0.104408
0.276706
0.42324
-0.198542
-0.796197
0.431688
-0.678797
0.113621
0.653356
0.406401
-0.40284
-0.461632
0.534038
0.196927
0.192983
0.571604
-0.0980628
0.133842
0.83389
-0.0715658
0.510764
-0.0448026
-0.357822
0.550805
-0.698243
0.289697
-0.742788
-0.669048
-0.257615
-0.230358
0.0748622
-0.60806
0.707
0.94873
0.163737
-0.286146
0.143834
-0.0739821
0.213923
0.588299
0.39317
-0.108929
-0.778353
0.94209
-0.220971
-0.364805
-0.795152
-0.00907463
0.566712
-0.397354
-0.329674
-0.069406
-0.380565
0.637923
0.266429
0.494665
-0.34033
0.13661
0.776049
0.105724
-0.131564
0.512129
-0.562296
-0.443406
-0.864652
-0.37086
-0.14355
0.642805
-0.292931
-0.327605
-0.151647
0.384508
-0.45665
-0.514766
0.559578
0.757538
0.493213
-0.7298
0.33246
-0.545163
0.0653719
0.169027
-0.159292
0.103813
0.980159
-0.0963309
0.051587
-0.17394
0.518554
-0.208209
0.789304
-0.52707
0.218907
0.565242
0.758058
0.184341
-0.902787
-0.696672
0.464038
0.436488
0.330186
0.229432
0.770058
0.528116
0.484813
0.3876
-0.736363
0.200401
0.0545258
0.384712
-0.344082
0.330387
-0.459102
0.248853
-0.0978231
0.442763
0.884224
-0.231778
0.13644
-0.274227
-0.231979
-0.351093
-0.821673
0.0534514
-0.822363
-0.0965896
-0.225271
-0.211981
0.392931
-0.545476
-0.207792
-0.0182987
0.778475
-0.715924
0.323474
0.00939689
0.150235
0.143527
-0.802777
0.798345
-0.492498
0.404135
0.327502
0.556854
0.0279425
-0.56554
-0.141405
-0.572008
-0.255206
-0.29838
-0.763765
-0.524401
0.185699
-0.158864
-0.402314
-0.455839
-0.392581
0.954209
-0.215126
-0.548595
-0.323726
0.109146
-0.966434
0.405433
0.119872
0.512452
-0.288987
0.504113
-0.732765
0.285018
0.712686
-0.173567
0.288758
0.0415948
0.355171
-0.644158
-0.594943
0.327708
0.904048
-0.616734
0.666775
0.838661
-0.107233
-0.090076
0.55519
0.109237
-0.186818
0.335089
0.652374
-0.2651
0.390684
-0.180985
0.0758356
-0.605659
0.596819
0.110414
0.734196
0.276855
-0.466883
-0.939322
-0.338958
0.414794
-0.597138
0.193957
-0.805734
0.53993
0.273472
-0.740355
0.649605
0.424294
0.844347
0.0630028
-0.03989
-0.837207
0.423177
-0.727548
0.407589
-0.224374
0.12069
0.652593
0.51624
-0.489172
-0.491402
-0.236887
-0.547324
-0.117875
-0.365189
0.0627122
0.798435
0.303267
0.378357
-0.00677731
-0.602411
0.00383751
-0.700484
0.410601
0.872917
-0.510557
0.139998
0.443512
-0.815762
-0.703081
-0.0165105
0.336559
-0.759998
0.197824
0.937005
0.89493
0.0516951
-0.176882
0.309411
0.349922
0.731457
-0.750257
0.171061
-0.180829
0.217654
-0.0901912
0.934517
0.905248
-0.369325
-0.235224
0.835052
0.398228
0.345142
0.921319
-0.166041
-0.0150921
-0.985734
-0.216489
-0.466741
0.301793
-0.594827
0.574476
-0.289132
-0.947192
0.0265677
0.0504688
-0.554973
-0.0152147
-0.023907
0.47562
-0.0411835
-0.206404
0.697458
-0.0860856
-0.599196
0.224277
0.148795
-0.262752
-0.515033
0.484913
-0.821979
-0.293946
0.939228
-0.90802
-0.0758234
0.224618
-0.934104
0.449138
0.808053
0.939926
-0.184768
0.123996
-0.719549
-0.639142
-0.107534
-0.239831
-0.307674
0.0535316
0.909139
-0.646064
-0.61069
0.00164767
0.934769
0.0423029
-0.694564
-0.00223773
0.389524
-0.170751
0.698171
-0.512005
0.00961253
-0.405669
0.849585
0.584839
0.407146
0.0186548
0.989655
0.0470905
-0.243204
-0.330934
0.0980188
-0.123161
-0.684318
-0.246228
-0.04602
0.221318
0.241362
0.572057
0.590293
0.320581
0.885282
-0.792283
-0.215248
-0.48525
-0.601747
0.528474
-0.640774
0.448106
-0.33436
-0.246725
0.838468
0.212402
0.553566
-0.594398
-0.0547113
-0.695486
-0.373054
-0.707414
0.63092
0.469389
-0.65155
-0.463724
-0.0687616
0.949778
0.115234
-0.659699
0.500687
0.644278
-0.364274
0.318412
-0.0584796
-0.266789
-0.888258
0.270585
-0.0525161
0.267045
0.191471
-0.0366085
0.661033
0.101992
-0.188322
-0.0334642
0.169467
0.220775
-0.581354
0.789066
-0.0068219
-0.590692
-0.276266
-0.276144
-0.421456
-0.626186
0.363966
-0.357807
-0.255927
-0.28643
0.895021
0.907064
0.419383
0.120304
-0.269351
0.574268
0.652465
-0.277881
0.0626057
-0.719456
0.291069
-0.595522
0.413067
-0.623368
-0.404664
-0.0571289
0.417649
-0.222948
0.840051
0.131121
0.757358
-0.492318
0.281991
0.302568
0.350305
-0.263895
0.12341
0.563702
-0.187086
0.0109042
0.99223
-0.175788
0.558199
-0.959084
-0.162347
-0.650054
0.388643
0.113188
0.085573
-0.524754
0.609609
0.167807
0.944162
0.00604992
0.269248
-0.687174
0.202631
0.208243
0.509047
-0.118656
-0.569276
-0.513438
-0.475526
0.936889
0.0820585
-0.0642625
-0.685898
-0.55669
0.417233
0.147352
0.764028
0.807936
-0.0541424
0.0273894
0.293824
-0.369833
-0.0424067
0.0411303
0.693014
-0.298538
0.169172
0.259758
-0.850683
0.471285
0.294578
0.356097
0.0995844
-0.412516
-0.495537
0.223081
0.777211
-0.492982
-0.375762
0.399548
-0.791845
-0.317272
0.526304
0.176226
-0.952304
0.407227
0.207016
-0.685688
-0.602257
0.718262
-0.103036
-0.423596
-0.187615
0.357821
0.165047
-0.704836
0.32862
-0.181638
0.727164
0.8302
-0.373448
-0.561062
0.212338
0.377385
-0.404749
0.733369
-0.11969
-0.0436466
0.771374
0.86538
0.188603
-0.250064
0.69849
-0.185986
-0.145777
0.147725
0.906467
-0.769827
0.597291
0.401019
-0.20953
-0.292552
-0.360858
0.0654239
0.0530633
0.729604
0.539306
-0.642764
0.123934
-0.190342
0.613849
0.345068
0.888126
-0.838026
-0.478708
-0.501814
-0.431099
0.569428
-0.100471
0.798401
0.194292
0.0149526
0.501181
-0.20098
-0.707553
0.753052
0.496041
-0.367247
-0.0581645
-0.467734
-0.360812
-0.218001
-0.431823
-0.320499
0.868271
0.308355
0.670287
0.352565
0.91092
0.271732
-0.595644
0.0274666
-0.663699
-0.53197
0.534547
-0.204834
-0.199429
-0.00509255
-0.740559
0.0890677
0.14319
-0.321963
0.302653
0.299061
0.450588
-0.208653
0.453509
0.397195
0.805688
0.65968
-0.476576
-0.663572
0.553267
-0.0256231
-0.761014
-0.590099
-0.181708
-0.924909
0.135149
-0.376666
-0.234699
0.787966
0.264093
-0.0251069
0.0220585
0.0134642
-0.359302
-0.444131
0.627245
0.470976
-0.0351322
-0.299225
-0.639908
-0.180217
-0.740638
-0.715479
0.399523
-0.216705
0.0491964
0.121727
-0.634502
-0.506408
0.858192
0.831532
0.449659
-0.100708
0.938229
0.560809
0.423234
-0.213489
-0.543582
0.619671
-0.702885
-0.152543
-0.603342
-0.541571
-0.416846
-0.84008
-0.184058
-0.72764
0.297672
-0.87639
0.421204
0.708742
-0.316892
-0.730416
0.316161
0.500219
-0.395082
0.692754
0.640989
-0.0621927
0.943206
0.901118
0.173294
-0.173975
-0.575039
-0.239779
0.277981
-0.433314
0.412524
0.352845
0.0932692
0.935152
-0.272583
0.654708
-0.0156168
-0.368462
-0.076786
-0.0489524
0.391852
0.153709
-0.265691
-0.538274
-0.101807
-0.0452204
-0.609293
0.212386
-0.816136
0.799652
0.408681
0.503228
0.377082
-0.375087
0.67053
-0.0142822
-0.335637
-0.130297
0.0382455
0.154882
0.349247
0.647109
0.665584
-0.560664
0.487374
0.128152
-0.147027
0.263116
-0.213037
0.952628
0.0652807
-0.0362986
0.955272
-0.117628
0.596231
-0.708518
-0.488793
-0.621538
0.700432
-0.783173
0.5034
0.413798
-0.308457
0.322347
0.582953
0.366165
0.1038
0.299691
0.913334
-0.681899
0.146975
-0.143185
-0.172179
-0.0364791
-0.0778217
-0.181621
-0.360204
-0.273538
0.139857
0.286831
-0.118408
0.290586
0.316854
-0.305054
0.350992
0.0335317
-0.862867
-0.931276
-0.310388
0.0864427
-0.879334
0.23936
-0.189474
0.0281815
-0.465187
-0.408668
-0.317214
-0.428567
0.0902823
-0.381762
0.79826
-0.0245595
0.614524
-0.946024
0.210845
-0.909523
-0.0886834
-0.29241
0.908178
0.203917
-0.500713
0.115237
-0.907438
0.592328
0.193029
-0.0717435
-0.828543
0.0342042
-0.683363
0.377203
0.251648
0.377198
0.474027
-0.080677
0.224521
0.846776
-0.4932
0.72734
-0.570619
-0.314667
0.513847
0.562924
0.344823
-0.569345
-0.216761
0.70996
-0.67674
0.247358
-0.328525
-0.929089
-0.256075
-0.26817
0.08064
0.724241
-0.168682
-0.584802
-0.557074
-0.478128
-0.825258
0.507972
0.5359
0.61654
-0.42787
-0.596552
-0.0886571
0.586455
-0.512867
0.327038
-0.905468
-0.937605
0.0160875
-0.79223
-0.567909
0.90869
-0.364581
-0.545936
0.379352
-0.0194564
0.958292
0.385632
-0.316682
0.740331
-0.633114
0.0365356
0.100079
-0.506246
0.759035
-0.634119
-0.733831
-0.0505126
0.462259
0.134371
0.279888
0.360377
-0.385844
-0.067344
-0.555565
-0.262474
0.817323
0.592172
0.701673
-0.576982
-0.239372
-0.0283275
-0.995784
-0.62942
-0.383077
0.0258186
-0.819743
-0.262325
0.852411
-0.494895
0.31388
0.309664
0.0731243
0.967892
0.0521106
0.589983
0.406957
-0.537776
0.750294
-0.73509
0.478778
-0.00200061
0.898927
0.75994
-0.203135
-0.613247
-0.782504
0.35474
-0.19397
-0.101938
-0.254826
0.0575587
-0.950873
-0.571768
-0.625451
-0.0602279
0.541174
0.733695
0.377068
0.0332616
-0.586129
-0.105866
-0.827244
0.637928
-0.298756
0.688451
0.224265
-0.146232
0.0257738
-0.541972
-0.486342
0.713574
-0.190128
0.55082
0.373419
0.100408
-0.960897
-0.124935
-0.450753
-0.742832
0.111809
-0.56489
-0.675012
0.759274
0.493548
0.0908506
-0.556784
0.979095
0.076292
-0.77614
-0.0514553
0.087252
-0.90956
0.0864389
0.0489088
0.772397
-0.579988
0.515935
-0.349583
0.401038
-0.342464
0.252024
-0.227023
-0.275932
-0.266485
-0.846473
-0.0907659
-0.0611159
0.492133
0.308769
0.628495
-0.116785
0.487979
0.521924
-0.546994
-0.780738
0.199635
0.216329
0.450521
-0.0790158
-0.977088
0.465067
-0.212717
-0.0321022
0.777299
-0.145696
0.402618
0.101493
-0.280048
0.503112
0.258966
-9.8615e-05
0.39539
-0.0646543
-0.228386
0.20929
-0.406757
-0.154859
0.220595
-0.521723
-0.00911269
-0.477124
0.223842
0.452228
0.507291
-0.458918
-0.337914
-0.629008
0.758666
-0.442365
0.0368233
0.0760031
-0.33282
0.328213
0.576743
-0.940272
-0.316481
0.491883
0.091338
-0.338311
-0.677336
0.0101562
-0.616394
0.193137
0.383555
-0.379347
0.834977
0.972299
0.209337
-0.995725
-0.00372946
0.310991
0.634928
0.00585402
0.621891
0.828805
-0.227276
0.121982
0.759767
0.47722
0.0615622
0.118993
-0.855907
-0.0112866
0.615019
0.664858
-0.420523
-0.757376
0.0897021
-0.0635918
0.685484
0.372041
-0.195647
-0.318369
0.502728
-0.148942
0.313694
-0.600442
0.352021
-0.336672
-0.613526
0.250927
0.626723
-0.129451
-0.616292
-0.929986
0.0901451
-0.442166
0.319758
-0.933284
0.253869
-0.232495
-0.228788
0.36407
0.0753019
-0.042758
0.429376
0.119465
-0.457187
0.236025
-0.885812
-0.640886
0.142589
-0.430364
0.780069
-0.770862
0.162956
-0.822007
-0.431315
0.446336
0.400552
-0.35308
-0.552624
0.462719
0.784928
-0.200926
0.827907
0.948105
-0.0818024
0.344112
0.465893
0.369415
0.454117
-0.891607
-0.355796
-0.183703
-0.432081
-0.513883
-0.468348
-0.401052
-0.52005
-0.656693
-0.489333
0.275694
0.464241
-0.556775
0.461986
-0.593794
0.0406706
-0.142796
-0.325089
-0.809045
-0.285896
0.311874
0.836367
-0.298353
0.146897
0.187567
-0.87868
0.203769
0.274061
-0.201382
-0.255941
0.53094
-0.181092
0.739176
0.260179
0.880288
-0.0580495
-0.0126923
0.494852
-0.236262
0.139957
0.00609917
0.373734
0.752307
-0.450899
-0.0264424
0.758079
0.785264
-0.0725918
0.619524
0.114737
0.488471
-0.0121363
0.463036
-0.00386325
0.0561976
-0.547223
0.0923547
0.840943
-0.625587
-0.142267
0.707917
-0.402421
0.406285
-0.262284
0.00756513
0.106445
0.323875
0.355011
-0.132455
-0.0738042
-0.469172
-0.371701
-0.0438227
0.456756
0.624983
-0.738682
0.56412
-0.184821
0.123622
0.0905396
-0.272381
0.162588
0.327541
-0.208729
0.447466
-0.563934
-0.748755
0.242514
-0.333054
0.496008
-0.658596
0.207198
-0.415927
0.349518
-0.327185
-0.379269
-0.0822564
0.413379
-0.697809
0.677999
-0.480591
0.724864
0.371384
0.102594
-0.669636
-0.619981
0.655949
-0.700187
0.346377
0.90393
-0.404788
-0.683473
0.677982
-0.335113
-0.201078
-0.750426
-0.384828
0.478478
-0.487121
-0.273016
-0.269461
-0.664604
-0.690725
0.686974
0.0345913
-0.701023
0.312065
-0.67876
-0.415916
0.362334
-0.517717
0.634774
0.428693
0.249919
-0.28646
0.660014
0.338774
0.796355
0.158688
0.252887
0.527331
0.341445
0.591364
-0.12068
-0.398055
0.625194
-0.421548
0.035309
-0.288196
-0.171201
0.803942
-0.251111
0.207136
-0.890914
-0.256923
0.760975
-0.641018
-0.317025
0.243997
-0.621367
0.761969
0.524639
0.248419
-0.701464
0.00101412
0.962851
-0.944929
0.0929729
-0.144042
-0.536835
0.666683
-0.300894
-0.568891
-0.551872
-0.295229
0.720301
0.821756
0.548144
0.257479
-0.0384871
-0.182303
0.782361
-0.395495
0.660624
-0.644994
-0.72389
-0.70708
-0.700759
-0.542238
-0.486495
-0.37613
-0.763279
0.198718
0.192806
-0.148366
0.701881
-0.375752
-0.338245
0.697055
-0.142945
0.631733
-0.48324
-0.516983
-0.378296
-0.0766088
-0.505896
0.226771
0.899588
-0.474552
-0.0400562
-0.523296
-0.313202
-0.691498
0.627847
-0.133744
0.259582
-0.096217
-0.682074
-0.36283
0.378353
-0.184306
-0.541272
0.824038
-0.499786
0.218658
0.108478
-0.935947
-0.263799
0.269615
0.134573
0.829009
0.357263
-0.581625
-0.0871443
0.225699
-0.649966
-0.284332
-0.754416
-0.169898
0.834696
-0.357971
-0.109325
-0.107322
-0.0763476
-0.405631
0.654439
-0.556466
0.748612
0.583308
0.44192
-0.551244
0.323046
-0.399394
0.794049
-0.448489
-0.338169
-0.155436
-0.680267
-0.406631
-0.474127
0.415406
-0.326064
-0.594534
-0.216595
0.712649
0.000316274
-0.372282
-0.18471
-0.110531
-0.175315
0.460945
-0.613355
-0.812427
0.129461
-0.129777
0.874438
0.082285
-0.785976
-0.559872
-0.507424
-0.120779
0.315602
-0.445063
0.278586
-0.153024
0.283985
0.0888091
-0.36506
-0.557875
-0.671172
0.608263
-0.713192
-0.169673
0.536513
-0.111353
-0.747935
0.144388
0.258476
-0.482313
-0.653599
-0.890066
-0.287963
0.824476
0.0380321
0.21171
-0.959252
-0.217728
-0.034347
0.741818
-0.353027
-0.526118
0.228953
-0.288693
0.471433
-0.0739551
0.051356
0.407454
-0.50767
-0.655046
-0.308379
0.470861
0.215673
-0.868587
0.196866
-0.173254
-0.355509
-0.195154
-0.349412
-0.119779
-0.802071
-0.142404
0.125325
0.955181
-0.230122
-0.194743
-0.0999184
-0.661564
-0.0546535
-0.250015
-0.834728
0.19442
-0.571526
-0.402902
-0.355735
0.60575
0.0982429
-0.0582961
0.229706
-0.374688
0.0265614
0.292877
0.578483
-0.163274
0.174323
0.272566
-0.310401
-0.540107
0.135461
0.162023
-0.673371
0.184806
-0.269654
0.169403
0.949112
0.909239
0.30681
0.637673
0.527506
-0.240585
-0.0482855
0.31794
-0.776958
-0.72607
0.530585
0.212028
0.51374
0.190172
0.564718
0.506783
-0.846232
-0.739975
-0.283965
-0.0676206
0.970539
0.846965
-0.390015
-0.0273242
0.140166
