0
0
0.629204
-0.505246
-0.494692
-0.167965
-0.230848
-0.767171
0.152457
0.740175
-0.215401
0.900776
-0.13764
-0.0585375
0.210907
-0.348309
0.115481
-0.396739
-0.136915
-0.249838
-0.852072
-0.286204
-0.702759
0.515099
0.484104
0.254661
0.236449
0.863585
0.766352
-0.136487
-0.3658
-0.0666071
-0.139535
-0.459062
0.0625967
0.477512
0.0201531
0.106486
0.691244
-0.490475
-0.653566
0.0701878
-0.284723
-0.801005
-0.557307
-0.235202
-0.228611
0.534105
0.404142
0.743275
-0.467397
0.468981
-0.0849262
0.641276
0.628553
-0.363581
-0.830978
0.506447
-0.0809184
0.887423
0.171345
-0.849682
0.490958
-0.707251
-0.397558
0.294675
0.389702
0.10954
-0.552584
0.263979
0.113661
0.762269
0.46952
0.435811
-0.408241
0.860025
-0.525187
-0.230636
0.494615
0.217672
-0.184951
0.316539
-0.805586
0.472367
0.396395
-0.315643
-0.0890242
-0.0596375
0.137409
0.0871705
-0.381614
-0.0932932
-0.722827
-0.468738
0.0138923
0.173692
-0.603653
0.39275
0.701213
-0.419815
-0.358924
-0.340745
-0.249087
-0.561726
-0.224878
0.244506
0.0218032
-0.13397
0.437696
0.618594
0.901
-0.322848
0.968147
-0.250374
0.465488
-0.221221
-0.160797
-0.965566
-0.111454
-0.653214
0.0490398
0.42175
0.18647
0.0452251
0.550083
0.244696
-0.210262
-0.91851
0.571724
0.165892
-0.587642
0.763825
-0.760896
0.0146976
0.708196
-0.194617
-0.905497
-0.346547
0.730863
-0.485662
-0.249488
-0.65814
0.404622
0.136942
-0.684196
0.568118
-0.0586178
0.718958
0.610903
-0.782458
0.100963
-0.697434
0.706568
-0.461119
0.0292378
-0.63205
-0.0969922
0.737237
0.464118
-0.754863
0.571782
-0.386057
-0.39007
-0.153922
-0.785972
0.0243352
-0.761572
-0.0145321
0.769395
0.519456
-0.0380858
0.0982231
-0.425977
-0.210662
0.291979
-0.399699
-0.745414
0.609877
0.48045
-0.581418
-0.683207
-0.409105
0.411098
0.043704
-0.443403
-0.723977
0.333854
0.49569
-0.0771075
0.246902
0.656007
0.485912
0.849225
-0.194769
-0.217941
-0.899742
0.459414
-0.312815
-0.33155
0.266464
-0.0267785
0.245229
0.38825
0.547173
0.446916
0.223896
-0.536711
-0.466749
-0.319181
0.938517
-0.579355
0.712977
-0.702733
0.332736
0.927165
-0.331377
0.798126
-0.391948
0.330465
0.800187
0.513164
-0.525487
-0.858223
0.241858
0.885068
0.287233
0.0457258
-0.479269
-0.264251
0.673633
0.787621
0.0713459
-0.100879
0.600161
-0.798108
-0.42898
0.825556
-0.132733
-0.916742
-0.0288748
0.0082537
0.710847
-0.00338394
-0.303124
-0.199608
0.158285
0.475154
0.286566
0.42422
0.562878
-0.0762497
-0.00099409
-0.536612
-0.529968
-0.846428
-0.264771
-0.322085
-0.501182
0.303158
0.746806
-0.384649
0.589348
-0.431827
-0.0445914
0.914297
-0.242279
-0.0375438
-0.467736
0.104771
-0.59765
0.187374
-0.0697892
0.017316
-0.94113
-0.373951
-0.731103
0.175368
-0.449817
-0.695712
0.481303
0.87437
0.447384
-0.617378
-0.62932
-0.189598
-0.0637063
-0.154749
0.299771
0.618957
-0.0925862
-0.0634415
0.745576
-0.436751
0.478987
-0.508637
0.0802806
-0.297892
-0.490393
-0.156117
-0.917269
-0.548303
0.128839
4.46541e-05
0.497003
0.0413995
-0.346235
-0.33434
0.209974
-0.546801
-0.664964
-0.120852
-0.84745
-0.488339
-0.527047
0.272667
-0.13409
-0.767403
-0.521812
-0.186776
-0.887334
0.734784
-0.277745
-0.804791
-0.557281
0.691371
0.101764
0.747111
-0.0234443
-0.0364093
0.839554
0.42774
-0.738725
-0.489468
0.555953
0.337755
0.688774
0.976993
-0.181958
0.210891
-0.230449
-0.863695
0.20235
-0.588496
-0.573963
0.62659
-0.495921
0.768903
-0.155906
-0.805368
0.00173884
-0.251204
-0.339296
-0.469703
0.703295
-0.532261
-0.179587
0.62565
-0.404462
0.852725
-0.296248
0.635544
-0.567729
-0.0378509
0.90951
0.0184482
-0.993334
-0.0493178
-0.800974
0.0232505
0.297015
0.456129
-0.405594
0.773707
-0.0167756
-0.240803
-0.963013
-0.807314
0.565026
-0.428556
0.615496
-0.544883
-0.150069
0.166844
-0.00724316
0.573216
-0.423985
0.783652
0.271931
0.771457
-0.448497
-0.237838
-0.569285
-0.0773066
0.663179
-0.0871636
-0.681268
-0.335787
0.828348
-0.673072
0.392195
0.392378
-0.737053
-0.035958
-0.476094
0.126616
-0.127829
-0.204004
0.826926
0.871622
0.464898
-0.0856353
-0.877578
0.376794
-0.87041
-0.269197
0.647499
-0.0295746
-0.0199974
-0.59026
-0.118991
-0.200747
0.232911
0.103322
-0.470782
-0.118281
0.0452086
0.0168035
-0.019291
0.205399
0.232696
-0.729005
-0.622565
-0.814569
-0.457994
-0.658765
-0.521849
-0.363042
-0.641131
-0.630847
0.676713
0.319149
0.546914
-0.350518
0.637834
0.765265
-0.585944
0.0115704
-0.301297
0.286909
0.861379
-0.142229
-0.867417
-0.65507
-0.276402
-0.158426
-0.415859
-0.717156
-0.135781
-0.558207
-0.635295
0.28534
0.0465948
0.521848
0.518843
-0.00904621
-0.0611915
-0.231188
0.193663
-0.620367
-0.523373
0.871759
0.180088
0.0844535
-0.838259
0.235942
-0.229922
0.715106
-0.187121
0.315416
-0.388455
0.568543
0.350582
0.188841
0.852234
0.34167
-0.694884
-0.0345029
-0.981061
0.369516
0.573941
0.375099
0.00423608
-0.115984
-0.153337
0.848221
0.196968
-0.440996
0.268023
0.339626
0.879849
0.0116879
-0.457724
0.569352
0.520439
-0.661751
-0.0554566
-0.41252
-0.687623
0.453188
-0.862915
-0.525966
-0.571515
0.0919538
0.459882
-0.515338
-0.789666
-0.438251
0.221294
-0.296687
0.706539
-0.10337
0.66211
-0.587569
-0.168048
-0.921753
-0.105619
-0.424984
0.590484
0.065412
0.139005
0.0607582
-0.545382
-0.0163823
0.0677672
-0.0545178
0.988604
0.466447
0.103516
-0.242521
-0.866468
0.815383
0.240585
0.308352
-0.898273
-0.745688
0.535375
-0.393513
0.750119
-0.281978
-0.461983
-0.239964
0.960297
0.792062
0.60691
0.898967
-0.259115
-0.242501
-0.927293
0.0398903
0.559375
0.235132
-0.353519
0.189644
0.702425
-0.219974
-0.0975406
0.291576
0.819841
0.178287
0.57748
0.872948
-0.350972
0.464527
0.551304
-0.461668
-0.552223
-0.750797
0.130714
-0.708055
0.354604
0.0340555
0.90631
-0.413227
0.258464
0.0467718
-0.872673
0.0367659
-0.847841
-0.696178
0.705719
0.233616
0.411937
-0.0234724
0.0648283
-0.829028
-0.520343
0.158987
-0.840787
-0.261619
-0.194905
0.0309975
0.962938
-0.902737
-0.0981883
0.606144
-0.321745
-0.379499
-0.417246
0.221267
-0.244653
0.384812
-0.346065
0.444253
-0.666177
-0.987922
-0.0439155
0.461161
0.714995
0.959648
0.163408
0.610595
-0.662647
0.195802
-0.100677
0.402592
0.288182
-0.0326633
-0.368989
0.0103019
0.194254
0.856901
0.0197562
0.450434
0.417028
-0.408346
-0.839953
0.737003
0.521625
0.622443
-0.159911
0.14536
0.264559
0.867474
-0.290627
-0.13058
0.65709
0.178715
0.320709
-0.480621
-0.287058
-0.0520929
0.472107
0.375615
0.25091
0.104175
-0.885784
0.0539127
0.359834
0.530934
0.0580098
-0.436935
0.89202
0.218767
0.612993
0.892549
0.251937
0.405277
-0.297849
0.206939
0.836799
0.856851
-0.133351
0.78009
0.326903
0.842462
-0.35985
-0.657698
-0.200419
-0.348415
-0.504967
0.411809
-0.257969
0.0327596
0.61292
-0.671676
-0.33792
0.133
-0.433824
-0.134728
0.797613
-0.419695
-0.45999
0.147226
0.319079
-0.656999
-0.176649
0.0370269
0.889319
0.20583
-0.176143
-0.0101477
-0.205935
0.179108
0.266986
-0.605226
0.763228
-0.194963
0.507389
0.368274
-0.491821
0.720019
-0.0302598
-0.487332
-0.114083
-0.753181
0.271158
-0.377386
-0.480117
-0.950479
-0.181755
0.0324715
0.640007
0.75409
0.383962
-0.655119
-0.361338
-0.508696
0.2498
0.0759418
-0.585656
0.265242
0.66361
0.183413
-0.151062
0.0928308
0.236974
-0.486774
0.657641
0.243297
0.508418
-0.172027
-0.768588
-0.665007
-0.283092
0.179708
-0.436675
-0.0382016
-0.437384
-0.000100424
0.985401
0.49394
0.844279
-0.19972
0.674604
-0.252588
0.216547
0.560392
0.269714
-0.220325
0.852764
0.594868
0.485657
-0.157909
-0.258926
-0.0138794
0.280351
0.0727661
-0.111869
0.667947
0.192138
-0.815695
-0.40807
0.00498994
-0.0874092
0.36776
-0.875912
0.987781
0.125175
0.317314
-0.426316
-0.308356
0.567072
-0.0405767
0.487364
0.810501
0.00508088
-0.445607
-0.814005
0.469734
-0.608767
-0.381573
-0.4765
-0.963863
0.252787
-0.151573
-0.810922
0.328776
-0.601784
0.77723
0.211848
0.274973
-0.281794
-0.259269
0.205073
0.408693
0.101986
0.102408
0.364503
-0.520679
-0.843048
0.585162
0.523666
-0.91894
-0.145444
-0.348635
0.632502
-0.623881
-0.730091
-0.194919
0.622686
0.146352
-0.448067
-0.726031
0.495854
0.458255
-0.596417
0.326508
0.399339
0.393335
0.0658602
0.974011
0.07211
0.00552124
-0.29441
0.890827
-0.346882
-0.0427198
0.649349
-0.175294
-0.270759
0.342869
-0.790953
0.472797
-0.232015
0.844187
0.306686
0.242608
-0.183744
-0.704606
0.554608
0.703913
-0.705744
-0.87925
0.328043
0.0644688
-0.366786
0.342999
-0.0664725
0.62108
-0.0654204
0.771164
0.0587187
-0.00756867
-0.272217
-0.754859
-0.566602
-0.633075
-0.466448
0.531869
-0.625692
-0.68441
0.71785
-0.280306
-0.501329
-0.288763
-0.63106
-0.728917
0.281676
0.535831
-0.204456
-0.507489
0.227507
0.919486
0.14778
0.127191
-0.775198
0.217435
-0.923252
0.300617
0.258132
-0.485639
-0.387855
-0.535635
0.430783
-0.117858
0.101281
-0.798721
0.307733
0.569519
-0.0034558
-0.509738
-0.447685
0.45486
-0.203392
-0.0788614
0.0638451
-0.371578
-0.179965
-0.000124678
0.354841
0.409999
0.522691
-0.863848
-0.352182
-0.589415
0.760236
-0.262496
-0.29536
0.366203
-0.38011
0.858092
0.225022
-0.56956
0.0315783
0.518458
-0.049273
0.946348
-0.154971
0.548847
-0.0206969
0.445083
0.304594
0.08066
-0.710847
-0.853184
0.466005
0.651308
0.455593
0.653857
0.207379
0.672793
0.116993
0.942186
0.291667
0.597349
-0.226366
-0.173913
0.830647
-0.339893
0.440425
-0.0989573
-0.446018
0.117928
-0.869791
-0.0807979
-0.0830887
0.393486
0.650801
0.0214754
0.76818
-0.52989
-0.318579
-0.495687
-0.723278
0.693091
-0.109856
-0.608718
0.0622087
0.581921
0.439027
0.839251
-0.0792626
-0.0926914
-0.445574
-0.91562
0.0299903
-0.092199
0.502972
0.685286
-0.422344
0.337964
0.37863
-0.470829
-0.838606
-0.780605
0.244468
-0.150238
-0.0227647
-0.271306
-0.336916
-0.297705
-0.507625
-0.369926
0.0573012
0.20225
0.0873932
0.649247
-0.323419
0.472118
0.082837
0.666097
-0.665257
0.722559
0.500721
-0.588114
-0.64867
-0.972089
-0.0940744
-0.176911
0.485053
0.473866
0.135375
-0.21416
0.13788
0.331813
0.881236
-0.356724
-0.0205607
-0.42169
0.57409
0.0975242
0.199462
-0.8318
-0.288351
-0.167768
0.798279
-0.630812
-0.702656
0.70805
0.620192
-0.0173701
0.946996
0.672592
0.720422
-0.83409
-0.250731
0.0204746
-0.82958
0.881039
0.0554228
-0.740956
0.271652
0.350208
-0.157534
-0.0915579
-0.326546
0.625332
-0.49899
0.815992
-0.401436
-0.891765
-0.391222
-0.548756
0.730465
-0.0570112
0.0930937
0.592084
-0.343575
0.745012
0.242659
-0.65646
0.538537
0.377664
0.00812405
-0.246133
0.438972
-0.0535506
-0.0903178
-0.146804
-0.00208306
0.739038
0.137279
-0.0557193
0.483685
0.252571
0.57787
0.554468
0.410627
-0.557271
-0.531982
-0.789054
0.210534
0.691353
0.0152498
0.121271
0.618684
-0.427738
0.0827579
-0.106375
0.947239
0.157773
0.179922
0.195172
-0.511812
0.130496
-0.312387
-0.691964
-0.442306
-0.435659
0.843337
-0.738766
-0.442675
0.291801
0.832261
0.148704
-0.284382
0.365298
0.824824
0.831048
-0.218256
0.434025
0.53732
-0.360543
0.758613
0.0429952
-0.731593
-0.556417
-0.484061
0.702316
0.0785325
-0.445463
-0.803856
0.578109
0.583873
0.0931199
0.362397
-0.77069
-0.109522
-0.496986
-0.287219
0.331491
-0.394249
-0.35031
0.593952
-0.700172
-0.517074
0.719827
-0.666855
0.194491
0.917888
0.312137
0.567746
0.161698
0.636132
-0.562993
-0.396943
0.129577
-0.236913
0.154801
-0.278304
-0.84605
-0.204962
0.841094
-0.506975
0.0944373
-0.296342
0.533255
0.66443
-0.284377
0.796533
-0.493906
-0.250847
0.817258
-0.0626468
0.00469932
0.63454
-0.546641
-0.804771
-0.605476
0.779664
-0.766971
-0.568598
0.798942
0.526008
-0.553191
-0.147166
0.951937
0.201618
0.626458
-0.00950477
0.668956
-0.0169281
-0.264361
-0.228202
-0.034027
0.014365
0.215983
-0.898428
0.840487
-0.33839
0.673599
0.623978
-0.0150311
-0.942031
0.0883643
0.338404
-0.646438
0.705589
0.73665
0.538593
-0.250525
0.0195673
0.107152
-0.361937
0.179994
-0.00758166
0.884367
0.0092435
0.484808
-0.553243
0.815756
0.551141
0.164739
0.0712385
0.266754
-0.640893
0.987672
0.148852
0.523018
0.506503
-0.470831
-0.816024
0.768598
-0.127551
-0.0916384
-0.0315319
0.635294
-0.277317
0.78382
-0.313564
-0.129587
0.0362276
-0.163779
-0.571468
-0.603
0.0980953
-0.0732003
0.715053
-0.19967
-0.384619
-0.860144
-0.0438207
0.20148
-0.95147
-0.206887
0.0872022
-0.662288
0.293099
0.852741
-0.38783
-0.444745
-0.64108
0.43526
-0.562313
0.981716
-0.142256
-0.767438
-0.581686
-0.432038
-0.469258
-0.516935
0.681353
-0.806976
-0.0361579
0.396991
0.542711
0.478079
0.0635071
-0.45373
0.873559
0.554912
-0.141144
0.177302
0.809939
0.35265
0.924573
0.838837
-0.535576
0.532205
0.325311
0.295975
-0.95265
-0.314538
-0.0809098
0.655203
-0.598215
0.428944
0.730397
0.701382
-0.0696744
-0.369103
-0.562541
-0.747039
-0.375104
-0.499587
-0.771286
0.0542424
-0.728387
0.497551
0.0835593
0.6461
-0.118904
0.494008
0.149477
-0.920764
0.0304807
0.48587
0.160623
0.652052
-0.186149
0.00314309
-0.0661732
0.124511
-0.742864
0.736264
-0.412522
-0.573146
-0.542105
0.728254
0.0346616
0.100835
-0.228271
-0.206183
0.67313
0.519629
-0.820639
-0.0427728
-0.964815
-0.190013
0.749031
-0.480428
-0.140579
0.365925
0.478682
-0.226076
0.904868
0.313701
0.16526
-0.578639
-0.693247
0.542678
-0.324845
0.365713
-0.69015
-0.108985
0.772949
-0.08454
0.508346
-0.492003
0.345304
-0.43149
0.629474
-0.477453
0.635316
-0.408265
-0.0916245
0.0552117
0.365055
-0.363885
0.598655
0.214893
-0.0659717
0.0623301
0.172133
0.223593
-0.555272
-0.090495
0.0416472
-0.0636549
0.0299964
0.109445
-0.773549
-0.280062
-0.0197352
0.905613
-0.239945
0.75411
0.352176
0.382173
-0.0288078
0.772569
-0.566947
0.955196
-0.0113925
-0.192664
0.875116
0.227292
0.149949
0.178756
0.79369
-0.360637
-0.796642
-0.808035
0.44982
0.924224
0.315286
0.0163819
0.643545
-0.25301
-0.207229
0.158554
0.271437
0.587271
-0.27197
0.0694852
0.935478
0.849511
-0.40636
-0.613589
0.707241
0.795685
0.237364
0.736728
-0.421212
0.100543
0.743397
0.0340854
0.906707
-0.226894
-0.148853
0.829744
-0.105464
0.690863
-0.484918
-0.599533
-0.515076
-0.41206
-0.900586
0.892653
-0.388674
-0.49719
-0.510713
-0.0296725
0.206695
0.72177
-0.0886522
0.749305
-0.188525
-0.603027
0.551011
-0.230087
-0.470339
0.677034
-0.692528
0.682751
-0.65231
0.840835
-0.417704
0.017962
-0.526227
-0.396773
-0.0724049
0.60504
-0.606361
0.258671
-0.854224
0.271928
-0.586713
-0.352729
0.893961
0.14201
0.611486
-0.285086
-0.182104
0.0180461
0.760962
0.20613
0.401952
-0.295913
-0.320317
-0.931803
-0.324568
0.506673
0.216376
0.0322035
-0.331387
0.707451
-0.582945
-0.141804
0.238605
0.676527
0.281675
0.498564
-0.602384
0.127103
-0.0923152
-0.319566
0.154485
0.682561
0.25605
-0.343664
0.696823
0.299207
-0.49963
-0.0109699
-0.562465
0.00480271
-0.315547
0.377535
0.409276
0.106099
-0.642552
0.142182
0.00362883
0.208104
-0.610243
0.33239
-0.0822649
-0.132325
0.425485
-0.146685
0.634127
-0.039433
0.946804
-0.680932
-0.118086
0.120428
0.829636
-0.907098
0.396051
-0.444
0.492399
-0.0204278
0.187929
-0.565036
0.620288
-0.750196
0.145181
0.541231
0.513235
0.00563484
-0.794204
0.374606
0.914041
0.534329
-0.844936
0.190791
-0.580634
-0.237928
0.649132
0.447134
-0.359967
-0.957137
-0.00706232
-0.296231
-0.391857
-0.798763
0.390168
0.043098
-0.176709
0.536675
-0.228976
0.236038
-0.641448
-0.726346
0.123515
-0.527647
0.300837
-0.0197415
0.932852
-0.489917
0.666038
0.307486
0.490781
0.476458
0.674368
-0.66837
-0.279703
-0.860615
-0.409327
0.0737492
-0.413646
0.75623
-0.0320636
0.470916
0.459259
-0.407281
-0.159554
0.91161
-0.113578
-0.379893
-0.311813
0.343877
0.6961
0.15536
0.819159
-0.39431
-0.0816345
-0.133561
-0.768707
-0.754947
-0.634111
-0.317099
0.635516
0.279807
0.304967
0.274373
0.834806
0.932937
-0.0126938
0.553304
0.791821
-0.427338
0.728914
-0.0338806
-0.297632
0.278115
-0.642037
0.170628
-0.680385
0.52783
-0.533259
0.403662
0.850993
0.558138
0.483231
-0.113667
-0.453058
-0.719324
-0.24741
0.780669
-0.193501
0.0444941
0.823108
0.306339
-0.246114
0.674218
0.496924
-0.722049
0.0903044
0.337459
0.269944
-0.454275
-0.867903
-0.470535
-0.493987
0.704039
0.46087
0.407077
0.0630993
-0.923161
0.376521
-0.367302
0.862437
0.306851
0.714916
-0.727482
0.117514
-0.0895591
-0.814593
0.191113
0.91103
-0.773468
-0.186648
0.181307
-0.218188
0.73446
0.0694897
-0.402528
-0.63361
0.923866
-0.273364
0.0742581
-0.0620529
-0.280241
0.114262
-0.0395874
0.720616
-0.194847
0.783902
0.128697
0.627628
-0.761238
0.155092
-0.410658
0.435441
0.182867
-0.169482
-0.330081
-0.731247
-0.345672
-0.234195
-0.389068
0.142683
-0.578124
0.156457
0.325939
-0.559095
0.499316
0.650446
0.0506783
-0.789359
0.942501
-0.0549394
0.0424222
-0.390084
0.416646
0.85381
0.0173197
0.509461
0.0205683
0.983655
-0.0385941
-0.951073
-0.341156
0.070363
-0.229946
-0.517908
-0.593638
-0.37313
-0.904081
0.344326
-0.307395
-0.33558
-0.416596
0.453851
0.211653
0.14657
0.0880635
0.328669
-0.221527
0.170079
-0.493836
0.00322058
-0.300206
0.250063
-0.362757
0.744533
0.570818
-0.201563
-0.807535
-0.263002
0.857659
-0.0847663
-0.922928
-0.000460701
0.636246
0.0576573
-0.874265
0.372447
-0.485946
0.5837
-0.625175
0.237517
0.828447
0.199223
-0.64854
0.0764168
-0.549761
-0.51703
0.012075
0.616486
0.362321
-0.345603
-0.181744
-0.512902
0.0490867
-0.553215
0.441874
0.353284
-0.71971
-0.325309
0.839573
0.252125
-0.716677
0.283388
0.369758
-0.728012
0.00191131
0.262209
-0.065732
-0.407734
-0.720968
-0.18455
0.0743531
-0.21842
-0.320065
0.604931
0.283857
-0.75334
-0.288442
0.639798
0.251329
0.304355
-0.215587
-0.174125
-0.636503
0.312156
0.368915
0.746603
-0.386401
0.603632
-0.676822
-0.523711
0.166348
0.643291
-0.258866
0.230426
-0.493147
-0.00115987
-0.297952
0.114609
-0.493187
0.43569
-0.0789811
-0.586113
0.816539
0.15799
-0.637407
0.743913
0.0614511
-0.45611
-0.430884
0.46442
-0.100941
0.7387
-0.95346
0.248693
-0.0422608
-0.982859
-0.813525
-0.240907
0.755171
-0.342901
-0.958513
0.0126122
0.261305
-0.792983
-0.103898
0.918175
0.671372
-0.646469
0.989369
0.0785147
0.0911269
-0.550822
0.343805
-0.69183
0.606511
-0.0190633
0.692829
0.627641
-0.467841
-0.131871
-0.629928
0.552141
0.152002
0.55006
0.856764
0.497495
-0.127423
0.833155
0.488587
0.0377279
-0.640059
0.595438
0.562262
0.183121
-0.944402
-0.229365
-0.594989
-0.0886798
-0.369694
-0.235914
0.362226
-0.691208
-0.478646
-0.63118
0.545789
0.809123
0.0410963
-0.411358
0.927942
-0.196725
-0.357887
0.177841
0.233613
0.280601
-0.666879
-0.395993
0.370225
-0.113898
-0.298392
0.246069
0.252706
-0.356356
0.31429
-0.0406308
0.629795
0.357147
0.713128
-0.0540337
-0.531585
0.719182
0.29194
0.879138
0.370044
0.291318
-0.945633
0.0474659
0.448586
0.258566
0.909132
0.10373
-0.979064
0.107327
0.766021
0.0841091
-0.737734
-0.31891
0.559057
0.782294
-0.315115
0.577008
-0.103463
-0.379701
-0.00768256
-0.94073
0.0809641
-0.874689
0.402884
0.541394
-0.282997
-0.906545
0.183026
-0.882879
0.18675
0.0696458
-0.537332
0.810857
-0.92234
-0.256894
-0.080503
0.193301
-0.893906
0.318456
0.420696
0.858306
-0.597621
0.00690505
0.263799
-0.00771959
-0.20102
-0.657291
-0.0851073
0.766121
-0.624428
-0.700069
0.375018
-0.315076
-0.644454
-0.207715
-0.300034
-0.608371
-0.267032
0.867697
0.373501
-0.449383
0.671432
-0.11266
0.0834331
-0.502383
-0.615171
0.299339
-0.359172
0.511344
-0.293935
-0.396785
0.221741
0.578631
-0.755997
0.18041
0.578919
0.352718
0.175604
-0.418221
0.385764
0.498677
-0.660309
-0.255
-0.926124
-0.0563005
-0.153277
-0.0331408
0.770688
-0.328843
-0.387892
0.227884
-0.432627
0.234009
0.267268
0.305569
0.717072
0.58713
0.639725
-0.367909
0.595793
-0.562236
-0.551336
-0.58578
