0
0
0.451448
0.624596
-0.0638435
0.469763
0.585982
-0.773404
-0.155429
0.33973
-0.243777
-0.172628
-0.329909
-0.0564045
0.69955
-0.462135
-0.235539
-0.680099
-0.0198286
0.996219
-0.405937
0.719411
-0.215483
-0.55195
-0.641029
0.315024
0.768458
-0.00608775
-0.250291
0.315104
-0.889433
0.277504
0.712836
-0.55717
-0.872194
0.426241
0.432328
0.650944
0.966048
0.194479
0.140056
0.452659
-0.0579973
0.265228
-0.619094
0.593145
0.233797
-0.890527
-0.573146
-0.255814
0.09721
0.776956
0.338224
-0.593545
-0.145937
-0.903507
-0.624458
-0.00733214
-0.465531
-0.512856
0.115357
0.155646
0.660323
0.506186
-0.409694
-0.864542
-0.871874
-0.121721
0.634577
-0.259595
-0.258457
0.738022
-0.60276
0.617102
-0.383561
0.848934
-0.738102
0.353549
-0.601235
0.585346
-0.288499
0.505386
0.128051
0.290368
-0.941651
0.00770783
0.0655861
0.468234
0.604357
0.131502
0.465095
-0.729786
-0.54171
-0.63963
-0.434362
0.693587
0.394358
-0.510056
-0.648428
-0.167447
-0.678924
-0.596106
0.646547
0.561558
0.608655
0.594154
-0.335079
0.2104
-0.377848
-0.212356
0.24715
0.500113
0.118619
0.418131
0.0122845
-0.175139
-0.135605
-0.671179
-0.540677
0.576045
-0.0761575
0.89488
-0.645899
-0.000719779
0.727993
-0.503089
0.834258
-0.302179
0.582214
0.669316
0.457143
0.308094
0.122429
-0.19544
0.577845
0.392997
0.632067
-0.0232556
-0.17395
0.83835
-0.966988
0.0105114
-0.242448
0.952609
0.502149
0.539915
-0.204919
0.553983
-0.74298
0.580569
-0.791665
-0.42394
0.0602443
-0.498383
-0.0489247
0.978063
-0.143953
0.795801
0.376369
0.0392736
0.875864
0.431435
0.119121
0.700638
-0.290609
-0.214398
-0.0101992
-0.43664
-0.475913
-0.568017
0.012925
0.697094
0.306691
0.854356
-0.372061
-0.839813
0.276453
0.643451
-0.338595
-0.695514
0.616998
-0.62605
-0.783713
-0.476129
0.315942
0.16793
-0.811381
-0.457231
-0.441063
-0.242965
-0.546647
-0.308249
0.54737
0.481738
-0.637511
-0.737803
-0.330198
0.177675
-0.200524
-0.3807
-0.514923
0.416778
0.108029
-0.715393
-0.662869
0.532668
-0.708213
-0.444816
-0.119775
-0.605724
0.9936
-0.0258798
0.0136193
0.243701
0.65998
0.0689726
-0.147729
-0.20501
0.395629
0.568199
-0.86605
0.379779
0.676521
0.0763421
-0.624348
-0.624294
0.247922
0.305337
0.802134
-0.586348
-0.034772
0.837856
-0.224036
0.965502
-0.0282244
-0.774578
0.738893
-0.169253
0.510461
0.604235
0.186975
0.827675
0.885077
0.0278497
-0.40785
-0.298437
0.485412
-0.39502
-0.280097
-0.494508
0.451016
-0.357982
-0.292032
-0.3319
-0.0600365
0.161776
-0.588924
-0.639826
0.391671
0.443286
-0.801268
-0.376979
-0.542143
0.726342
-0.0916174
0.089203
-0.729029
0.372863
0.296033
-0.399882
-0.242569
-0.837533
0.930833
-0.184289
0.367969
0.771164
0.451705
0.746122
0.373711
0.248395
-0.470627
0.213413
0.228755
-0.583241
0.576342
0.73102
0.580727
-0.0843747
-0.647127
-0.641158
-0.402348
-0.451291
0.222612
-0.67389
-0.112797
0.350025
0.4344
-0.195582
-0.83674
-0.327324
-0.158935
0.8909
0.67863
0.0341723
-0.936749
-0.242596
-0.93612
0.0362602
0.117787
-0.304015
0.748604
0.242469
-0.0399768
0.485443
0.0199223
-0.440659
0.784217
-0.0965143
0.886385
0.0276655
0.44507
-0.575803
-0.3798
0.770671
0.577483
-0.379419
-0.883329
-0.436255
-0.596649
0.228224
0.138102
-0.687298
-0.687539
-0.019428
-0.398847
-0.409494
0.714369
0.13556
0.715108
0.297497
0.908335
0.170579
0.640679
0.489929
0.754951
-0.39822
-0.259099
-0.000928694
-0.879411
-0.240606
0.177857
-0.590288
0.460486
-0.336729
-0.137989
0.110648
0.193548
0.518419
0.804979
0.269556
0.795054
-0.583524
-0.265477
0.655983
-0.352033
0.142665
0.498362
0.196485
0.034508
0.589117
-0.468735
0.436144
0.569004
0.484215
0.202082
0.412913
-0.609398
0.160214
-0.74933
-0.601814
0.0379583
0.718553
0.567686
0.058703
-0.170621
0.102722
-0.803166
-0.394645
-0.0385506
-0.259763
0.477828
-0.864405
0.537576
-0.0763618
-0.174538
0.742959
-0.422563
0.658442
0.196019
0.723032
-0.346725
-0.587023
-0.311473
-0.846872
0.526166
0.129509
0.81448
0.479534
-0.273571
0.198462
-0.169387
-0.137474
0.984347
0.153891
-0.2834
-0.90043
0.379964
0.883679
0.0821403
0.0773941
0.410326
-0.648295
0.129154
0.773587
-0.2841
-0.114805
-0.212685
-0.417541
-0.0710761
0.183748
-0.111021
0.0825893
-0.561498
-0.48909
-0.278331
-0.172891
-0.00429631
-0.224753
-0.26233
0.948665
0.050273
-0.510216
0.104192
-0.463658
-0.463778
-0.449858
0.500131
0.00351432
-0.699775
-0.0799439
-0.369112
-0.181759
-0.616199
-0.740029
-0.337708
0.0850076
0.0885219
0.240529
-0.320473
-0.681879
0.680854
-0.455004
-0.713205
0.612715
-0.284566
-0.224931
-0.0627702
0.247913
-0.0362091
-0.827702
-0.0348392
-0.505332
0.889777
-0.153801
0.378731
-0.733986
-0.362212
-0.321237
0.710258
0.605504
-0.259996
0.80573
0.823268
-0.506624
0.680968
-0.326314
0.767815
0.613958
-0.632066
0.333937
0.281465
0.515053
-0.285944
-0.32936
-0.238422
-0.133799
0.317446
-0.509662
0.353741
0.014581
-0.967884
0.115503
0.00247263
-0.897361
0.989036
0.124857
-0.577689
0.707092
-0.448939
0.0474547
-0.42997
-0.799504
0.043879
0.751517
-0.196675
0.016122
0.514786
0.130753
0.443095
-0.713805
0.864362
-0.0632874
0.135105
-0.373316
-0.389438
-0.691893
-0.483723
-0.106782
-0.306067
-0.781902
0.778182
0.322689
-0.548047
0.651959
-0.343852
0.830738
0.742844
-0.393157
-0.175059
0.241593
-0.564282
-0.749356
0.550174
0.201997
0.139481
-0.697657
0.525232
0.689772
0.467568
0.11648
-0.0697211
0.473339
-0.702187
-0.331959
0.0147313
0.544368
0.378271
0.533593
0.417792
-0.542767
0.491552
0.0541571
-0.603097
0.16984
-0.573873
-0.652454
0.588701
-0.489229
0.74777
-0.424474
0.499673
-0.449961
0.434398
-0.778725
-0.246378
-0.363737
0.00146003
0.108515
-0.863759
-0.109009
-0.876941
-0.175286
0.757291
-0.0812749
0.865686
0.37752
0.435492
0.221857
0.119497
-0.297098
-0.6189
0.697219
0.217033
-0.545515
0.356863
0.874596
-0.519007
-0.363893
0.163123
0.470072
-0.698084
0.6328
-0.360709
0.332668
0.579177
-0.23146
-0.229973
-0.110276
0.520071
-0.585474
0.883572
-0.0833369
-0.416005
-0.682017
-0.389781
-0.660841
0.790899
0.477023
-0.835714
0.328072
0.564945
0.406469
0.374171
-0.269015
0.170904
0.153408
-0.235072
0.0300949
0.277145
0.0468814
0.134861
0.747899
-0.563617
-0.445699
0.359883
0.791225
-0.82132
-0.345616
0.392498
-0.713846
-0.521722
-0.577375
-0.436553
0.74185
0.00475561
-0.607215
0.383935
-0.281992
0.278451
0.656934
-0.263945
0.070179
0.25696
0.404018
-0.301487
0.619119
-0.830349
-0.210427
0.385587
-0.0175639
-0.641631
0.0590742
-0.186163
-0.103298
-0.722417
0.495709
0.706137
-0.612771
-0.630334
-0.74622
0.805294
-0.375391
-0.190071
0.468725
0.29037
0.437932
-0.363642
0.237917
0.427988
-0.702484
0.660143
0.367354
0.511716
-0.267177
-0.203399
0.130986
0.383014
0.865102
0.641569
0.376082
-0.776286
-0.360856
0.0819567
0.279851
-0.431639
0.0100557
0.762448
0.501147
-0.00260676
0.423393
0.371488
0.839882
0.540595
0.41863
0.186765
-0.398203
0.0560674
-0.406671
-0.331701
0.855704
0.425543
-0.423776
0.251666
0.127044
-0.798577
0.0920924
-0.0184751
-0.383409
0.332531
0.538758
-0.411054
-0.838691
0.364212
0.801878
-0.951558
-0.0920809
0.125499
-0.336568
-0.518424
0.562133
-0.130045
0.597848
-0.377634
-0.177082
0.0441956
0.0389139
0.153644
-0.408178
-0.392954
0.753411
-0.177882
0.824882
0.515084
-0.384143
-0.424016
0.61872
0.491367
-0.157892
-0.403617
0.457084
-0.186605
-0.096525
0.968473
-0.245465
0.864186
0.0140106
0.301438
0.130248
-0.419246
0.395277
0.170118
0.665208
0.0997583
0.436186
0.142787
-0.242489
-0.549609
0.0386371
0.822447
0.227012
-0.81149
-0.472782
0.00655541
0.0875352
-0.771623
-0.493228
0.507871
-0.215879
0.131606
-0.198022
-0.0419884
-0.0316561
-0.346266
-0.820993
0.549861
0.211493
-0.0488519
0.612782
0.798171
0.467076
-0.506068
0.174956
0.539514
0.389414
-0.649935
-0.0330161
-0.737679
0.178887
0.283798
0.47035
0.80582
-0.382799
0.515768
0.497568
-0.540715
0.288851
0.772007
0.453804
0.382333
-0.459699
0.356279
-0.832977
0.105874
0.617236
0.30796
0.575388
0.505518
-0.572384
0.377407
0.111103
-0.287004
0.689398
-0.716555
0.291926
0.393395
-0.691118
-0.72579
-0.0517711
0.852149
-0.517075
0.722048
-0.0292704
0.775974
0.357366
-0.906899
0.283067
-0.293698
0.449877
-0.751056
0.0064697
-0.431003
-0.617319
0.359585
-0.220265
-0.0437863
-0.12534
0.687646
0.043663
0.655954
-0.00177611
-0.559529
-0.381989
-0.614932
0.088094
0.476949
0.359752
0.578193
0.593527
-0.343492
-0.563163
-0.813883
0.125891
-0.076877
-0.279333
-0.00784206
-0.663159
0.161835
0.193125
-0.319754
0.900229
-0.662549
-0.194492
-0.375867
0.687036
0.855179
-0.230442
-0.615189
-0.111298
-0.961771
-0.267898
0.18118
-0.588617
-0.814329
0.435222
0.235113
-0.635475
-0.816655
-0.490949
-0.305278
-0.656104
0.593084
-0.729499
0.488106
-0.362811
0.19597
-0.745659
0.113236
0.455008
0.35734
0.162614
-0.383496
-0.15646
0.261863
0.181149
-0.475082
0.875595
-0.330603
0.722757
0.689798
-0.308468
-0.941152
0.132051
-0.611519
-0.524829
0.0727608
-0.290235
0.878552
-0.0831039
-0.771046
-0.419802
0.688669
0.719164
0.859853
0.183357
0.356224
0.706554
0.0438187
0.690494
-0.443404
-0.0543858
-0.41061
-0.761197
-0.282903
-0.0825903
0.795474
0.144788
-0.534711
-0.71546
0.338363
0.606801
0.0421085
-0.240219
0.285637
-0.066653
0.211441
0.442522
-0.157982
0.863879
0.768074
0.271784
-0.0439676
0.550135
-0.630974
0.145008
-0.922366
0.295516
-0.0466261
-0.873342
0.704413
0.037201
0.879664
-0.286373
0.157167
0.975322
0.241245
-0.129769
0.00311128
0.0691643
-0.106365
-0.80911
-0.0952958
0.491845
-0.209178
-0.62082
0.553892
-0.565893
0.853765
0.0804027
-0.170446
0.84885
0.0827063
-0.522297
-0.143117
0.242712
-0.808605
0.33522
-0.415623
-0.439231
-0.213297
-0.212137
-0.171479
-0.110982
-0.0231655
0.550152
0.468216
0.705326
-0.181902
-0.714098
-0.0352837
-0.128152
-0.239134
-0.29279
-0.496342
0.0220853
-0.541617
0.692103
-0.406201
-0.539966
0.522605
0.0570065
0.263769
-0.876072
0.138372
0.98711
-0.324407
0.861971
0.58549
0.46834
0.792188
-0.598115
0.167708
-0.126564
0.150363
-0.984445
-0.630955
-0.393025
-0.861365
0.0413473
0.639462
0.669094
0.557274
0.588503
0.357487
0.127676
-0.205397
-0.0356194
-0.476446
0.589012
0.247795
0.403365
0.266927
-0.337796
-0.542682
0.40419
0.439809
-0.862236
-0.309964
0.917009
0.806537
0.14935
-0.954418
0.242674
-0.185492
-0.472507
0.220586
0.865806
-0.295762
0.799955
0.383903
-0.14447
-0.692027
0.613628
-0.271357
-0.316853
-0.246677
0.336293
0.76229
0.415335
0.905327
0.341052
-0.678985
0.0420246
0.332023
0.586219
0.782232
-0.0910346
0.810218
0.0598942
0.687991
0.271978
0.186039
0.386975
-0.189655
0.361111
0.00793647
0.570587
-0.734322
0.462771
-0.212758
0.0147367
0.626586
0.301527
0.367972
0.0978038
0.126893
-0.0460475
-0.834403
-0.22328
-0.82495
0.551362
-0.434236
-0.700109
0.470709
-0.871004
-0.625951
0.137171
-0.625175
-0.151709
0.556699
0.331428
0.670032
-0.377129
0.450651
-0.599705
0.102738
0.896383
0.906662
-0.320075
0.637382
0.40256
-0.858156
-0.376428
0.694771
-0.562761
0.673312
-0.663404
-0.637146
-0.523593
-0.567427
-0.301054
-0.0901454
-0.6678
-0.857384
0.097759
0.169659
0.00145909
-0.562125
-0.255198
0.87213
-0.00389905
0.667571
0.506596
-0.31624
0.226146
0.0143999
0.891084
0.146283
-0.614587
-0.618487
-0.764241
-0.270837
0.576871
0.412539
0.159043
-0.0555943
0.807941
0.384466
-0.364763
0.383176
0.831716
-0.117773
-0.886326
0.473403
-0.554485
-0.428019
0.201273
0.845629
-0.260616
0.447136
-0.721835
0.519146
0.606988
-0.775178
-0.132011
0.333283
-0.37844
0.639055
-0.271167
-0.29845
-0.205891
-0.651102
0.0216818
0.181098
0.465554
-0.66875
0.102425
0.281337
0.134966
-0.221157
0.824038
0.336186
0.33199
-0.68832
0.375089
0.0654644
0.48111
-0.250252
-0.623753
0.119664
-0.387
-0.218037
-0.723738
-0.688859
-0.430288
0.549952
0.374008
0.361889
-0.0123816
-0.93272
-0.326645
-0.735798
-0.128849
0.0889575
-0.131203
-0.172739
0.822826
-0.627407
0.201895
-0.617258
0.781117
0.827356
0.306801
-0.342852
-0.870953
-0.119788
-0.577377
0.167375
-0.488242
0.105106
-0.703246
0.656635
-0.460258
-0.29135
0.57012
0.755558
-0.0825172
-0.403553
-0.571002
-0.574392
-0.0538595
-0.403323
-0.665742
-0.121177
0.03003
-0.112547
0.891697
-0.525324
-0.27343
0.327289
0.524009
-0.189751
-0.104312
0.262605
-0.63537
0.527067
-0.279587
0.268752
-0.405491
0.505207
-0.316626
0.0472383
-0.706453
0.433736
-0.366907
0.742059
0.0882936
0.479525
-0.279421
-0.757213
0.45877
-0.48987
-0.548633
0.46171
-0.791109
0.828215
0.0580569
0.725962
-0.516613
-0.712045
0.606599
-0.356506
0.176238
0.28218
-0.597116
0.172323
-0.15906
-0.515566
-0.854314
0.136495
-0.0113038
-0.773
0.285204
0.418314
-0.526132
0.290242
-0.255843
0.32498
0.348474
-0.217818
-0.397838
-0.180205
0.271719
0.797851
-0.170392
-0.426235
0.226664
0.575138
-0.144408
-0.095243
-0.967872
-0.151483
-0.645865
0.278119
-0.0872689
-0.769412
-0.572162
-0.658344
-0.670647
0.495855
-0.401153
0.440344
0.885221
0.472589
-0.675928
0.293734
0.76335
-0.433997
0.707829
0.108981
0.656984
-0.542204
-0.0960404
0.485685
-0.447383
0.490345
0.211821
0.919649
-0.0446049
-0.85381
0.425015
0.336928
0.358787
0.0857819
0.919415
0.131236
-0.816467
-0.861072
0.179678
0.462195
0.680889
0.2058
-0.360918
-0.331333
-0.323445
-0.899572
-0.194115
0.245
-0.683441
0.246102
-0.889739
0.716819
-0.215297
0.239287
0.321319
0.160506
-0.781999
0.182039
0.427058
0.760861
-0.349884
-0.478895
-0.404674
-0.336212
-0.690794
0.472793
0.355564
0.782622
0.324118
-0.242436
-0.223554
0.701234
0.182825
0.316013
0.728178
0.224896
0.848335
0.503167
-0.813268
0.347464
0.106476
-0.319785
-0.482221
0.058842
-0.402985
-0.794951
0.206847
0.58239
-0.607027
0.637672
-0.175967
0.0400066
-0.586064
-0.367052
0.646495
0.062187
-0.1307
-0.652798
0.452844
-0.38479
0.531278
0.167323
-0.806652
-0.529779
0.788399
-0.637672
0.00114211
0.466314
0.264531
0.124176
0.405893
-0.39771
-0.20829
-0.551581
0.0809049
-0.502252
-0.27892
0.217875
-0.941737
0.553469
0.042369
0.0634722
-0.921458
-0.121831
0.0667855
-0.0777413
0.511587
0.575059
-0.722731
0.685155
0.293656
0.486634
0.807673
0.796033
-0.357171
-0.252644
0.541721
-0.437461
-0.154408
0.198832
-0.851308
0.707178
-0.401968
0.162485
0.519808
-0.901117
0.384236
0.0263845
-0.260721
-0.487267
-0.0731094
-0.475078
0.651678
-0.171487
0.878325
0.695885
0.540387
0.509267
-0.296822
0.766628
-0.597502
0.084299
0.303465
-0.0652801
-0.116193
0.916876
0.0241451
0.331061
-0.119282
-0.720586
0.339994
0.577118
0.486205
0.602398
0.0226926
-0.0468377
0.00982087
-0.811575
0.404401
-0.563849
-0.116863
-0.0904323
-0.523637
-0.789765
0.296756
0.306577
-0.0498473
0.454248
-0.34099
-0.457853
0.519507
-0.0431444
0.587932
-0.298962
-0.810333
0.496436
0.710128
-0.686635
0.360121
-0.304835
0.839256
-0.739679
-0.253688
0.21655
-0.616145
0.68218
0.0978362
-0.891028
0.115986
0.0479744
0.252028
-0.505716
-0.296806
-0.168297
0.377995
-0.475831
-0.202343
-0.318329
-0.209342
-0.10468
0.61435
-0.587492
0.798016
-0.363738
-0.927159
-0.777636
-0.203438
0.570297
0.711171
-0.881968
-0.0989536
0.744798
-0.510682
-0.195994
0.12128
-0.538787
0.204098
-0.37019
-0.0469502
0.248348
0.577911
-0.0885936
-0.906956
0.666421
-0.195015
-0.317142
-0.302573
0.451967
0.634161
0.212072
-0.0501641
-0.154448
-0.75122
0.324384
-0.280921
-0.423995
0.0592756
0.209716
-0.00363655
0.703952
-0.625179
-0.4932
0.429078
-0.510467
-0.439772
0.541417
0.0339098
-0.647928
-0.0687111
0.144135
0.0497713
0.447185
0.391005
0.774383
-0.60518
0.747202
-0.32148
0.390191
0.397935
-0.447707
0.127147
-0.518152
-0.588528
-0.411372
-0.295852
0.399229
-0.546446
0.0089306
-0.356961
0.409077
0.0768574
0.149611
0.384142
-0.567929
0.815505
0.165108
0.827743
0.940264
0.285484
-0.615895
-0.30578
0.112792
-0.87054
0.736531
-0.092781
0.496914
-0.260974
-0.689488
0.265138
0.257481
-0.443071
-0.779567
-0.22526
0.592772
-0.0510884
-0.171761
0.237862
-0.550282
-0.188669
-0.7059
-0.202224
-0.0294001
-0.114726
-0.227194
-0.177214
-0.491772
0.271197
0.0121449
-0.393327
0.833133
0.534189
-0.648915
0.104545
-0.281759
0.210073
-0.481269
-0.52891
0.207283
-0.59796
0.13215
0.00481847
0.109363
-0.824997
-0.0350693
0.359529
-0.753174
-0.62542
0.266654
-0.837811
-0.842629
0.0830299
-0.507767
0.459434
0.469187
-0.881424
0.506844
-0.313345
-0.215055
-0.454593
0.0852874
0.870307
0.693088
0.715839
-0.606638
0.3626
-0.595126
0.510014
0.512271
0.13583
0.00613676
0.651457
0.367296
-0.923127
-0.788159
0.348338
-0.682752
-0.239669
0.592501
-0.525936
-0.212345
0.770468
-0.469692
-0.346505
0.41845
0.0417876
0.0374693
0.676295
0.20223
0.587943
0.472311
0.559618
0.362836
0.835223
0.0379371
-0.305621
-0.437863
0.0148778
-0.60994
0.738058
0.517331
0.400926
-0.347892
-0.134849
-0.492889
-0.465411
-0.540818
-0.530275
0.714422
0.386265
-0.32426
-0.813947
0.521536
0.125403
-0.815633
0.410096
-0.774052
-0.372093
-0.711333
-0.626735
-0.206385
-0.50119
-0.67681
0.228281
0.626379
0.184716
-0.0386085
-0.687638
0.930884
0.280972
0.307015
-0.676302
-0.105446
0.839538
0.218081
-0.704034
-0.627492
0.178763
-0.511867
0.441124
-0.866665
-0.497063
0.118558
0.0838433
-0.156585
0.00939489
0.188158
0.509293
0.46628
-0.679439
0.662102
-0.16396
0.179658
-0.331958
0.0518034
-0.80038
0.584457
-0.160252
-0.876801
0.469367
0.633327
-0.492917
0.415389
0.791678
-0.419516
-0.81993
-0.980182
0.0120805
0.667371
0.271709
0.216767
0.064761
0.856439
0.448903
0.395729
0.646148
-0.650121
0.389523
-0.175644
0.0416037
0.775608
-0.324895
0.777636
0.353899
-0.440411
-0.752411
-0.291493
0.478777
-0.326443
0.00432937
-0.408194
-0.803444
-0.157343
-0.409152
-0.365027
0.167475
-0.197298
0.46571
-0.119355
-0.18141
-0.750426
0.187908
-0.628271
-0.406353
0.467125
0.455978
-0.183042
-0.0759859
0.250202
0.16503
0.0199977
-0.649422
0.118898
-0.199216
0.261021
0.0274777
0.0107773
-0.0942472
0.205952
-0.176854
-0.826276
0.469897
-0.669112
0.164749
0.192227
0.553847
0.509696
-0.742786
0.994868
-0.0976711
-0.0902501
-0.394088
-0.0385547
-0.0204939
-0.0314382
0.280144
0.0229296
-0.490237
-0.587908
0.20856
0.602649
-0.76302
0.658069
0.0771979
-0.367732
0.806636
0.354772
0.281184
0.118514
0.0787563
-0.545358
0.72923
-0.0245581
0.820079
0.377957
0.303652
0.148975
-0.693632
-0.328548
0.151468
0.760219
0.0677468
0.821665
-0.415824
-0.203403
0.510494
-0.446414
0.22737
0.56623
-0.528033
0.560988
0.368411
-0.8908
0.236841
0.628107
-0.261246
-0.519033
-0.725981
0.314391
0.501132
0.400221
-0.0454072
0.0100859
-0.142102
-0.456493
-0.0823353
-0.0561422
-0.630706
-0.0724847
-0.0239403
0.0693475
-0.702866
-0.44116
-0.0750669
-0.682544
0.412869
0.00169837
-0.941573
0.515501
0.541245
0.807781
-0.564006
0.292371
0.22949
0.64236
-0.606149
-0.546265
-0.817375
-0.568754
-0.0496902
0.613697
0.295658
0.498206
-0.157802
-0.763951
-0.640795
0.45817
-0.0975604
0.057443
0.539421
0.932449
-0.129395
0.287197
-0.620943
-0.261738
0.629068
-0.726629
0.682665
-0.925824
0.0734847
0.744624
-0.50208
-0.612411
0.499356
-0.295182
0.342683
-0.233806
0.441514
0.288808
-0.0582624
-0.603781
-0.74021
-0.148567
-0.197879
0.603517
0.0488371
0.490351
0.793568
-0.699627
0.578507
-0.357522
0.663752
-0.256296
0.770003
0.81884
-0.0260038
-0.321876
-0.140927
-0.75824
-0.338718
0.00246969
0.387689
0.43542
-0.540622
-0.780462
-0.587343
0.382083
-0.446199
0.444346
0.0330996
-0.766522
-0.601282
-0.164733
0.34821
-0.253607
-0.320356
-0.361252
0.474133
-0.532642
0.566996
-0.726486
0.280733
0.627755
-0.673336
-0.635348
0.748161
-0.288056
0.483409
0.182893
0.641589
-0.168509
0.95989
