0
0
0.610405
-0.173503
0.0546053
0.332414
0.414847
0.590649
-0.471689
-0.400928
-0.382394
0.464983
0.251445
-0.774467
0.0596237
0.97239
0.479303
-0.382952
-0.168957
0.886812
0.179109
-0.843185
-0.499602
-0.690903
0.51385
-0.689055
-0.441555
-0.115086
0.243303
-0.669554
0.19197
0.747073
0.981298
-0.106745
-0.316399
0.511481
-0.140913
0.488243
-0.124027
-0.558533
-0.0591306
0.218703
0.786667
0.54954
0.156684
-0.732567
0.389083
0.672192
-0.497042
0.648676
-0.0895638
0.142969
0.435912
-0.685891
-0.21963
0.322646
-0.586075
-0.24517
0.145735
-0.496851
-0.482136
0.261471
0.770711
-0.0527084
0.409275
0.686894
-0.421561
0.461815
0.245839
0.322859
-0.58433
-0.227285
-0.109434
0.0300045
-0.417137
0.572677
0.105472
-0.466528
-0.215706
0.935506
-0.0864575
-0.875189
0.900846
-0.257929
-0.517222
0.598239
0.761642
-0.486445
-0.531412
0.780566
-0.0883524
-0.062549
-0.519632
0.746776
-0.874907
-0.10253
-0.649757
0.360703
0.695023
-0.258703
-0.256642
-0.417634
0.441493
0.102247
0.584719
0.569859
-0.682332
0.702474
0.316595
0.24033
-0.375143
-0.165814
0.636101
-0.0537205
-0.605529
0.626031
-0.320983
0.637293
0.69001
-0.0318352
0.577142
0.146822
-0.0559939
-0.768983
0.381211
-0.212324
0.301212
0.871758
0.580836
-0.252802
0.445417
-0.222189
-0.0800976
-0.740353
0.839572
0.477365
-0.303717
-0.567291
0.364856
-0.560703
-0.71593
0.295453
0.377585
0.611911
0.834646
0.466727
-0.964971
-0.0955695
0.361649
0.098763
-0.0786299
0.505193
-0.355229
0.912664
-0.0936053
-0.114517
0.210087
0.765751
0.864514
0.154926
0.660119
-0.397512
0.310176
0.933145
0.87411
0.394608
0.951598
-0.115356
-0.890454
0.154083
0.40105
0.348613
-0.143084
0.0463425
0.605426
-0.791338
-0.292326
0.937977
0.00409226
-0.124355
-0.780561
-0.0952211
0.651196
0.619928
-0.160524
-0.795573
0.712801
0.587977
0.574356
0.151737
0.385638
0.223473
-0.591836
-0.664061
-0.531352
0.182247
0.193543
0.676844
0.180984
0.788623
0.300956
0.380833
0.539051
0.773216
0.130198
-0.0102271
-0.640312
-0.338357
-0.148624
0.120541
0.0979891
0.570451
0.387832
-0.258937
0.440317
-0.259889
-0.738764
0.444396
0.655907
-0.0761907
-0.0682734
-0.0631996
-0.822021
-0.364554
0.366487
0.122916
-0.336449
0.908877
-0.657868
-0.422904
0.350471
-0.072365
-0.0375756
-0.246128
0.22285
0.974149
0.656748
0.298167
-0.468279
-0.25066
-0.0843549
0.118876
0.346571
-0.785275
-0.625131
0.779327
-0.329814
-0.480083
-0.740373
0.634474
0.0116293
-0.831779
-0.339039
-0.118228
-0.537164
0.539255
0.410513
0.590302
-0.69974
0.0657271
0.886872
0.433314
0.107346
-0.441521
-0.263059
0.109853
0.561688
0.482794
0.240817
-0.781141
0.214455
-0.0687396
-0.594078
0.0197015
0.275088
0.728691
0.243197
-0.855827
0.627252
-0.208119
-0.752715
0.123618
0.660694
0.407237
-0.676174
0.181135
0.250296
0.771615
-0.555758
-0.667242
-0.228272
-0.489971
-0.0710132
-0.499745
-0.584758
0.0617078
0.673776
-0.416119
0.0833611
-0.556348
0.0463193
-0.828839
-0.328585
-0.660094
0.131367
-0.752046
-0.660316
0.511707
-0.240253
0.548405
0.52952
-0.106905
0.249519
0.944284
0.251166
0.527986
0.00786671
-0.141133
0.703609
0.449665
-0.106037
0.884795
0.696529
-0.352369
0.913851
0.110562
-0.0541435
0.365525
0.410925
0.545068
-0.429863
-0.826239
0.12565
-0.956399
0.389453
-0.769595
0.412218
0.0648625
0.816711
0.32523
-0.515022
-0.676451
-0.990139
0.0685913
0.328461
-0.393853
0.249597
-0.882946
0.737759
-0.535705
-0.212155
-0.447967
-0.516558
0.693301
-0.0871541
-0.943487
-0.580376
-0.521715
0.0574199
-0.749182
-0.197148
0.68661
0.379911
-0.451238
0.394725
-0.492792
0.190419
-0.947113
0.701533
-0.0737434
-0.0808175
0.827694
-0.711481
-0.0221126
0.512653
0.299577
-0.988179
-0.0488816
0.208641
-0.521029
0.140909
-0.968298
-0.225076
-0.361203
0.911447
0.152615
-0.410103
0.181224
-0.662195
-0.442931
-0.598685
-0.0104304
0.225082
0.556616
0.798636
0.535978
0.47632
0.599033
0.367753
0.728569
0.0621539
-0.937633
0.393605
0.821281
0.341832
0.922936
0.296572
0.379697
-0.568627
-0.363741
0.430114
-0.866615
-0.205563
-0.837426
0.433624
-0.403167
0.716717
0.294736
-0.213411
0.0482415
0.0230449
0.263616
-0.800418
-0.360726
0.133812
-0.685237
-0.732937
-0.619738
-0.421946
-0.294974
-0.186711
0.62634
-0.188407
0.789082
-0.172624
0.441228
-0.0609655
-0.549243
0.844218
-0.195451
0.12429
-0.228881
0.204753
0.576564
-0.258753
0.152179
0.617194
-0.397685
-0.772374
-0.0459361
-0.418369
0.530201
0.572371
0.330462
-0.615443
0.553936
-0.300075
-0.0321869
-0.0906083
-0.447356
0.768974
0.507469
0.121288
0.914866
-0.716119
0.552534
-0.847716
-0.0870234
0.502016
0.609467
-0.834807
0.500779
0.435588
0.681587
0.540984
0.620581
-0.342706
0.173207
-0.621911
0.197152
0.160883
-0.959416
0.606517
0.574532
0.121155
-0.612021
-0.785228
-0.389058
0.354652
0.778488
-0.982433
-0.141104
-0.233843
0.298079
-0.652732
0.305894
-0.990743
-0.0591381
-0.752489
0.198859
0.647473
0.0151994
-0.313279
0.640252
0.959431
-0.250645
-0.0263583
0.346971
-0.034995
-0.217153
-0.732476
-0.0471578
0.227592
-0.109574
-0.361273
-0.806253
-0.153224
-0.193584
-0.410736
-0.826703
-0.205045
-0.206057
0.315631
-0.0707522
0.0616744
-0.0782777
-0.465909
0.864238
-0.0524571
-0.769983
-0.828075
-0.416868
-0.48762
0.491963
0.1517
0.728252
-0.847372
0.269969
0.277941
-0.725024
0.460969
0.06297
-0.206676
0.45668
0.00597432
0.466715
-0.502866
-0.563987
-0.989102
0.136074
-0.142048
-0.712955
-0.215821
-0.633559
0.0692058
0.868014
0.916521
0.168159
-0.113413
-0.372659
0.422373
0.301988
0.61056
-0.779575
0.537954
-0.64682
-0.387579
0.39157
-0.100988
0.386739
-0.688728
0.128903
0.0575312
0.857246
-0.295357
-0.244741
-0.118776
-0.86994
0.699842
-0.531286
-0.0546472
-0.595259
-0.219534
0.433252
-0.287425
0.185051
-0.341656
-0.302832
0.668302
-0.656896
-0.771011
-0.396616
0.826802
-0.395838
-0.580889
0.218865
-0.00709304
0.867786
0.524683
-0.1562
-0.552817
-0.647998
-0.557416
-0.533876
-0.648103
0.218065
0.738269
-0.373023
-0.283755
-0.606515
0.971918
-0.129763
0.295397
0.152035
-0.467431
0.174495
-0.872788
0.130248
-0.572778
-0.00415319
-0.155695
0.482817
0.0597633
-0.0825477
-0.677167
0.0817945
-0.608186
0.195574
0.587553
0.441979
-0.162378
-0.963613
-0.0256838
0.4604
-0.75779
-0.356041
-0.185243
-0.737241
0.519922
-0.0475013
0.765302
-0.180838
-0.347369
0.672745
0.181246
0.425586
0.10446
-0.828981
0.958036
0.014389
-0.474338
0.704103
-0.722563
0.0740363
-0.831898
0.531691
0.177435
-0.00811628
-0.223314
0.592478
-0.80626
0.377968
-0.702565
0.513587
-0.0452782
-0.743831
-0.53693
-0.589164
0.277103
0.478051
-0.412574
0.595932
-0.146296
-0.569552
0.104015
-0.889504
0.112217
0.149251
-0.124513
0.0921714
0.347582
0.349349
-0.139022
0.165939
0.0329254
0.457086
0.301311
-0.757205
-0.15451
-0.859948
-0.576328
0.119938
-0.56551
0.132731
-0.80965
0.0799199
-0.206368
0.670085
0.773817
0.317485
0.244367
-0.458611
0.401631
0.417566
-0.559517
0.365224
0.206938
-0.0558195
-0.844654
0.486001
-0.0969927
-0.121443
0.277023
0.505109
-0.494401
0.443804
0.163731
0.365109
-0.651967
-0.648326
-0.163065
-0.726109
-0.140586
0.700337
0.435971
0.270709
-0.182676
0.799343
-0.177835
-0.255752
0.0637193
0.921879
-0.48447
-0.554512
0.247724
0.490403
0.0199119
-0.875622
0.131374
-0.0863759
-0.157562
0.457925
-0.0124371
0.639061
0.586634
-0.670831
0.241178
0.0739014
-0.271648
0.608081
-0.721316
0.468559
-0.756594
0.415571
-0.21459
0.342608
0.694707
-0.224608
0.0107253
-0.177715
0.98801
-0.101894
0.0588941
-0.412547
0.815681
-0.553999
-0.309973
0.132141
-0.11557
-0.0561834
0.812468
0.127976
-0.257448
0.956945
-0.130401
-0.506815
0.738066
-0.224328
-0.876909
-0.127703
0.467881
0.426359
0.566325
0.0790131
-0.875019
-0.0644097
-0.12486
-0.657101
-0.841009
-0.250968
0.475166
-0.612569
0.431354
-0.705726
0.400027
-0.681378
-0.615387
0.638415
0.557451
-0.6119
0.304495
-0.712092
-0.0545369
0.0151068
-0.0777138
0.262691
0.614467
0.680919
-0.360716
-0.00488213
0.219434
-0.901289
0.138215
0.772561
0.356313
-0.753965
-0.0319552
0.493788
-0.335049
0.0760014
0.241374
-0.512719
-0.787714
-0.593315
0.443622
-0.146508
0.517928
0.334825
0.214146
0.936352
-0.651638
0.128391
0.421675
0.235271
0.69037
-0.202905
0.9931
-0.0535414
0.771736
-0.00892366
-0.0286398
-0.4989
0.226539
-0.0136699
0.583729
0.759484
0.373973
0.691322
0.0120288
-0.532584
-0.031484
-0.677785
0.8344
-0.309691
0.0691748
0.184576
-0.950066
0.0853679
-0.0839394
0.170312
0.210981
-0.97387
-0.231893
0.161156
0.800675
-0.574822
-0.0696824
-0.932956
-0.64435
0.528702
0.686986
0.338605
-0.280992
-0.311701
-0.781402
0.580195
0.622566
-0.692094
-0.630093
0.0331409
-0.0948818
0.725653
-0.654457
0.750775
-0.270559
0.236147
-0.627697
-0.0156709
0.187896
0.0494538
0.903054
0.294917
-0.816246
0.28053
-0.217647
0.96523
-0.133098
-0.463471
-0.204833
-0.195953
-0.0759436
0.44363
0.379824
-0.174299
-0.716198
0.157335
-0.125757
-0.163889
-0.533133
0.557829
-0.846209
-0.191388
0.365688
-0.0226547
0.17999
-0.733285
0.785567
0.089346
-0.491925
-0.298823
0.201101
0.937785
-0.534056
0.690487
0.910169
0.154646
-0.243992
0.085523
-0.384346
0.43733
0.329296
-0.839321
-0.742917
-0.600466
0.878217
0.229757
-0.925492
-0.135666
0.234297
0.583855
0.423176
-0.166121
0.459744
-0.715276
-0.945032
0.323342
-0.459008
-0.0724388
-0.965304
0.0704221
-0.634015
-0.283258
0.449351
0.163316
-0.559004
-0.167118
-0.0898371
-0.381137
0.711728
0.535533
0.26826
-0.669559
0.111082
0.580647
-0.575889
-0.617917
0.757692
-0.201346
0.361242
0.331009
-0.000567685
-0.919305
0.499952
-0.0828795
-0.700796
0.319642
0.256663
-0.688229
-0.943711
0.236191
-0.531655
0.248088
0.0360967
0.888535
0.531194
0.696178
0.28917
0.342884
0.458698
0.200386
0.371003
-0.860634
-0.749169
0.368143
0.153315
0.349049
0.349
0.812078
0.0124643
0.671304
-0.33867
0.116416
-0.523516
0.692542
0.354213
-0.783421
-0.703315
0.0398778
-0.595281
-0.642966
-0.178559
0.488624
-0.234037
-0.484834
0.428207
-0.319194
0.486226
0.436035
0.145465
-0.151936
-0.559295
0.679139
-0.529001
0.792683
0.143135
-0.294253
0.415002
0.043258
-0.226909
-0.357477
0.561371
0.0256064
-0.00472531
-0.793242
-0.510776
-0.125856
-0.142959
0.96124
-0.851203
-0.198735
-0.410747
0.233086
-0.699397
0.123926
0.388167
-0.151027
0.133748
-0.367652
-0.91389
0.357225
0.779983
0.483599
-0.402309
0.408027
-0.0597941
0.458944
0.640353
-0.733047
-0.667488
-0.717824
-0.201423
0.741922
-0.14995
-0.973342
-0.460626
0.633711
0.423233
-0.266874
0.599412
0.233896
0.0246328
-0.548359
-0.152091
-0.529925
0.626726
0.700443
-0.609341
-0.0220778
-0.350501
0.287112
0.196787
0.221791
0.568728
-0.227671
-0.607647
-0.515877
0.755694
-0.625528
0.183016
0.596951
-0.548716
-0.151026
-0.105765
0.97296
0.615282
-0.700667
-0.766145
0.0680079
0.625439
0.50215
0.380244
-0.574237
-0.547197
-0.260054
-0.231711
0.665687
0.187497
0.597095
0.0992456
-0.364387
0.16492
-0.521855
0.720584
0.531025
0.227562
-0.723142
-0.320237
-0.628499
-0.864472
-0.417331
-0.125728
0.525255
0.0562801
-0.358033
0.0811753
-0.201361
-0.0476615
-0.613731
-0.155294
-0.830487
0.390266
-0.717755
0.416655
-0.0142259
-0.835121
0.330803
-0.0850592
-0.014269
-0.346266
-0.611507
-0.595683
-0.59743
0.0313427
0.965044
-0.509301
0.427205
-0.519451
0.234033
-0.493834
0.507943
0.324378
0.117119
0.282871
0.0622259
0.363546
-0.593148
-0.467732
0.445833
-0.185082
0.00419772
-0.00690192
-0.293865
-0.356091
0.143319
-0.0222838
0.0400456
0.186851
-0.378027
0.33185
-0.35393
-0.0267685
-0.339147
-0.482466
0.820593
-0.860639
-0.455823
0.83385
-0.193247
0.547177
-0.461959
-0.37114
-0.22303
-0.487497
0.0228656
-0.166959
0.742052
0.28758
0.115244
0.139643
-0.406353
0.890569
-0.276098
0.720228
0.491276
-0.257398
0.641818
-0.62937
-0.501828
-0.245231
0.635257
-0.841535
0.151149
0.642424
-0.574074
0.532598
-0.193174
-0.720869
0.635665
0.270922
-0.470864
-0.141029
-0.195556
0.484159
-0.198116
-0.391289
-0.755643
-0.716143
-0.43668
-0.523964
0.381016
0.291102
0.285379
0.483495
0.163075
-0.918718
0.0541596
-0.0156196
0.243468
0.441079
0.110618
-0.164119
2.93232e-05
0.588971
0.380877
-0.435036
-0.00443887
-0.247907
0.485822
0.59644
0.782644
0.77785
0.132588
-0.356784
0.236402
-0.240841
-0.936493
-0.422315
-0.689468
0.472112
-0.71295
-0.845538
0.209696
-0.618295
0.032617
0.58136
0.568689
-0.053714
0.985282
-0.621592
-0.725086
0.469567
-0.374385
-0.950772
-0.0791912
0.224969
-0.964902
0.0710774
0.323952
0.0667582
-0.71531
0.262661
0.0962086
-0.527486
0.767865
-0.0131107
0.105159
-0.362744
-0.517417
0.157183
0.55555
0.630558
-0.265915
-0.0337799
0.921259
0.820127
-0.516922
-0.0343387
-0.371173
0.576533
-0.815535
-0.0814497
-0.758576
0.679836
-0.337606
-0.263274
0.485103
-0.234371
-0.295493
0.112158
0.701062
0.000914642
0.698336
0.0359419
-0.322605
-0.807708
-0.145781
0.036605
-0.377601
-0.943398
0.125981
-0.574795
0.159475
-0.439507
0.308677
0.836895
0.165426
0.408906
-0.733135
-0.478177
0.240933
0.185246
0.156439
-0.016697
-0.588629
0.421623
0.259064
0.305539
-0.158755
-0.233318
-0.869101
0.684711
0.547993
-0.557201
-0.09374
0.751529
-0.468546
-0.59036
0.580816
0.352398
-0.241639
-0.350355
-0.602806
-0.595405
0.0825931
-0.0175777
-0.432406
0.0766741
0.340472
-0.481828
-0.0168543
-0.71312
0.589786
-0.352815
0.647399
0.494465
0.366792
-0.47811
-0.0445077
-0.589728
0.153468
0.216112
0.0762302
-0.0309883
-0.852968
0.208403
0.0468259
-0.39516
0.0712063
-0.865489
-0.141948
0.0469103
0.0367545
0.310574
0.816748
0.918581
-0.039919
0.0907192
0.021016
0.638636
-0.612873
-0.531454
0.096094
0.414944
-0.651923
-0.483931
-0.362047
-0.698134
0.391491
-0.279529
-0.155203
-0.450312
-0.566329
-0.334309
-0.176839
0.887262
0.227636
0.254813
0.14304
0.298243
0.0426289
-0.330426
0.23118
0.104054
-0.558385
-0.421707
0.595795
-0.570762
0.402843
0.484636
-0.31444
0.5188
0.715348
0.273733
0.462613
-0.0584084
0.22574
0.144915
-0.382081
0.191509
0.767447
0.221139
-0.798199
0.421054
-0.605046
0.300486
0.197383
-0.994626
0.0946751
-0.201394
0.517316
-0.800128
0.041105
0.320504
-0.623067
0.333124
-0.86857
0.875673
-0.0987031
-0.070488
0.353194
0.302654
0.872455
0.404811
-0.469388
0.277464
0.2366
0.0347853
0.302104
0.277769
0.781284
0.499918
-0.405814
-0.381948
0.0206988
-0.213133
0.242782
-0.777225
0.569997
0.473353
-0.304423
0.0152186
0.573081
-0.676241
-0.00447204
0.445325
0.854191
-0.314727
-0.574882
0.105033
-0.883427
-0.179848
-0.469221
-0.0433052
-0.122486
0.401635
-0.245835
0.0131183
-0.575645
-0.713489
-0.253198
0.619271
0.235024
0.716964
0.214023
-0.592571
0.098836
-0.269717
0.92244
0.183357
0.940758
-0.0889232
-0.785244
0.203306
0.544608
0.627628
0.428714
-0.0247843
-0.356123
-0.196543
-0.861909
-0.851192
-0.211431
0.361311
0.312645
0.741359
0.469229
-0.253259
0.944687
0.311593
0.82229
0.0942763
-0.376309
-0.430807
-0.886866
0.28635
0.29823
-0.742431
-0.615475
-0.535378
-0.308721
-0.431549
-0.851034
-0.00970486
-0.97014
0.251324
0.654986
0.253981
0.758467
-0.210678
0.730321
0.212091
0.516225
-0.234031
-0.865294
-0.390546
0.084029
-0.717462
0.413707
0.823454
0.311378
-0.690755
-0.654034
0.148154
0.551949
0.523424
-0.449609
0.939303
-0.15701
0.135671
0.517917
-0.243941
-0.8836
-0.304676
0.908457
-0.572836
-0.2329
0.621618
-0.54065
-0.229336
-0.705185
-0.641834
0.0785538
0.404282
0.491923
-0.504183
-0.182854
0.238102
-0.592261
0.297446
0.0661978
0.144752
0.0691322
-0.561055
0.612655
-0.755181
-0.143969
0.00136926
0.776892
-0.24433
0.655877
0.595158
-0.213707
-0.762741
0.334642
-0.325463
0.693341
0.756641
0.154122
-0.673152
0.714134
0.536703
-0.507293
0.349386
0.359153
0.0524945
0.992616
0.146738
0.357268
-0.255095
0.284878
-0.40043
-0.823656
-0.531038
0.119498
0.143087
0.185883
0.116665
0.146585
0.532127
0.4866
-0.327028
0.57443
-0.783996
0.137653
-0.050262
0.210282
0.455908
0.73951
0.22611
0.528049
-0.102479
0.0114641
0.149118
-0.0467315
0.374292
-0.634694
0.325401
0.46659
-0.454625
0.672062
0.225201
0.837966
-0.237177
0.138357
0.0127494
0.595127
0.191379
0.0354737
0.400658
-0.451172
-0.641618
0.603366
0.741723
0.449222
-0.0443497
0.363812
0.294232
-0.384748
-0.030752
0.259961
-0.192698
0.360715
-0.649855
-0.415751
0.749417
-0.13771
-0.0651404
0.369587
-0.447626
0.826866
-0.458847
-0.587177
0.231048
0.323497
0.576718
0.795565
-0.888926
-0.345114
0.673869
0.237682
-0.754592
-0.0322692
0.523755
-0.0210916
-0.537628
-0.641376
0.213039
0.0953476
-0.121984
-0.617602
0.407658
0.770194
-0.343616
-0.898883
0.688927
0.208612
-0.273269
0.569927
-0.776349
0.318112
0.515244
-0.734997
0.758634
0.0950699
0.791086
0.585776
-0.0532269
-0.147971
0.307041
0.33656
0.802654
-0.577437
0.239238
0.518693
0.726133
0.309359
0.495203
-0.134143
-0.382473
0.681154
-0.666057
-0.171816
0.239475
-0.300526
-0.682999
-0.554514
-0.324582
-0.781855
-0.16276
-0.133149
-0.0259307
-0.0365973
0.47151
-0.395184
-0.561567
0.104925
0.629083
0.14679
-0.465472
0.171326
-0.912721
0.385089
-0.363373
0.184851
0.265924
-0.8879
-0.462741
-0.671224
0.0759769
0.214799
0.487568
0.0715656
0.256417
0.159802
0.0477017
0.542803
0.214028
0.107058
0.190122
0.659823
0.169384
-0.89914
-0.484964
-0.406529
0.213272
0.417482
0.0746815
-0.291643
0.216749
0.944295
-0.656757
-0.360708
-0.578676
-0.707237
0.521822
0.616539
-0.363468
0.740427
0.348971
-0.466298
0.355264
-0.275641
-0.296053
-0.934899
0.412715
-0.423695
-0.352045
-0.932094
0.713044
0.183372
0.432921
0.188624
-0.807508
-0.255493
-0.191797
0.385766
-0.31786
-0.0453299
0.228702
0.145161
0.333784
-0.777204
-0.0326971
0.48692
-0.353149
-0.468695
-0.285835
0.485182
0.305046
-0.894399
0.525525
0.619945
-0.137171
0.801544
0.616872
-0.370203
0.578192
0.728376
0.399976
-0.7231
-0.0734757
0.168055
0.83874
0.166919
0.0812942
-0.31167
0.415462
0.333021
-0.775562
0.33524
0.753294
-0.0899665
0.202424
-0.739291
-0.102147
0.93065
-0.263671
-0.0317006
0.36694
-0.182444
0.27241
-0.740437
0.443591
-0.348923
-0.444601
-0.22725
-0.798725
0.0669066
0.69624
0.244847
-0.085455
-0.57545
0.022536
0.811744
-0.383056
-0.751767
0.986845
-0.121397
-0.850771
0.27994
0.00788066
-0.509207
-0.777106
-0.474081
0.237055
-0.0878651
0.395032
-0.408726
-0.457714
0.703567
-0.547383
-0.674356
0.777117
-0.346683
-0.664098
0.58616
0.0297783
0.707512
0.142658
0.507381
-0.382405
0.544806
-0.769422
-0.249744
0.0897775
-0.203901
-0.346396
-0.631681
0.0773498
-0.688167
-0.772069
-0.294624
0.744437
-0.0734483
-0.140568
0.135986
0.474523
0.608783
0.900508
0.28274
-0.442377
0.4051
0.68455
-0.185087
0.47433
0.629115
0.675324
0.509295
-0.771682
-0.177255
-0.382645
0.0239121
-0.576834
-0.444289
0.0734041
0.283581
0.0310653
0.194317
-0.0467514
0.414406
-0.507405
-0.00190677
-0.416632
0.705058
0.743582
-0.255634
-0.204464
0.183274
-0.165436
0.492373
-0.150762
-0.399862
-0.740038
-0.0780599
-0.761617
0.370488
0.535239
0.629993
-0.44023
0.188749
-0.210599
0.710174
0.0948572
0.336988
0.707476
-0.347197
0.261424
0.335701
0.146438
-0.542677
-0.252851
-0.548263
0.460857
-0.716963
-0.573437
-0.795631
0.038346
-0.458684
0.31499
-0.358243
-0.715281
-0.626168
0.667252
-0.175373
-0.302204
-0.00379398
-0.462478
-0.465023
0.971166
0.0521731
-0.228425
-0.623912
-0.646867
-0.468544
-0.589411
0.69574
-0.0362898
-0.661142
-0.233801
-0.458743
0.0826554
0.412305
-0.880849
0.250663
-0.923233
-0.264814
-0.519449
0.527743
0.0723779
-0.798665
-0.820115
-0.510193
0.67154
0.330472
0.759825
-0.602775
-0.130518
-0.781853
-0.23108
-0.320377
0.358851
0.804926
0.300444
-0.0167262
0.545353
0.838068
0.463211
-0.0429253
-0.986565
0.0389801
