0
0
0.647482
-0.649374
-0.578352
0.732917
-0.754626
-0.713196
0.211381
0.629157
0.794602
0.418707
-0.0589792
0.451872
0.869444
-0.80103
-0.0884623
-0.484596
-0.254324
-0.950541
0.703586
0.41686
0.540977
0.153639
0.0746646
0.342371
0.632118
0.859927
0.225668
0.433684
0.214684
0.808067
-0.760831
-0.720457
-0.336321
0.186773
0.00473081
-0.544821
0.520238
-0.142365
-0.0403568
0.00881727
-0.466453
-0.472244
0.478061
0.353349
0.899138
0.203891
-0.752203
-0.798397
-0.293016
-0.939646
-0.155146
0.480494
-0.0693295
0.996316
0.603826
0.523976
0.616695
0.10765
0.430525
-0.800004
-0.0241549
0.863807
0.0394187
-0.88731
-0.594254
-0.164981
-0.144313
0.0524868
-0.0318676
-0.122812
0.334138
0.132297
-0.989534
0.38391
-0.668774
-0.743263
0.81127
-0.624997
0.982841
-0.177818
0.149575
-0.0532581
0.369361
-0.167213
0.443131
0.800941
0.764618
-0.950857
-0.467308
0.744497
-0.582426
-0.00525234
-0.876782
-0.236434
-0.971518
-0.676287
-0.515725
0.634142
0.0840274
0.897247
-0.196614
0.316265
-0.388499
-0.402848
-0.743223
0.0783978
-0.151636
-0.774207
-0.571108
0.525181
0.814242
0.587869
0.899318
-0.11795
-0.41098
-0.221538
0.350565
0.56268
0.808739
0.55605
-0.549111
-0.370348
-0.0250136
-0.389889
-0.701408
0.931088
0.755216
0.689518
-0.368136
0.875097
0.107648
-0.262403
0.655629
0.675822
-0.725832
0.548881
0.223366
-0.900924
0.355761
-0.158986
0.835779
-0.200383
0.840666
0.655945
-0.764171
0.576324
0.313941
0.327589
-0.179946
-0.679751
-0.383054
-0.838967
-0.417837
-0.14468
0.409383
0.913354
0.587681
0.187581
0.402572
-0.60079
0.657331
0.679844
-0.930732
0.0656225
0.760338
0.740711
0.555622
0.428436
0.260077
0.406308
0.0261129
0.955273
0.39417
-0.183472
-0.979121
-0.54529
0.458302
0.0320982
-0.594268
-0.324757
-0.903315
0.712997
0.592769
0.960468
0.960774
-0.00307049
-0.000710213
-0.541375
0.812644
0.217092
0.355506
-0.885219
-0.486074
0.0888038
0.759031
-0.257093
0.323702
-0.514479
-0.257861
0.813925
-0.588977
0.609132
-0.829662
-0.644737
-0.23783
0.58806
0.240718
0.654105
0.860319
-0.453629
0.758791
-0.679121
-0.927614
-0.0970415
-0.14787
-0.0408737
0.779124
-0.36333
-0.334867
0.506379
0.0949573
0.456108
0.475051
-0.637858
0.0333333
0.420509
0.0564763
0.264938
-0.560374
0.200645
-0.999676
-0.546443
-0.45008
0.540247
0.461682
-0.452214
0.0999039
-0.645469
0.743014
0.252859
-0.628632
0.629126
0.93346
-0.469249
0.333535
0.674188
-0.53208
-0.686336
-0.500286
0.308796
-0.618244
0.523588
-0.480937
0.965341
-0.614657
0.462219
-0.928536
-0.0700831
-0.151799
0.734059
0.0175077
-0.00182084
-0.233442
-0.162451
-0.329094
0.195053
-0.212542
0.481465
-0.647291
0.453034
-0.151554
-0.371481
-0.741943
-0.196399
0.204098
-0.0985759
0.55402
0.10251
0.430383
-0.0379249
0.233931
0.636645
0.769657
-0.113902
0.634721
0.946773
0.512275
-0.259764
0.259322
-0.66275
-0.204106
-0.900898
0.754948
0.999696
0.797593
0.477735
-0.235172
-0.282449
0.101029
-0.338204
-0.447009
-0.578997
0.10565
-0.768909
0.765175
0.298543
0.467592
0.826339
-0.477297
0.850848
-0.984917
-0.113435
-0.873048
0.0334115
0.708428
0.532819
0.453356
-0.982315
-0.379458
-0.904109
0.219018
-0.52829
-0.732824
-0.587567
0.0922166
-0.0443646
-0.921746
0.959534
0.440176
-0.464701
0.371315
-0.607025
0.750829
-0.908378
0.848581
0.336612
0.671015
0.319381
-0.108049
0.514317
0.389032
0.717111
0.61199
0.946715
-0.754699
0.744369
-0.448544
-0.320581
0.342793
0.89464
0.88023
0.518582
-0.337985
-0.0712629
-0.305984
-0.134363
-0.600767
-0.626941
0.172418
-0.677374
0.606512
-0.331145
-0.458298
0.738802
-0.0810329
-0.333573
-0.833035
0.250433
0.905147
0.905228
0.764991
0.87347
-0.947776
-0.599899
0.776554
0.23244
-0.711925
-0.663554
0.407909
-0.287782
0.197813
0.0182328
0.267622
0.283967
-0.138528
0.137291
0.414619
-0.571278
-0.23421
-0.575832
-0.273519
0.933782
-0.887767
-0.593771
-0.790597
-0.559277
-0.233384
0.645954
-0.0474194
-0.342927
-0.437705
-0.096745
0.193516
-0.675796
-0.143483
-0.373131
-0.597181
0.527558
0.827816
-0.905863
-0.0494833
-0.456489
-0.145112
-0.382977
0.454048
-0.496855
-0.648689
-0.324169
-0.0945737
-0.194113
-0.198619
0.381611
0.676871
0.972166
-0.861267
-0.134771
-0.351955
0.746202
-0.963466
-0.051168
-0.352234
-0.304369
0.00431976
-0.645601
-0.904009
0.923026
0.0757845
0.959465
-0.101626
0.330082
0.550699
-0.812958
-0.573349
-0.976984
0.406839
-0.316962
0.204208
0.717267
-0.180307
0.687901
-0.434164
-0.617713
-0.620161
0.118378
0.0845304
-0.379885
-0.139214
0.714471
0.851858
-0.514841
0.754588
-0.923334
0.325447
0.965248
-0.488337
0.798724
-0.819435
-0.626254
-0.178646
-0.578236
0.155108
0.45996
-0.30575
0.265828
-0.317175
-0.866632
-0.23116
-0.614967
-0.73532
0.772525
0.414484
0.0953603
-0.432867
-0.047164
-0.0566303
0.545796
-0.894546
-0.242095
-0.302914
-0.928861
0.634776
-0.175249
0.473611
-0.855312
0.285599
0.25281
0.555668
0.0136093
0.252886
-0.452145
-0.189621
-0.620424
0.204514
-0.24764
-0.0156307
0.825661
-0.544364
-0.402899
-0.0162329
-0.119687
0.485785
0.529013
0.34473
-0.365803
-0.639396
-0.22214
-0.65983
-0.847012
0.025782
0.499053
0.195688
-0.750461
-0.338623
-0.433783
0.891255
-0.996638
0.00274215
-0.465235
0.397727
0.0531029
-0.883509
-0.0785653
-0.258697
-0.628417
-0.435367
0.695175
0.233504
0.594717
0.181715
-0.010728
-0.201444
0.239648
0.654353
0.790288
-0.0132554
-0.962652
0.860618
-0.366984
-0.328761
0.771732
-0.19495
0.794103
-0.319652
0.11022
-0.59959
0.679018
-0.345142
-0.600704
0.910939
-0.673575
0.941714
-0.598864
-0.723592
0.574593
-0.780287
0.776038
0.257022
-0.456744
0.969919
0.978264
-0.492505
-0.714087
0.882659
0.652573
-0.814118
0.380548
-0.314517
0.476642
-0.233908
0.915075
-0.291876
-0.55926
0.511331
0.467739
0.538706
-0.32382
0.502099
-0.418685
-0.674281
-0.179827
-0.608898
0.903207
0.661619
0.607725
0.316118
-0.567086
-0.136665
-0.281879
-0.459471
0.639361
0.799811
0.433328
0.253997
0.144477
0.757342
0.906709
-0.973126
-0.271111
0.277305
-0.225617
-0.0311217
-0.985694
-0.648594
0.531153
0.10111
-0.897171
-0.243156
-0.641164
0.50988
0.523584
-0.862104
-0.134339
-0.243495
-0.851192
-0.565154
-0.701499
0.827314
0.0792622
0.739223
-0.266668
0.300958
-0.641903
0.722832
0.797742
0.0111089
0.120275
-0.0319499
-0.719259
0.453313
-0.511417
0.11919
-0.307752
0.0627978
0.0329217
0.749277
0.312974
0.621185
0.917066
0.84178
-0.905208
-0.630934
0.881061
-0.789928
0.60103
-0.16556
0.0486697
-0.95186
0.702444
-0.379683
0.722802
-0.998469
-0.507642
-0.892224
0.875047
0.253854
-0.0397531
-0.35302
-0.225605
0.376766
-0.259816
-0.386173
0.875026
0.0341269
0.926274
0.584389
-0.757749
-0.759328
0.210311
-0.027764
0.0534676
0.19263
0.0761846
-0.585192
0.509581
0.45038
-0.573149
0.926559
0.462469
0.883322
-0.568802
-0.241711
-0.900518
-0.0528668
-0.590979
-0.389903
-0.703492
-0.571499
-0.346944
0.255432
-0.673728
-0.861649
-0.205367
0.579907
0.0193969
0.45011
0.456437
0.796125
-0.228502
-0.963878
0.0300191
-0.480391
-0.507625
0.187905
0.106423
0.77276
0.637296
-0.273179
-0.60697
0.101137
-0.639001
0.789365
0.793938
-0.55324
-0.120138
-0.0856094
0.839559
0.0854769
-0.394863
-0.114661
-0.500302
-0.225514
0.151948
0.484969
0.804485
0.129893
0.911302
-0.605151
-0.0075624
0.347039
-0.587459
0.758842
0.341579
0.843294
0.451893
-0.273799
-0.0817725
-0.513108
0.840986
0.672376
0.108415
-0.788104
-0.500808
-0.0404645
-0.960314
0.380495
0.386615
-0.818235
0.760829
0.609263
-0.478195
0.867929
-0.00397737
-0.0382895
0.455835
-0.061098
0.983972
-0.13576
-0.121612
0.949091
0.965235
-0.757504
0.0847406
0.288523
0.212145
0.307499
0.848387
0.916579
-0.0251845
-0.0151889
-0.558968
0.764937
0.421199
-0.0285618
0.627491
-0.178299
-0.0614828
0.663656
0.803054
0.240506
0.585275
0.315555
0.299276
-0.540414
-0.0772602
0.365648
-0.466676
0.364317
-0.19433
0.0783289
-0.965404
-0.82079
0.401991
-0.793748
-0.284584
-0.0866434
-0.507425
-0.395317
0.666897
-0.347351
-0.451867
-0.539413
-0.374925
-0.379603
0.582008
-0.609631
-0.640771
0.736911
-0.561707
-0.918213
-0.0469364
-0.533151
-0.692412
0.823995
0.468315
0.70263
-0.89259
-0.504871
0.90379
0.283676
0.722859
0.186742
0.496116
0.0529698
0.651053
-0.574949
0.911302
0.167537
-0.738971
-0.292502
0.17548
0.839772
-0.824792
0.505464
-0.261392
0.674584
-0.35467
-0.942423
-0.174751
0.613363
0.176471
0.911011
-0.350135
0.186255
-0.243366
-0.989783
-0.128135
0.551014
-0.76329
0.668753
0.55108
0.13313
-0.601645
0.45274
-0.739387
-0.112637
-0.14744
0.755098
-0.103148
0.930562
0.529841
-0.0764648
-0.410206
-0.355857
0.418881
0.860671
0.35581
0.258968
0.512568
-0.291361
-0.208711
0.441088
0.899504
0.934095
0.731115
-0.533931
-0.332324
0.254431
0.851264
-0.886114
0.0277336
-0.827203
-0.417652
0.400725
0.229163
-0.642352
0.75293
-0.708335
-0.263666
0.52207
-0.414109
-0.469624
0.765079
0.71068
-0.662286
0.0387758
-0.700822
-0.0042345
-0.207981
-0.82463
0.145543
0.379431
-0.967381
-0.808897
0.838076
0.786032
0.186696
0.372392
0.597552
0.71344
-0.606169
-0.303474
0.632558
0.0110723
0.839742
-0.347729
-0.177385
-0.0816418
0.768833
-0.502625
0.805088
-0.0903316
-0.82798
0.783112
0.666408
-0.140154
-0.243126
0.676145
0.443446
-0.753011
-0.429469
-0.618364
-0.699127
0.639138
0.247295
-0.361673
-0.768305
-0.653887
-0.390811
-0.576629
0.924782
0.0414375
-0.230071
-0.12324
-0.732018
0.896146
0.963352
0.111022
-0.420798
-0.661513
-0.335791
0.24872
0.490633
-0.889508
-0.228458
0.173891
0.865963
-0.547797
0.895541
-0.352639
0.672103
0.283402
0.8049
-0.935724
0.315014
-0.190063
-0.922544
0.280762
0.918604
0.22688
0.782219
0.509404
0.449872
0.833693
-0.784108
0.0331348
0.47692
-0.0788152
-0.949843
-0.5108
0.423201
0.0228362
-0.558426
-0.520603
-0.798874
0.621698
-0.162966
0.288641
0.54652
-0.832143
-0.49815
0.216643
-0.271025
0.466194
-0.737876
0.401083
0.645879
0.394808
0.928633
-0.165957
0.33366
0.213963
-0.316269
0.0904488
-0.370196
-0.939618
-0.831849
0.523811
0.0943164
0.49321
-0.23129
0.73176
-0.0174536
0.646798
-0.140396
-0.297121
-0.738671
-0.628013
-0.253787
0.162513
0.186335
0.823401
-0.290355
-0.858223
0.993197
0.433155
-0.579178
-0.077146
-0.321866
-0.241971
-0.00341735
-0.939866
-0.265279
-0.295927
-0.122256
0.114464
-0.212169
0.247219
-0.743426
-0.795105
0.895467
-0.275801
0.667868
-0.0891204
-0.186357
-0.0999731
0.12709
0.00637942
0.365853
-0.459298
-0.449228
0.521977
-0.500947
-0.676493
0.906836
0.185175
-0.944665
-0.764484
0.721777
0.138411
0.256357
-0.0790322
0.546302
-0.923447
0.506392
-0.417394
0.770917
0.779129
-0.68925
0.244706
-0.2406
-0.572402
0.515911
0.738997
0.330778
-0.477613
-0.279474
0.863452
0.235926
0.762749
-0.903218
0.106563
0.894761
0.768758
-0.405048
0.710468
-0.870191
-0.828885
0.351032
-0.158408
0.389426
0.300442
-0.970489
-0.945869
0.150028
0.0893584
-0.181253
-0.196629
0.914616
0.0244625
-0.770875
0.394454
0.467601
-0.506228
-0.24933
-0.0276858
0.318909
0.402474
-0.141833
0.772911
-0.058458
-0.901691
0.409174
0.475667
-0.869928
0.997006
-0.567367
0.451204
0.477401
-0.996991
-0.16838
0.380996
0.935281
-0.801724
-0.926195
-0.458721
0.488661
-0.197268
-0.781172
-0.154989
-0.34318
0.116622
0.869768
-0.07022
0.224206
-0.581055
0.168453
-0.30531
0.394099
0.576653
0.625885
-0.600251
0.401444
-0.438636
0.187495
0.517948
0.427002
0.482023
-0.134216
-0.860983
0.659313
0.697588
-0.356803
-0.572239
0.145621
0.00314326
-0.603526
-0.435431
-0.696126
0.166782
0.00238837
-0.546125
0.914613
-0.977622
-0.80537
-0.622063
-0.00875693
-0.133904
-0.302814
-0.909586
0.530873
-0.79256
-0.2949
0.439334
-0.664501
0.157893
0.43746
-0.930203
0.118146
-0.135503
0.843259
0.900726
-0.00549146
0.514359
-0.999567
-0.606737
-0.339012
-0.799918
-0.424887
0.910045
0.422173
0.963661
-0.0806319
0.687701
-0.762488
-0.110365
-0.353393
0.50033
-0.68508
-0.210458
0.986047
-0.542722
0.673044
-0.671911
-0.978657
-0.257785
-0.667186
-0.644321
0.119394
0.21055
-0.0532935
0.490883
-0.424043
0.858267
0.307913
0.772547
-0.858906
0.906003
-0.713754
-0.707046
-0.795926
0.402565
-0.490625
-0.140738
-0.0406038
0.952711
0.987424
-0.498137
0.985178
-0.13363
0.153948
-0.0321817
0.311052
-0.663603
0.761745
-0.584136
0.38856
-0.842203
0.589386
0.749503
-0.533104
0.993482
0.621522
-0.841264
0.510978
-0.938574
0.896601
-0.243965
-0.886667
-0.538463
0.906399
0.786399
-0.58103
0.780916
-0.526795
-0.859271
0.731056
0.129573
0.552959
-0.986393
-0.563504
-0.438241
0.642786
-0.48819
0.638056
-0.85413
0.720546
-0.625866
-0.412292
0.66921
-0.146123
-0.376133
-0.352724
0.697417
-0.251476
0.525878
-0.459199
0.948039
-0.236362
-0.210835
0.409923
-0.740025
-0.987539
0.733495
-0.75881
-0.590278
0.0871708
-0.980544
-0.399971
0.898409
0.462253
0.655006
0.914909
0.884749
-0.0527142
-0.0568616
0.751321
0.856638
0.998679
0.589737
0.299021
0.272654
-0.88677
0.494092
0.792036
0.0320787
-0.740098
0.375294
0.885704
0.507691
-0.45209
0.128823
0.277917
0.886909
0.689295
-0.443884
-0.740954
-0.667675
0.204592
-0.751676
-0.207336
0.0338255
-0.88615
-0.67922
-0.297784
-0.794555
0.226396
0.344626
0.00588469
0.20885
0.543257
0.308129
0.776119
-0.833996
-0.975854
-0.993726
-0.919693
-0.493853
-0.0914987
-0.598336
0.522055
0.314746
-0.105233
-0.171432
0.400254
-0.480993
-0.857533
0.270828
0.388553
-0.4153
-0.102745
-0.658225
0.115564
-0.360914
-0.0734934
-0.551087
0.588249
0.411376
0.365094
-0.455287
0.890804
-0.214905
-0.735716
0.229357
0.529824
-0.61297
-0.472523
0.0281746
0.773778
-0.800833
-0.707673
0.0163555
0.0416251
-0.888715
-0.729058
-0.962909
-0.0712586
-0.911642
0.754886
0.989545
-0.0309188
0.981752
-0.500271
0.702039
-0.947969
-0.311556
-0.343886
-0.633208
0.590899
-0.582052
-0.0619538
0.921408
-0.375321
0.159406
-0.503022
-0.935991
0.0712841
0.381424
0.894585
0.384546
0.652139
-0.405038
-0.659598
0.457444
0.687291
0.0781985
-0.593074
0.303177
-0.120148
0.798874
-0.328901
0.741146
-0.0173635
-0.657823
-0.364564
0.0855557
-0.132354
0.848846
0.868239
-0.781432
-0.170478
-0.0973307
0.483398
-0.704001
0.918545
0.630052
0.774514
0.423214
0.957577
0.272187
0.751592
0.0479301
0.56624
0.96612
0.705013
0.470211
0.339913
0.907192
-0.475226
0.164161
0.772873
0.630263
0.477476
-0.331877
-0.851288
-0.400274
-0.0643898
0.97599
0.983921
0.956421
0.674923
0.309906
0.958699
-0.104701
0.451913
0.918878
0.135651
0.876744
0.565373
0.159113
0.930152
0.630082
0.306833
-0.526645
-0.255638
0.198825
0.826418
0.478328
0.0617495
-0.0519072
-0.612962
0.517789
0.396649
0.727019
0.840776
-0.589209
0.372591
-0.255313
0.213364
0.230666
0.263638
-0.987205
0.711272
0.394537
-0.141702
-0.40468
-0.102348
-0.370358
-0.0854543
0.813009
-0.712136
-0.712986
0.445641
0.216935
-0.553512
0.711012
-0.88826
0.911673
-0.25958
-0.99373
0.16603
0.389442
-0.181756
0.93962
-0.390053
0.37383
0.480161
-0.0816364
0.43357
-0.749325
0.259569
0.227938
0.641637
-0.211939
0.33338
0.147662
0.0594648
-0.171136
-0.853034
0.190613
0.996882
0.983977
-0.864884
0.0852435
-0.86199
-0.748636
0.456193
-0.872923
-0.910497
0.828497
0.620652
-0.452992
0.714958
0.588306
-0.0126574
0.378063
0.0583536
0.53369
0.885707
0.547977
0.269824
-0.310816
-0.898893
-0.67569
-0.853147
-0.764644
0.557843
-0.292208
-0.138877
-0.950882
0.918836
-0.0396226
-0.297217
0.556504
0.902727
0.197876
-0.190587
-0.337052
-0.510196
-0.620514
0.496505
0.758819
0.86045
0.516354
-0.314839
-0.268561
-0.755584
-0.834261
-0.0382823
0.253355
-0.0274562
-0.63041
-0.373032
-0.154217
-0.649652
-0.712485
-0.10736
0.392119
-0.85897
0.646789
-0.70646
0.956817
0.437484
0.445678
-0.537903
-0.616885
-0.880501
0.519338
0.870447
-0.444024
-0.860584
-0.616631
0.470985
0.284096
0.572317
0.650488
-0.78717
0.737945
0.337076
0.622845
-0.848606
-0.0418158
-0.832884
-0.594843
-0.48191
0.143736
0.292807
0.0364822
-0.76688
0.342971
0.411544
0.679059
-0.102333
0.118851
-0.174291
0.806556
-0.63253
-0.532716
-0.0264517
-0.984183
-0.849934
0.48429
0.503881
-0.379693
-0.395822
-0.124584
0.216467
0.458642
-0.589054
0.944779
-0.148661
0.0493071
-0.688533
0.899223
-0.276219
0.301432
-0.118598
-0.0205237
-0.0436913
0.954981
0.0973649
-0.882386
-0.989105
0.519853
0.593484
0.384286
-0.698818
-0.169608
-0.329374
0.204567
-0.77937
-0.903718
-0.0618996
0.757798
-0.371104
0.297642
0.661993
0.680626
-0.812183
-0.645717
-0.126007
0.401714
0.522146
0.175834
0.262002
0.0568692
-0.861867
0.795594
-0.878572
-0.154495
-0.578343
0.247481
0.0442947
-0.95789
0.50812
0.288468
0.68322
0.391195
-0.582
0.585009
0.604789
0.420711
-0.936491
-0.214029
-0.0111226
0.698877
-0.574933
0.301285
-0.558558
-0.158936
-0.748136
-0.452164
-0.672734
-0.931993
-0.405774
0.35608
0.839779
-0.718738
-0.788552
0.927793
0.290955
0.456381
0.671553
0.980765
0.341906
-0.263098
-0.0328059
0.334252
0.55863
-0.287941
0.107192
0.621174
0.250598
-0.931953
-0.879269
-0.103668
-0.304027
-0.0552784
-0.658708
0.672873
0.256711
0.158357
0.829975
0.944299
-0.433321
0.702818
-0.108867
-0.491248
-0.5687
0.129775
-0.102265
0.777125
-0.610736
0.274652
-0.749637
0.377599
-0.421634
-0.914548
-0.190594
0.808402
0.0559111
-0.040315
-0.382788
-0.333927
0.825687
0.737334
-0.172538
0.435325
-0.580974
0.268191
0.169852
0.542666
-0.544991
0.00680265
-0.872398
0.5751
-0.817725
-0.709142
-0.740597
0.480792
0.0595014
0.57899
-0.816382
0.382414
0.551738
-0.0739907
0.326772
-0.731715
-0.203369
0.932328
0.726993
0.643275
0.72149
0.344424
0.846007
0.0519234
-0.699508
0.9613
-0.272624
0.214454
-0.0549818
0.964058
0.48435
0.160849
0.000357233
-0.875273
-0.360697
-0.274353
-0.325385
-0.254389
-0.542157
-0.24819
0.951478
0.468403
-0.181379
-0.642144
0.924688
0.355784
0.667146
-0.0621436
0.473105
-0.627021
0.167169
0.815037
0.915049
0.313214
-0.0614533
-0.859277
-0.667984
-0.760199
-0.350376
-0.493498
-0.153622
-0.8151
0.638779
-0.625018
0.64909
0.0716911
-0.167175
0.260926
0.607334
0.748555
-0.932779
0.111484
0.753074
-0.0389266
0.611188
0.394545
-0.744783
-0.329046
-0.20948
0.859188
-0.905192
-0.51466
-0.502629
-0.784149
0.672432
-0.228933
0.312928
0.592401
-0.82755
0.368751
-0.709503
0.00342691
-0.0656235
0.534872
-0.0361899
-0.218668
-0.153998
0.00935441
-0.0456624
0.870256
-0.231691
0.0627469
0.474907
-0.221246
-0.340689
-0.444425
-0.926999
0.533192
0.592052
0.313058
0.5554
0.224268
0.834324
0.888197
-0.170035
0.352272
0.663839
0.417667
0.206156
0.856854
0.738514
0.560638
0.326653
-0.102182
-0.422096
0.322587
-0.0223215
0.675299
0.290873
0.914707
0.417057
-0.0296147
0.815126
0.248499
-0.550979
0.0632544
0.229752
0.97747
0.839601
-0.408197
-0.996316
-0.159359
0.121593
-0.717344
-0.834807
0.644019
-0.497251
-0.0583431
-0.744961
-0.763262
0.970099
0.103988
0.725566
-0.161486
0.513931
-0.204996
0.557268
0.593068
0.987696
-0.032025
0.640762
0.230965
0.832249
-0.25974
0.761936
-0.889817
-0.706636
-0.442146
-0.0738165
-0.441249
0.952641
0.604309
-0.555611
0.928141
0.439243
0.923723
-0.0256021
0.24213
-0.631652
0.939127
-0.927818
0.567824
-0.963134
-0.839311
0.357844
-0.0326626
-0.0687624
-0.0234114
-0.489678
0.455257
0.952175
-0.621194
0.693279
0.000678684
-0.803134
0.86258
0.0688334
-0.12853
0.483816
0.208508
0.743855
0.0424977
-0.708746
0.298212
-0.739035
0.47046
0.41621
-0.601887
-0.26962
0.051063
-0.885341
-0.700273
0.0636826
0.938704
0.164648
-0.0993595
-0.775501
0.261834
0.581771
-0.22499
0.646746
-0.799216
0.303593
0.853157
-0.448585
-0.893011
0.049016
0.985432
-0.830791
-0.0689074
-0.908291
-0.0927952
0.664919
-0.333407
0.396473
-0.593151
-0.393902
