0
0
0.288787
-0.561042
0.0165013
-0.370385
-0.339009
-0.142814
-0.253893
-0.874086
0.438556
0.341815
-0.902858
0.293801
0.109828
-0.121967
-0.250125
0.266169
0.676807
0.592989
-0.659965
0.340335
-0.69995
0.0726735
-0.750159
-0.494328
0.601283
0.784485
-0.404994
-0.749537
0.569157
0.281162
0.54638
0.48777
-0.36827
0.790179
-0.15629
0.117189
-0.841928
0.504503
-0.869015
-0.354276
-0.265272
-0.383099
-0.0201774
-0.231567
0.0122309
-0.219108
-0.18196
-0.51678
-0.386915
0.800282
0.298492
0.353881
-0.190601
0.613974
0.477271
0.536762
0.599579
0.193295
-0.868147
-0.475088
0.406355
-0.220848
0.577782
0.300829
-0.539276
-0.302866
0.566989
-0.289841
0.925474
-0.0604309
0.108755
0.522665
0.740853
0.143685
0.471147
0.633879
0.579217
0.757013
0.817444
0.172277
-0.500241
0.397496
-0.936979
-0.0142811
-0.64816
-0.648551
0.49173
-0.870131
-0.374822
0.427399
-0.590877
0.363883
0.0609584
-0.726408
0.134535
-0.298902
-0.297117
0.197089
0.624488
0.761413
0.205611
-0.898913
-0.906832
-0.0124705
0.423768
0.291972
-0.402948
0.110826
-0.697363
0.607537
0.334103
0.796522
0.0585925
-0.293082
0.978479
-0.130634
0.24146
0.144088
0.751625
-0.34187
0.138392
0.620022
0.493594
0.856939
0.226036
0.408983
0.908831
0.0780863
0.419956
0.121928
-0.741951
-0.636547
-0.493486
0.717014
-0.125997
-0.310261
0.271884
-0.61526
0.388143
-0.133829
0.602476
0.352096
-0.0770318
0.833725
-0.0691282
0.798576
0.814978
-0.165227
-0.901464
0.190408
0.714774
0.379209
0.175483
0.41425
-0.127829
-0.604668
-0.426708
-0.639632
-0.749763
-0.393417
-0.0799544
0.661817
-0.00555416
-0.491926
0.187691
0.508287
0.353183
-0.928406
-0.321823
-0.151101
-0.517556
-0.00153721
-0.106697
-0.377741
0.542483
-0.342158
0.565962
-0.396145
0.582443
-0.128264
-0.080556
0.664755
0.793283
0.392462
-0.411332
-0.191065
0.606912
-0.133503
0.30141
-0.527749
-0.607612
-0.0491727
-0.274555
0.754588
0.303748
-0.228031
0.734897
-0.428223
0.326171
-0.446259
-0.0384439
-0.0343191
-0.290512
0.675761
0.517857
-0.555954
-0.198684
0.316917
0.294561
0.536777
-0.825809
-0.0998309
0.162196
0.552045
0.289815
-0.772667
-0.266121
-0.27298
-0.160589
0.466267
0.266773
-0.554683
0.732525
-0.099131
0.758945
0.59738
-0.679136
0.605172
0.641755
0.266706
-0.438411
0.811049
-0.539923
-0.650433
0.587368
0.420956
-0.116409
-0.00503596
0.7859
-0.291067
-0.16809
-0.372381
-0.277058
-0.393283
-0.487889
-0.256831
-0.94333
-0.263421
0.589321
0.202956
-0.852268
-0.427793
-0.361763
0.845928
-0.699288
-0.536156
0.205619
-0.573655
-0.108556
-0.349206
0.508022
0.299737
0.0602663
-0.935913
0.73953
0.0180054
-0.535132
-0.595168
-0.0548785
0.957776
0.853257
-0.145137
0.939692
-0.0703661
0.787755
0.301466
-0.886923
-0.244424
0.315712
0.871591
-0.500125
-0.360018
-0.56248
-0.416806
0.656234
0.0426703
0.604606
0.37042
0.0797127
-0.602806
0.419518
-0.513649
0.0204099
-0.564445
0.0415586
-0.37473
0.0705277
0.438654
-0.344726
-0.0395653
-0.363702
-0.217797
-0.508906
-0.636443
-0.016871
0.842023
-0.300387
-0.494696
-0.328744
0.675383
-0.635236
0.495198
-0.293477
0.352229
-0.32032
0.621577
-0.581356
0.220948
0.635933
-0.175664
-0.943062
-0.153577
-0.828378
0.209846
0.721119
0.625521
-0.230227
0.265548
-0.186109
-0.0627515
-0.909672
-0.0331252
-0.551467
0.585606
0.501975
0.388613
-0.0458711
0.309239
0.496249
0.235859
0.946385
-0.186582
0.376749
-0.397952
0.562387
-0.0325438
0.116127
0.199806
0.60011
0.79473
-0.96897
-0.123622
-0.877044
-0.1153
-0.470262
0.0791584
-0.0833037
-0.811589
-0.477974
0.228564
-0.590354
-0.287326
-0.50933
0.592836
0.573621
-0.345791
0.214005
0.032908
-0.148755
-0.153807
-0.831587
-0.042118
0.88955
0.340139
0.050235
0.630668
0.644664
0.0851061
-0.729712
0.0519487
-0.432679
0.170134
0.279611
0.873996
-0.655253
0.416051
-0.473098
-0.640966
0.512067
0.836593
-0.739786
0.442078
-0.774538
0.230371
0.0144833
-0.388228
0.0291944
0.667843
-0.504436
-0.597117
-0.0391952
0.745118
0.429592
0.0349079
-0.226642
0.377258
0.86484
-0.497643
0.0389052
-0.756365
0.000586827
-0.432279
-0.252101
-0.817371
-0.378231
0.0961634
-0.053548
0.701037
0.157225
0.916501
-0.0938413
0.646516
-0.683059
0.0306571
-0.0533389
-0.319882
0.264238
-0.866894
-0.703091
-0.199711
0.0773064
0.0159806
-0.283248
0.800349
-0.261189
0.728073
-0.80538
0.540619
0.202528
0.602039
0.241418
0.659418
0.549502
0.757139
-0.448343
-0.143783
-0.672146
-0.54133
-0.0659686
0.159616
0.320069
0.744288
0.0535365
0.725754
0.152288
-0.970778
0.290846
-0.0165003
-0.672244
0.720073
-0.558108
-0.0435104
0.189196
-0.249354
-0.220131
0.868396
0.0340784
-0.519957
-0.208529
0.0473314
0.0908417
0.185448
0.143779
0.0973175
0.438801
0.180635
0.691612
-0.320096
-0.877235
-0.45709
0.408687
-0.309913
0.245927
-0.238786
0.146908
-0.881468
0.841971
-0.112577
0.547777
0.363327
0.159889
0.380181
-0.227565
0.748021
0.120379
-0.0285455
0.198864
-0.789932
0.335706
-0.433326
0.863932
0.463763
0.0807424
-0.297034
0.76305
-0.402676
-0.266608
0.376789
0.457531
0.477969
-0.31248
0.746087
0.724992
-0.584178
-0.480014
-0.344048
0.483382
0.419947
0.295594
0.47035
-0.0342899
-0.566234
0.496629
-0.520005
0.729975
-0.0191903
-0.317344
-0.740144
0.45678
-0.609023
-0.531604
0.165566
-0.35189
-0.549182
0.865255
-0.443814
0.183958
-0.101901
0.598743
0.112028
-0.487572
-0.366556
-0.212621
-0.463711
-0.821624
-0.168923
-0.559794
0.162061
-0.203214
0.471718
-0.082553
0.12877
0.389246
-0.159601
-0.328524
0.543403
0.539192
0.821787
-0.293505
-0.827386
-0.524269
0.589653
0.481598
-0.700689
-0.911559
-0.241106
0.129424
0.313903
-0.72364
0.417245
0.557126
-0.292221
0.799321
-0.153384
0.464828
-0.346626
-0.259209
0.208367
0.816806
-0.391476
0.155866
0.323791
-0.182819
-0.238709
-0.20942
-0.42353
0.0171748
-0.533905
0.677236
0.070225
0.514433
0.753063
-0.634885
0.466841
-0.725808
0.0843767
0.303615
-0.583773
-0.544005
0.199317
-0.286562
0.671306
-0.0460645
0.375153
-0.459529
-0.83676
0.5814
-0.0036584
0.202976
-0.970634
-0.64194
0.485047
-0.938037
-0.296004
-0.0678773
0.0823755
0.249291
-0.666482
0.158292
-0.215499
-0.279949
-0.907152
0.155451
0.956515
0.206455
0.733332
0.356178
-0.865778
0.605611
0.716801
0.0286653
0.419904
-0.603815
-0.713352
0.432533
0.257867
-0.647979
-0.428057
-0.144858
0.138888
0.0641811
0.303958
0.624975
0.669714
0.334004
0.107274
-0.53533
0.208423
-0.34731
-0.650015
0.391734
-0.838134
0.507847
-0.273511
0.233529
-0.212886
-0.194869
-0.30483
-0.45518
-0.431234
-0.39657
-0.868549
0.348003
0.566884
0.779769
0.179026
-0.483856
-0.105917
-0.334127
0.409909
-0.278459
-0.275487
0.802856
0.481656
0.063188
0.198374
-0.173012
0.622562
0.0914361
0.321526
-0.25462
0.528338
0.784303
-0.118313
0.251966
0.958426
0.37703
0.37248
0.511186
-0.855122
-0.362888
0.114843
0.568604
-0.547968
0.60712
0.546552
0.312531
0.233895
0.459079
0.86353
-0.802565
-0.419427
0.300671
-0.559112
-0.536512
-0.21762
0.206332
0.850829
0.722016
-0.64395
0.322541
0.377909
-0.784038
0.518481
-0.760187
0.478403
0.918269
0.197772
-0.730469
-0.34205
-0.817948
0.0206073
0.569707
0.179573
0.916291
-0.112807
0.91838
0.0987175
0.580019
0.122886
0.546126
-0.363703
-0.543276
-0.706007
0.818814
0.335477
0.434195
-0.123567
0.246452
0.40044
-0.227892
0.250807
-0.218976
0.496505
-0.849891
0.483688
-0.446385
0.304036
-0.230271
-0.211792
-0.201163
-0.0903557
-0.749267
0.558672
-0.0423604
-0.0864801
-0.390516
-0.641674
-0.476593
0.716935
0.73921
-0.610582
0.427422
0.888116
-0.487275
0.479538
-0.210295
0.228984
-0.0300649
0.24345
0.878549
-0.255232
-0.143349
0.972387
-0.451925
-0.801642
0.582021
0.258829
0.549196
0.827142
0.00884113
-0.654994
-0.771377
-0.386451
0.800582
-0.345973
0.766181
-0.340649
0.935337
0.326618
-0.104798
0.645915
0.0292397
0.465858
0.0110653
0.588536
-0.0673286
-0.958089
0.284707
-0.829386
-0.475301
-0.728014
-0.641537
0.114718
-0.399425
0.322524
-0.797825
-0.0232062
0.342608
-0.0113895
-0.936866
0.321774
0.169303
0.295213
-0.451843
0.887905
0.381043
0.416439
0.672725
-0.0774447
0.357452
-0.83146
0.53875
-0.179986
0.682369
-0.337795
0.268373
0.2007
-0.278145
0.340771
0.172232
0.887301
0.0672866
0.657745
-0.0868628
-0.3952
-0.458613
-0.391356
-0.857219
-0.323758
-0.769935
-0.622773
-0.308282
-0.625117
-0.0203173
-0.381212
0.772567
0.28268
0.606438
-0.633554
0.770016
0.14241
-0.301339
-0.785238
0.16645
0.31904
0.60172
-0.7036
0.337155
0.280276
-0.275703
-0.841623
0.605559
-0.0879973
0.129146
0.101006
-0.01985
0.818913
0.02707
0.251227
0.844709
-0.40114
0.642338
-0.130389
-0.41217
0.902663
0.817047
0.280274
0.497467
-0.8159
-0.729972
0.351543
0.476979
0.638256
0.163087
-0.705338
0.478854
-0.301142
-0.683264
0.601001
-0.206429
-0.0141732
0.520556
0.120834
-0.0758828
0.559408
0.579226
-0.747655
0.144935
-0.752088
-0.715626
-0.384715
0.0748479
-0.892843
0.452251
-0.423046
-0.170701
0.912798
-0.789146
-0.224395
0.567893
-0.474921
-0.651551
0.336474
0.495817
-0.28339
0.479238
0.696014
-0.438109
-0.188431
-0.267891
-0.0185753
-0.777871
-0.0512004
0.509908
-0.812923
-0.201584
-0.729209
0.631493
0.155588
0.506495
0.371206
0.669426
-0.501969
-0.314893
0.738198
0.467407
-0.108599
0.264186
0.577171
-0.948376
0.253643
0.727218
-0.200444
0.379778
0.776216
-0.292692
0.942693
-0.0415928
0.513337
-0.284018
0.851066
-0.662933
-0.383771
-0.914789
-0.0053517
-0.466675
-0.111639
0.586925
0.384995
0.634146
-0.712767
-0.615457
-0.780374
-0.39821
0.404255
0.450252
-0.653613
0.028163
-0.307014
0.551456
0.700754
0.0880008
0.827555
-0.243735
-0.149583
-0.282331
0.0122026
0.592442
0.221904
0.361705
-0.571543
-0.507995
-0.468645
0.269413
0.416065
0.440174
0.228587
-0.915173
-0.120714
0.314454
0.680935
0.688355
0.503601
0.211787
0.222332
0.289124
-0.797853
0.442306
0.763899
-0.551219
-0.306375
0.274291
0.183489
0.108142
-0.667819
0.328073
0.148613
0.631942
-0.46998
0.279105
0.094402
-0.0483409
0.0572274
-0.588504
-0.113821
-0.341096
-0.388824
-0.0136693
0.338265
0.373202
-0.909233
0.828133
-0.0723046
-0.82319
-0.084526
0.421514
-0.518857
0.361471
-0.401298
-0.355207
-0.566208
0.186903
0.443013
0.309012
0.446521
-0.455206
-0.503069
0.12332
0.731633
-0.117068
0.73918
-0.105524
-0.915376
-0.141363
0.915376
0.418445
-0.607676
0.360026
-0.508138
0.236864
-0.575559
-0.150366
-0.571377
0.406056
0.479092
-0.075661
-0.0474132
-0.40411
-0.422286
0.764986
-0.163153
0.562282
0.315386
0.48597
-0.171776
0.509505
0.326223
0.0975909
0.406714
-0.605185
-0.292164
-0.59021
-0.213303
0.739142
-0.620026
0.684285
0.486858
0.739649
-0.5584
0.36965
0.551635
-0.764938
0.282182
0.902208
0.176018
0.170616
-0.750469
0.262769
0.854783
0.406418
-0.086303
0.368485
-0.446742
0.62276
-0.427496
0.182848
0.891541
0.297177
-0.375891
-0.772559
0.0651624
-0.500712
0.535111
0.29009
0.880553
-0.0671835
-0.0833793
0.308934
-0.487311
-0.317099
0.167718
-0.32616
-0.855712
0.798545
-0.126651
0.331767
-0.43455
-0.660744
0.72017
-0.365398
0.45171
-0.862798
-0.282904
-0.547888
0.0453115
-0.479862
-0.268718
0.988888
-0.145661
-0.597372
-0.191318
-0.942503
-0.239602
-0.567948
0.300271
0.416727
0.391706
0.532311
-0.792056
-0.146342
-0.623213
0.00960985
-0.488647
0.727631
-0.537692
-0.526877
-0.145598
-0.0574422
-0.621487
0.424655
-0.869559
-0.716391
-0.528223
0.95397
-0.138835
0.284433
-0.182321
0.803807
-0.0148528
-0.884412
0.170982
0.826648
0.0118949
0.527643
-0.3414
-0.439806
-0.392518
-0.407371
-0.896037
-0.0670193
0.725476
-0.250094
-0.196667
0.950074
0.177902
-0.168559
0.614136
-0.520684
0.247075
0.794135
-0.44389
0.0525648
-0.245286
0.423189
0.866952
-0.481089
-0.446209
0.385464
0.238169
-0.591788
-0.199037
-0.220172
0.607392
-0.555524
-0.299316
-0.745525
-0.305264
0.193418
-0.121304
0.731334
-0.337433
-0.832372
-0.470076
0.845527
0.292156
0.0396478
0.638156
0.412365
-0.656735
0.170647
-0.638453
-0.0726945
-0.646336
-0.0797989
0.55525
-0.716416
-0.388065
-0.656914
-0.134547
-0.0930455
0.659579
-0.95153
0.114547
-0.524675
0.166607
-0.716481
-0.386091
-0.394663
-0.474804
-0.769874
-0.363673
0.852605
0.319964
-0.361817
-0.6829
-0.769708
0.552953
0.222628
0.198038
-0.0159269
-0.161607
-0.693083
-0.643644
0.560209
0.308266
-0.718356
0.00330187
-0.939616
0.0993656
-0.708085
0.701573
-0.192304
-0.211779
-0.268535
-0.361586
0.241759
-0.0497806
-0.283375
-0.808483
-0.685222
0.409109
-0.094755
0.175793
0.694489
0.361872
-0.163248
0.63236
0.131446
-0.952141
-0.436839
-0.452448
0.662772
-0.572826
0.74763
-0.461895
-0.228489
-0.0493437
0.513945
-0.734631
-0.665175
-0.088286
0.966098
0.011137
-0.172819
-0.0121104
0.0614541
0.64026
0.374891
-0.116648
-0.204934
-0.122486
0.133623
0.00852879
-0.782391
-0.521604
0.665598
0.158466
0.309417
0.947581
-0.759
0.155184
-0.238601
-0.785004
-0.793483
0.0628857
0.177168
0.367866
-0.427852
0.743852
-0.845412
-0.517875
0.393523
-0.489586
0.850674
-0.113099
0.0192792
-0.577232
-0.321084
-0.0709921
0.409126
0.199018
0.0024746
0.884664
0.536077
0.326526
0.0359379
0.357219
0.248471
0.321569
-0.520587
-0.163483
0.633134
-0.701199
0.0277257
0.708807
-0.15912
0.762993
-0.375531
0.152133
-0.315616
-0.61686
-0.356336
0.486914
0.883108
-0.107747
0.87074
0.482369
-0.244384
0.152145
0.0482628
-0.534442
-0.812344
0.517051
0.403943
0.150391
-0.531083
0.511233
0.480057
0.226233
-0.00284711
-0.17512
-0.393946
0.414662
0.575378
-0.364179
-0.0746165
0.539918
-0.178748
0.21291
0.175335
-0.268629
-0.423621
0.365811
0.2942
-0.242992
0.335421
0.206327
0.215162
0.484601
0.217454
-0.481928
0.747709
-0.418892
-0.390757
0.240795
-0.90841
-0.0505359
-0.398417
0.825795
0.0887763
0.225028
0.667407
-0.508816
0.130963
0.826893
0.814736
-0.35334
0.420173
-0.747948
0.473871
-0.748219
0.321597
-0.813217
-0.160514
0.772977
-0.126317
0.696191
-0.444139
-0.110066
0.712232
0.360196
0.653974
0.00704586
0.119473
-0.554596
0.414191
-0.467263
-0.466273
-0.619642
0.884389
0.436664
0.0696795
0.777669
-0.300408
-0.633587
0.0866821
0.409336
-0.596504
0.543128
0.705591
-0.523158
-0.24759
0.410634
0.53433
-0.525269
0.0393829
0.0429882
0.038133
-0.422727
-0.499581
-0.749094
0.657887
-0.723923
-0.371058
0.257076
-0.275278
0.866822
0.469261
0.240428
0.0535625
-0.272552
0.732495
-0.0418235
0.320521
0.0907649
0.872458
-0.359726
0.160273
-0.198129
0.710378
-0.110491
-0.58678
0.518148
-0.348107
-0.459735
-0.708311
0.151549
-0.738329
-0.597032
0.230315
-0.195717
-0.285375
-0.275349
0.273282
0.118919
0.270468
-0.217544
0.191983
-0.147326
0.343043
0.318026
-0.24413
-0.77919
0.534642
0.828582
0.0461254
0.882433
-0.588901
-0.315665
0.808806
-0.0598704
-0.83906
0.231803
-0.00362834
0.341162
-0.146271
0.24818
-0.108881
-0.932465
0.0521734
0.137488
-0.703544
0.0727726
0.286026
0.0414628
0.79851
-0.0894456
0.0496227
-0.218616
0.599541
-0.587843
0.130796
-0.374038
0.137452
0.84135
-0.879184
0.284754
0.227928
-0.547008
-0.656743
0.582002
-0.117671
0.0334838
0.318864
-0.215468
0.173608
-0.6668
0.213808
0.211737
0.793739
0.586383
0.619867
-0.0955464
0.617327
0.519381
0.112516
0.0406726
0.442208
-0.434678
-0.305229
-0.864714
-0.776124
-0.453272
0.777116
-0.300323
0.105753
0.59659
-0.578642
0.294161
0.158875
0.18808
-0.641352
-0.574451
-0.393748
0.605661
0.343311
0.35728
0.303816
-0.408474
0.292345
-0.383482
-0.31848
0.595577
0.0140449
0.883538
-0.864066
-0.00285725
0.85581
-0.453877
0.283709
0.450744
0.675351
-0.694519
-0.648744
-0.646196
-0.869855
0.402564
0.872291
0.31692
-0.53001
-0.380686
0.072869
-0.331723
-0.390556
0.318554
0.562874
0.570435
0.108933
0.0946546
-0.555765
0.209286
-0.306264
0.274744
-0.413264
0.00197271
0.488472
-0.192838
-0.576625
0.372478
0.775173
-0.257158
0.0169772
0.11444
0.767834
-0.157659
-0.133798
0.495071
-0.176412
-0.195468
-0.565616
0.363704
-0.478144
-0.461772
-0.619431
0.26014
0.755211
0.0885848
-0.284053
0.578358
-0.316608
0.838363
0.773275
-0.192315
0.438293
0.756234
0.509462
-0.542889
-0.474511
0.0831504
-0.0624633
-0.192884
0.81795
-0.21096
-0.525198
-0.287186
-0.526444
-0.0799696
0.1021
0.193846
-0.193321
-0.422187
0.204095
-0.216129
0.771868
-0.0767746
-0.111435
-0.792832
0.0974182
-0.301182
-0.385514
0.864731
0.278286
0.415636
0.514321
0.705744
0.25732
-0.756203
-0.718961
0.0438884
0.323202
0.651897
-0.921023
0.0660866
-0.308169
0.36194
-0.285073
0.669082
-0.749713
0.470893
-0.174186
-0.027762
0.813253
-0.345881
-0.132479
-0.17556
0.764819
-0.235968
-0.000481399
0.468665
-0.43724
0.650786
-0.233018
-0.15007
-0.539183
0.3651
-0.333251
-0.30094
0.422572
-0.114978
-0.197298
-0.0335338
-0.107567
0.617196
-0.669389
-0.616361
-0.917301
0.0380699
-0.00872794
-0.239511
0.0430808
-0.0273609
0.599467
-0.137868
0.607869
0.358434
0.252184
-0.380275
-0.619786
0.427625
-0.42004
-0.213737
0.440622
-0.185184
0.543618
0.76798
-0.148255
0.525591
-0.511556
-0.135386
0.304511
0.297546
0.48273
-0.676391
0.444371
0.49546
-0.021051
0.402516
-0.096824
-0.955852
0.190968
-0.774895
0.558787
0.504822
-0.326752
-0.169623
-0.959276
-0.187561
-0.0664256
-0.400805
0.422344
-0.797576
0.548006
-0.0870584
0.637914
-0.526382
-0.902381
-0.0770846
0.486016
0.696482
-0.165424
0.783433
-0.161628
0.75744
0.080341
0.0267969
0.169533
0.055071
-0.127075
-0.219631
-0.606175
-0.711595
-0.442785
0.298232
-0.0290225
0.065247
0.0272765
0.329823
-0.724095
0.112295
-0.104377
-0.399068
0.417101
0.274334
0.0189439
-0.921406
-0.576736
-0.721997
-0.449324
0.611392
0.69189
0.386535
0.179428
0.371619
0.203167
-0.960262
-0.852645
0.269636
0.735543
0.135677
-0.0894644
0.907438
0.361458
-0.0712996
-0.567745
-0.573253
0.147107
0.905376
0.617
-0.259682
-0.556938
0.542495
0.466534
-0.417457
0.475099
0.732128
0.637504
-0.105781
-0.365463
0.794219
-0.396946
0.722
0.139456
0.717797
-0.449925
-0.392152
-0.497933
0.243544
0.0377635
0.548794
-0.434004
-0.799041
0.0255495
0.741232
0.724839
-0.538478
0.297164
0.738322
-0.511742
0.321925
0.155548
0.905049
0.426801
-0.562051
0.3096
-0.169602
0.612238
0.496724
-0.18604
-0.948231
0.328984
-0.0394933
0.0336
0.231754
-0.343956
-0.474596
0.953323
0.260652
0.388911
-0.0800155
0.769573
0.322553
0.680533
0.168979
-0.513136
0.334841
0.328506
-0.748488
-0.174105
0.137641
0.460194
-0.364238
0.625753
-0.378033
-0.482582
0.287613
0.429072
-0.0691932
0.485518
0.863016
0.808945
0.474749
0.764535
-0.0113702
-0.214292
-0.106398
-0.817123
0.0802733
0.5758
-0.147892
0.632875
-0.316143
-0.888259
0.121059
-0.510221
0.231629
0.39733
0.36817
-0.0336599
-0.159792
-0.0604137
0.278843
-0.573999
-0.641868
-0.675528
0.0300141
-0.625372
-0.338068
-0.663681
-0.430112
0.728825
-0.270095
-0.215136
-0.813491
0.0871891
0.147329
-0.0175504
-0.539848
0.048194
-0.515333
-0.00325663
-0.235404
-0.577796
0.156912
-0.247752
-0.389379
-0.250478
-0.420636
-0.648984
-0.282075
-0.369899
0.135858
-0.321858
-0.763808
0.611699
0.421971
-0.483215
0.434697
0.832504
-0.19918
0.388011
0.161111
-0.0463431
0.797247
-0.74074
0.358766
0.0334926
-0.0182685
-0.157718
-0.589532
-0.572791
-0.0342225
0.147305
0.625561
0.345361
-0.875167
-0.588414
0.509596
0.45986
0.667364
0.030138
-0.260724
0.886285
-0.332565
0.207732
0.910973
0.0982672
0.451664
0.180617
-0.116274
0.433589
-0.300524
0.633089
0.349308
0.26028
0.501384
0.441465
-0.0322215
-0.857244
0.193558
-0.195679
-0.970523
0.122006
0.584211
0.425032
-0.383495
0.064344
0.899396
-0.832119
-0.296586
-0.267109
0.828515
0.813543
0.32048
0.0941609
-0.408485
0.422687
-0.320496
-0.617082
0.0904192
-0.670727
-0.319928
-0.0305931
-0.142458
0.0673846
-0.115012
0.435509
-0.00959378
