0
0
0.14237
0.727778
0.220697
0.465874
-0.440293
-0.0194669
0.920178
-0.962668
0.190713
-0.500106
-0.327575
-0.0474608
-0.0301837
-0.689403
0.0595205
0.299855
-0.93577
0.958804
0.586565
0.910884
0.145336
0.341068
-0.617315
-0.96109
0.840742
-0.671232
-0.992588
0.619173
0.208104
0.0467212
-0.701949
0.316158
0.617126
-0.825549
0.407303
-0.80268
-0.0311472
-0.0128814
0.710551
-0.31487
-0.325943
0.0713449
0.598537
0.937703
-0.778245
-0.179684
-0.441875
-0.500588
-0.314626
-0.470555
0.87926
-0.686076
0.232071
-0.13456
-0.354633
0.733032
-0.940988
0.971091
-0.442512
-0.563357
0.380347
-0.59543
-0.524765
0.785478
-0.203117
-0.184985
0.533764
-0.2806
0.438374
-0.717639
-0.433264
-0.91119
0.222764
0.966523
0.080169
-0.341947
-0.931543
-0.290829
-0.920395
0.134866
0.404797
0.609448
0.434895
-0.113209
0.778949
-0.786749
0.869639
0.968609
-0.054748
-0.570569
-0.0794298
-0.961677
-0.812741
-0.157388
-0.781095
0.886979
-0.660025
0.633997
0.0894938
-0.464891
-0.477827
0.561566
-0.627297
0.897786
-0.339555
-0.0327735
-0.319388
-0.130943
-0.758265
0.121752
-0.356267
0.866608
-0.262222
0.978006
-0.127166
0.488653
0.849215
-0.0784904
0.145089
-0.103758
-0.525068
0.488446
0.955572
0.739185
-0.996675
-0.509135
0.163545
-0.619929
0.512286
0.930107
0.338285
0.214646
-0.120756
0.683913
0.801902
-0.814279
0.753817
0.939905
-0.503485
0.202823
-0.159669
-0.730292
0.781299
-0.574911
-0.0891358
0.451138
-0.149572
-0.0336523
0.181869
0.73931
0.809736
0.918212
-0.553187
-0.670231
-0.00853023
0.564759
-0.848053
-0.0219562
0.706398
0.413663
-0.0738598
0.0252727
0.482548
0.566442
-0.960868
-0.467728
-0.9013
-0.0154034
0.749942
-0.6084
-0.793602
0.465216
-0.353534
0.239856
-0.699093
-0.820379
-0.0548543
0.552091
-0.34574
0.617672
-0.107196
-0.624048
0.0864403
-0.0475596
-0.177637
0.485202
-0.535015
-0.175129
0.427499
0.998525
-0.301868
0.411389
0.352361
0.607331
-0.742741
-0.719459
-0.00521372
-0.501305
0.223135
0.920647
-0.202241
0.861518
-0.363694
-0.0623037
0.197203
-0.467484
-0.693527
-0.930185
0.729549
-0.43736
-0.671288
0.538531
0.663136
0.131544
0.991314
-0.420083
0.903054
0.97524
0.811771
0.840146
0.0588909
-0.769873
-0.384482
-0.255078
0.988993
0.328967
0.994459
0.990683
-0.818944
0.702377
0.561628
-0.59894
-0.675828
-0.155988
-0.101723
-0.710236
-0.449012
0.0115768
0.328117
0.128181
0.849129
0.162249
-0.606072
-0.843735
0.00678202
-0.0865268
0.503053
-0.159414
-0.0308499
0.929132
0.694405
-0.385562
0.772475
0.239625
0.0420911
-0.168866
-0.948916
0.3767
0.442902
0.966466
0.649768
-0.054438
-0.779414
0.500525
-0.373759
-0.500838
0.591999
0.0962523
0.0251755
0.706885
-0.269563
0.562337
0.747457
0.430996
0.456688
-0.831316
0.641406
0.390012
0.236547
0.211862
0.245088
0.0306308
-0.954052
0.787826
0.771578
-0.947399
-0.484155
0.330763
0.863921
-0.526533
0.285064
-0.789282
-0.0936252
-0.977508
0.941456
0.359228
-0.731663
0.650759
-0.212768
-0.442866
-0.0479387
0.297548
-0.754031
0.164845
0.960984
0.599138
0.910622
-0.536841
0.867807
-0.140068
-0.565485
0.389147
0.641684
-0.277149
-0.0833667
0.831915
-0.470192
-0.482353
-0.199162
-0.48454
-0.865019
0.625663
0.555754
-0.748918
-0.182661
0.798441
-0.955486
0.385458
0.739116
-0.229228
-0.298659
0.995349
-0.616846
0.91718
0.0611954
-0.00987757
0.362364
-0.029278
0.547459
0.784715
0.881113
0.402138
0.736936
-0.527193
-0.0500561
-0.388893
-0.375619
-0.480425
0.185664
-0.690498
-0.479469
-0.417593
0.130534
0.174046
-0.297047
-0.682198
0.127941
-0.589761
-0.453116
-0.457124
-0.831011
-0.873437
-0.579752
-0.566799
0.75176
-0.19583
-0.908886
0.253293
0.258328
0.471451
-0.677377
0.757217
-0.11311
0.481992
0.391055
-0.890355
0.368786
0.201967
0.870322
0.559516
-0.960046
0.551382
0.751115
0.689781
0.541425
-0.603095
-0.556988
0.531047
-0.115031
0.762056
-0.929247
0.447615
0.190597
-0.737946
0.65646
-0.697899
0.0580937
0.64593
0.714701
0.522735
-0.541482
0.44832
0.000465462
-0.311029
0.862003
0.044443
0.748704
0.343572
-0.0310141
-0.681353
0.854105
-0.509316
-0.198367
0.672374
-0.621116
0.58602
-0.17018
-0.930584
-0.398279
-0.688296
-0.56269
-0.95071
-0.29997
-0.801066
0.191946
-0.129068
0.310332
0.79383
-0.225494
0.320024
0.600156
0.607371
0.78999
-0.148477
0.993863
0.188149
-0.77578
-0.505459
0.720758
-0.45269
0.38261
-0.364622
0.908043
-0.211239
0.946584
-0.735195
-0.163091
-0.400453
-0.377865
-0.493604
0.435968
0.767646
-0.439349
0.751046
-0.503803
0.889567
-0.0374047
0.257649
-0.344129
0.522339
0.112304
0.714179
-0.935336
-0.565765
-0.753942
-0.493731
-0.97328
-0.96837
-0.98446
-0.742309
-0.694606
0.223962
-0.694999
-0.0157584
0.39748
0.786749
0.918759
0.956601
0.30073
0.32901
0.535045
0.354803
0.55593
0.577774
-0.171382
-0.840555
-0.474861
0.111704
-0.00873244
-0.510076
-0.138074
-0.00503038
0.825124
0.533692
0.696499
-0.067487
-0.140387
-0.888478
-0.280131
0.299807
0.689812
0.144755
-0.888597
-0.616337
-0.343733
-0.468266
0.776684
0.187746
-0.658054
0.488337
-0.00760597
-0.750906
-0.0730403
-0.529939
0.699376
0.752734
0.530567
0.507737
0.795946
-0.403928
-0.841759
-0.247512
-0.626219
-0.803003
0.311556
0.848379
0.480957
-0.349677
-0.343018
0.741112
0.843764
0.340787
-0.376936
-0.84081
-0.348745
0.244474
-0.996263
0.380796
-0.585819
-0.269386
-0.919833
0.544766
-0.895091
0.0438491
-0.520978
-0.025855
0.311213
-0.907618
0.322808
-0.352728
-0.401307
-0.310303
-0.32723
-0.0783051
-0.366532
0.503467
-0.337488
-0.349553
-0.889337
0.29986
-0.322232
-0.800219
-0.0746068
0.522332
0.984204
0.808968
-0.241097
0.276854
0.297036
0.887462
0.317517
0.507035
-0.000780489
0.693846
0.630079
0.33046
-0.820842
-0.412439
0.012869
-0.944939
0.561376
-0.263489
-0.361579
0.182876
-0.805686
-0.596541
-0.0589067
0.530273
-0.360191
-0.437999
-0.0635548
-0.559092
0.72483
-0.635375
0.813059
-0.242085
0.731423
0.522167
-0.891174
0.135479
-0.142543
-0.229884
-0.904537
-0.167282
0.711964
-0.168663
0.86784
0.630335
0.86859
0.595473
-0.755922
-0.911315
-0.325139
-0.358973
0.195695
-0.640989
0.291398
-0.205826
-0.914548
0.777754
0.233442
0.345168
-0.672023
-0.938838
0.780988
0.0115316
0.872554
-0.0954774
0.20247
-0.0847052
0.877662
0.723883
-0.853254
0.17031
-0.842335
0.581291
-0.555842
0.633828
0.445583
0.859699
-0.471648
-0.0373524
-0.468127
-0.089111
0.259277
-0.174321
0.475232
-0.453408
0.314675
0.97358
-0.207878
-0.251011
-0.448146
0.471308
-0.259333
-0.593211
-0.484474
0.805674
0.65229
-0.226791
0.613882
-0.691226
-0.182705
0.941574
-0.138143
0.614747
0.952677
0.707774
0.513868
0.81654
0.47549
-0.962366
0.31452
7.98488e-05
-0.108155
0.898025
-0.544009
0.521341
0.283429
0.144947
-0.079475
-0.294891
-0.0422067
-0.769568
-0.948282
-0.837682
0.0309796
-0.0126488
0.588364
-0.410414
-0.705592
-0.087778
-0.248199
0.369561
-0.393437
0.457971
-0.177909
0.505929
-0.149804
-0.623403
-0.743266
-0.984883
-0.310621
0.0349995
0.158099
0.788074
0.822951
0.806738
-0.260777
0.468497
0.574845
0.659296
-0.0167415
-0.689388
-0.446803
-0.237269
-0.898466
0.461375
0.938643
0.918636
-0.811768
0.323629
0.541998
0.715075
-0.21242
-0.42747
0.818195
-0.562505
0.166328
-0.779468
-0.0253291
0.647177
-0.629897
-0.284108
-0.64481
0.870102
-0.748059
0.101631
0.737556
0.916611
0.107292
-0.884444
-0.907363
0.192791
-0.430116
-0.0661411
-0.338135
-0.144563
-0.946801
0.683492
0.273273
-0.52791
-0.771032
0.544639
-0.563805
0.0409489
-0.403542
-0.469778
-0.802162
-0.567023
-0.543827
-0.757904
0.856432
0.469306
-0.880635
0.735228
-0.903188
0.132574
0.525017
0.818073
-0.928352
0.963146
-0.806899
-0.366974
-0.836163
-0.644582
-0.858373
-0.815669
-0.661035
-0.341272
0.539872
0.530108
-0.839889
-0.240248
-0.275823
-0.510419
0.984985
0.103062
-0.334429
0.481247
0.110541
0.766136
0.205937
0.286375
0.476757
0.657716
-0.564482
0.100242
-0.397569
-0.981482
-0.670053
-0.391633
0.109368
0.630156
-0.320973
-0.0179804
-0.365761
0.222688
-0.404431
0.572025
0.0667406
-0.428452
-0.187266
0.183072
-0.656119
-0.88223
0.371824
0.109886
-0.199478
-0.975029
0.917787
-0.138291
0.402677
0.916883
-0.967282
-0.0306314
-0.764648
-0.733812
0.0383668
0.0758806
0.827836
-0.964285
-0.876862
-0.674933
0.988655
0.139001
-0.143952
0.369268
0.0376377
-0.553493
0.488858
-0.910473
0.246791
0.685076
0.408401
0.0728849
-0.560758
0.243843
-0.232027
0.724788
-0.697155
-0.0669135
0.972356
0.816158
0.515203
-0.0367721
-0.411497
0.404026
0.74817
-0.482297
-0.682287
-0.175975
-0.927648
-0.814167
0.510464
-0.00519573
-0.437362
0.950915
-0.915122
-0.367621
0.861905
-0.886832
-0.352875
0.506825
0.0337577
0.342075
-0.504661
-0.0822739
-0.318756
-0.446136
-0.189201
0.245105
-0.680762
0.468527
-0.424559
0.0640601
0.423802
-0.915283
-0.942528
0.253707
-0.331119
0.857049
0.00747253
0.710039
0.778914
0.724562
-0.552179
-0.699127
0.116322
-0.718885
0.874439
0.444887
-0.317063
-0.843841
0.532045
0.415432
0.836079
-0.298646
-0.885407
0.915118
-0.833915
0.830999
0.151476
-0.476106
0.273417
0.967968
0.623819
-0.664774
-0.00611289
0.590365
0.671238
0.579849
0.173249
-0.458908
0.146866
0.0160356
-0.79098
0.0238763
-0.413853
0.077232
0.732898
-0.255289
-0.0892944
-0.551976
0.487175
0.426935
0.786691
-0.402519
-0.573068
0.183742
-0.14966
0.304737
0.479972
-0.826841
0.821449
0.737213
-0.542101
-0.859933
0.355481
0.03486
0.488434
0.38744
0.31173
-0.43455
0.214809
-0.799373
0.204277
-0.2205
0.871919
-0.572387
-0.399136
0.0850636
0.88546
-0.889619
0.649516
0.652327
0.324987
-0.454185
0.442442
-0.862826
-0.899077
-0.700857
0.572903
0.995187
-0.794548
0.792437
-0.726065
0.137534
0.886776
-0.329274
-0.499886
-0.887047
0.878197
-0.785065
0.042203
-0.864419
0.0510857
0.80648
0.351102
0.556869
-0.996169
-0.0681375
0.857837
0.250729
0.136431
0.16446
-0.987142
0.929465
-0.445614
-0.97803
-0.38954
-0.579222
0.247931
-0.968573
-0.736332
-0.345758
0.589287
-0.192985
0.294386
0.780266
-0.979899
0.39317
-0.907127
0.399965
-0.656751
0.719686
0.453191
0.90835
0.891644
0.754175
-0.0528118
0.783724
0.01505
-0.604626
0.803182
-0.747149
0.600986
0.351836
0.929164
0.778583
0.878124
-0.617328
-0.575415
0.000316872
0.860607
-0.892617
0.442106
0.0983598
0.0543647
-0.604507
0.529051
-0.807897
-0.834215
0.515131
0.250611
-0.697405
0.5752
0.337187
-0.891715
0.13043
0.807505
0.975752
-0.418897
-0.151988
0.779652
0.105071
0.875394
0.691605
-0.905542
0.446366
-0.0926624
0.722554
-0.95337
-0.360524
-0.944333
-0.565405
-0.116356
-0.0392928
-0.432574
0.350565
-0.397773
0.103247
-0.274887
-0.746907
-0.0344375
-0.38809
-0.50527
0.961176
-0.0929962
0.792445
0.189952
0.093022
-0.477408
0.762006
0.0988042
0.267455
-0.373029
0.29092
0.712734
0.544012
-0.231121
0.866723
0.173373
-0.10444
-0.0204482
-0.865732
-0.205695
-0.156695
-0.758024
-0.442257
0.559958
0.5089
0.392332
-0.485139
-0.534229
0.574039
-0.992659
-0.295359
0.443317
0.529527
-0.346434
-0.0839911
0.835219
-0.0775268
-0.572919
-0.420201
-0.886827
-0.345825
-0.0881168
-0.826435
0.104793
0.15431
0.841711
0.340368
-0.754721
0.105217
-0.25759
0.417532
-0.741741
0.988239
-0.599284
-0.134833
-0.103787
-0.898477
-0.0040431
-0.954713
-0.324525
0.106138
-0.594912
0.234164
0.553419
0.899112
-0.355234
0.757004
-0.18195
0.20299
-0.240325
0.180782
0.370186
0.896654
0.586621
-0.54488
0.925742
-0.570917
-0.820774
0.430034
-0.503915
-0.300005
-0.235837
0.0531519
0.740189
0.896231
-0.656111
0.123617
-0.197224
0.880977
0.129589
0.267583
0.4011
-0.12505
0.673598
0.600163
-0.803856
0.639911
-0.865333
0.662071
-0.233117
-0.818794
-0.599887
0.946581
-0.75553
-0.613356
-0.064939
-0.0360201
0.0975163
0.070202
0.384112
0.54316
-0.847352
-0.532525
0.65183
-0.945457
0.309636
-0.400477
-0.341598
-0.330222
0.247328
0.222503
-0.523331
0.550912
-0.430295
0.835079
0.365426
-0.825191
-0.854287
0.318044
0.878535
0.768876
0.807862
0.595379
0.0780077
0.0112793
-0.00854961
0.134758
0.425924
0.979563
0.865879
-0.468983
-0.332035
-0.302386
-0.912563
0.814395
-0.953339
-0.639032
0.27195
-0.19369
0.734475
0.141633
-0.637666
-0.745905
-0.0172616
-0.882031
-0.175292
0.26247
-0.968757
0.148438
-0.119559
-0.760654
-0.840601
-0.167261
0.336012
-0.424863
-0.445093
-0.405251
-0.440095
-0.975549
-0.991175
-0.352854
0.529569
-0.853354
0.626596
-0.761858
0.0735335
-0.514963
-0.725178
0.97613
0.461507
0.915787
0.480601
-0.793615
-0.600734
-0.91922
-0.631104
-0.911679
0.023414
-0.935067
-0.795075
-0.722998
-0.479489
-0.905149
0.167238
0.60177
0.633607
0.707843
-0.229728
0.639358
-0.912282
0.0396738
-0.374389
0.445997
-0.107851
0.986549
-0.843947
-0.75358
-0.23041
-0.999615
-0.0373263
-0.80505
0.218574
0.758497
-0.218435
-0.199122
-0.619778
-0.111506
-0.585986
-0.0666321
-0.48851
0.646696
0.264188
0.820474
-0.220704
-0.632115
0.656477
-0.927398
0.152721
-0.562175
0.795117
-0.76383
0.507987
-0.401977
0.891798
-0.0852991
0.96903
-0.386938
0.0926025
0.316433
0.0580442
0.354763
0.0116394
-0.247247
0.820082
-0.94858
0.831863
-0.0897087
-0.833623
-0.649592
0.604247
0.186101
-0.0418472
0.435675
0.188059
-0.519702
-0.0627194
-0.473588
0.679706
-0.833794
0.498027
0.467523
0.506112
0.121781
-0.716507
-0.182089
0.603825
0.950745
0.609789
0.673557
-0.458484
-0.0226126
0.720707
-0.564406
0.800956
0.25044
-0.861439
-0.465815
-0.153277
0.757449
0.927921
0.268941
-0.96661
-0.0627747
-0.99311
-0.945676
-0.440173
-0.539321
0.716708
0.65204
0.179111
-0.795946
0.970068
0.207591
-0.630293
0.954682
0.362847
-0.458612
-0.192723
0.174969
0.0789063
-0.363019
0.0499187
0.860313
-0.358608
-0.345759
-0.0722074
0.399391
-0.793125
0.406686
-0.997524
-0.49356
0.163734
0.974657
0.989103
0.200183
-0.553572
0.489443
0.547116
0.443302
-0.830039
0.886438
0.408445
0.366129
-0.967079
0.841589
-0.944341
0.63818
0.38172
-0.367684
-0.771041
0.670696
-0.42967
0.097881
0.535641
0.10156
-0.141396
-0.727357
-0.258833
0.52895
0.944394
-0.502689
-0.697396
-0.692248
0.461903
-0.995463
-0.493112
0.508421
0.530833
0.107463
-0.681615
0.0833261
0.199035
-0.437186
-0.163908
-0.34628
-0.825892
0.547083
0.148035
-0.0104667
-0.502063
-0.393863
-0.356565
-0.819839
-0.881565
-0.077385
-0.508859
-0.317383
-0.230314
-0.506485
0.674845
-0.679789
0.0240069
0.404894
-0.514698
-0.815322
-0.302229
0.468531
0.822649
-0.895416
-0.794295
-0.200901
-0.19856
0.986307
-0.00132769
-0.40753
0.551195
-0.258214
0.0756703
0.151599
0.496468
-0.612338
0.893073
0.695238
-0.838672
0.204939
0.871425
0.346988
0.949012
-0.907811
0.72987
0.0900332
-0.66809
-0.488048
0.954799
-0.583043
-0.1881
-0.0721991
0.703871
0.905765
0.573297
-0.500762
0.889061
0.936754
0.630148
-0.970572
-0.365555
0.366291
0.230995
0.0353375
0.930917
-0.414201
-0.0975289
-0.873973
-0.438771
-0.630596
0.654387
-0.38157
0.159131
-0.936084
0.620239
-0.941467
0.9898
-0.433329
-0.760101
-0.924917
0.510817
0.705904
0.582375
-0.844102
-0.39685
0.813916
0.59606
-0.632345
-0.859523
0.907743
0.747576
0.744578
-0.26504
-0.539957
0.604666
0.390084
-0.310414
-0.463183
0.722365
0.52673
0.506874
-0.317186
-0.339234
-0.73215
0.432018
0.0590772
0.554794
-0.908969
-0.554932
-0.252783
0.92744
-0.0897193
0.445525
-0.577233
-0.328944
-0.0975096
-0.696844
0.723009
0.808348
-0.812386
-0.642864
-0.0473593
0.77045
-0.0771768
-0.507495
0.666072
-0.942991
-0.648667
-0.246281
0.458201
0.811154
-0.812016
-0.777972
0.0482574
-0.355021
0.130282
0.433116
0.818318
-0.194858
0.117668
-0.83953
-0.287884
-0.55245
0.0787537
0.444027
-0.977215
-0.775826
-0.536706
0.982863
0.922646
0.168441
-0.363111
0.554016
0.511606
-0.313058
0.465867
0.636106
-0.766765
0.506512
0.101626
0.0103104
-0.0437174
-0.0138636
0.698721
-0.146548
-0.712365
-0.526453
0.0219293
-0.0171112
0.706857
0.208836
-0.362577
0.455964
-0.0414482
0.197783
-0.368996
0.532301
0.463525
0.699373
-0.22271
0.956181
0.0682274
-0.92196
0.0713943
-0.0281362
0.105244
0.768583
0.654261
0.529042
-0.899438
0.867075
-0.442263
0.668721
-0.560311
0.815755
-0.581601
0.570214
-0.308048
-0.817031
-0.114276
-0.906639
-0.402956
-0.965804
-0.0511472
-0.700433
-0.111445
0.653179
0.857936
-0.189242
-0.34647
-0.552329
-0.763001
0.046712
0.325423
-0.670528
0.110164
0.749573
-0.35734
-0.587724
0.969769
0.402912
-0.754228
-0.465979
0.206888
0.537264
-0.272863
-0.995284
0.274743
-0.419287
-0.245947
-0.869
0.195084
0.627155
-0.131019
0.757822
-0.207997
0.59299
0.565978
-0.984898
0.0389923
0.0747315
-0.644444
-0.511131
-0.721503
-0.600985
0.820104
-0.489025
-0.357321
-0.782332
0.351782
-0.0354411
0.23622
0.708348
0.917802
0.0714721
0.706621
-0.0961125
-0.23523
0.398716
0.00585831
-0.302603
0.157951
-0.766985
-0.75686
0.258595
-0.0300137
-0.279112
0.59888
0.555296
-0.133257
-0.371755
-0.345521
0.699001
0.943324
-0.799994
-0.869996
-0.973435
0.599335
0.105018
-0.272817
0.454513
-0.685548
-0.202142
-0.712643
-0.134852
-0.540242
0.635433
0.51654
-0.418791
-0.740903
0.488733
-0.964886
-0.327313
-0.342997
0.768798
-0.863313
-0.656554
0.427634
0.775433
-0.255248
0.000334938
-0.382448
0.747109
-0.793319
0.4644
-0.560349
-0.951159
0.610267
0.137006
-0.636397
0.381254
-0.826093
-0.656461
-0.0745001
0.792853
0.946372
0.0752984
0.815065
0.682213
0.0955322
0.795927
0.272129
0.489026
0.773931
0.469839
-0.345549
0.264373
0.882866
-0.628661
-0.277192
-0.0837074
-0.0485414
0.554143
-0.34762
0.222293
0.642561
0.168773
-0.752089
-0.00277371
0.057835
0.553669
-0.87153
-0.837511
-0.108073
0.757716
-0.579294
-0.519178
-0.652667
-0.794826
-0.627868
-0.247326
-0.449125
-0.505395
0.905163
0.422358
-0.526821
-0.5641
-0.798568
0.113092
0.136333
0.145482
0.224248
-0.421172
-0.290396
0.179542
0.310901
-0.327036
-0.396719
-0.272039
0.95577
0.505747
-0.475639
-0.736976
-0.127269
0.754591
-0.37666
0.572767
-0.862091
0.897299
0.473216
0.21771
-0.378107
0.403532
-0.79938
-0.470814
-0.840192
0.434335
-0.817344
0.787787
-0.458755
-0.966582
-0.456749
0.153504
0.47802
0.720693
0.0610643
-0.810035
-0.294642
0.911603
0.932957
0.314475
-0.561904
0.150883
0.818386
0.691685
-0.525368
0.696097
-0.776638
0.629082
0.150729
0.814795
-0.83899
0.601421
0.505621
0.350969
-0.608281
0.117748
-0.313705
0.013496
0.00490814
-0.746696
0.205441
-0.837893
0.797554
-0.562447
-0.853263
0.731068
-0.00589524
-0.972388
-0.542149
0.648135
0.604822
-0.974113
-0.906892
0.221544
0.609755
-0.596892
-0.879054
-0.232878
-0.287446
-0.193488
0.765799
0.84337
0.0276204
-0.824172
-0.583993
-0.915365
-0.936036
0.959711
0.999886
0.0614686
0.891155
-0.694387
0.309056
-0.532717
0.927817
-0.34762
-0.523193
0.460431
0.131722
0.0792148
-0.951045
0.352035
0.256296
0.570721
0.516855
-0.70445
-0.730401
0.47376
-0.167405
-0.0987829
0.46138
0.0209969
0.621003
-0.289018
0.849215
0.885585
0.313495
-0.0689801
-0.111752
-0.441696
0.120282
0.0386643
-0.891229
-0.987034
0.858794
-0.434327
-0.0612546
-0.262768
-0.499299
-0.902568
-0.55179
0.398011
-0.793265
-0.993849
0.570482
-0.0400216
-0.106916
0.501567
0.697735
-0.862824
-0.0956175
0.857496
0.169457
-0.652502
-0.59565
-0.848115
0.295484
-0.251251
-0.784396
-0.00667192
0.359774
-0.963984
-0.857968
-0.932954
-0.175975
0.445827
-0.176835
0.430255
-0.468854
0.791933
0.302057
-0.551019
-0.936829
0.252753
-0.492638
-0.226968
-0.495764
0.405943
-0.459071
-0.352883
0.950204
-0.346649
0.399717
-0.278862
0.636587
-0.0685417
-0.422841
-0.994969
0.0361775
0.330862
0.885695
-0.0604506
0.819113
-0.0196495
-0.595015
0.721183
-0.843983
-0.140247
0.0402317
0.0127908
-0.849857
0.853487
-0.574702
-0.950329
0.233122
0.915719
0.225088
0.656994
-0.617379
0.565314
0.853683
-0.432689
-0.648983
0.902279
-0.47144
