0
0
0.813607
0.677238
-0.128226
-0.14717
0.320783
-0.48739
-0.954423
0.248614
-0.436593
-0.957594
-0.828826
0.66598
0.773821
-0.116353
0.932795
0.111322
0.503446
0.141368
-0.184238
-0.264616
0.587088
-0.386793
-0.0829656
-0.363096
0.999836
-0.741869
-0.735552
-0.38847
0.406902
-0.713254
0.528547
-0.666387
0.804013
0.0696513
0.610471
0.747257
0.967397
-0.225316
-0.769627
-0.0369233
-0.984799
-0.44208
-0.0747472
-0.656621
-0.304054
0.949841
-0.705303
-0.0738863
0.196959
0.258758
-0.523901
-0.579474
-0.81227
0.305257
-0.421528
0.160921
0.265304
0.470228
0.164165
0.754016
-0.953034
-0.289767
-0.430601
-0.179551
-0.606267
0.321221
-0.071669
-0.825009
0.806556
0.785938
0.800078
0.833775
0.329108
-0.360826
-0.585549
-0.307331
0.476013
0.796897
0.34387
-0.313891
-0.965717
0.82325
0.465962
0.706125
0.848994
-0.316099
-0.268359
-0.971079
-0.894486
0.202747
-0.649877
-0.18891
-0.109613
0.842589
-0.567387
0.890275
-0.132474
-0.365653
-0.414821
0.0865339
-0.166729
0.455486
-0.786577
0.489112
-0.923916
0.676539
-0.0543124
-0.533249
-0.910246
-0.529174
-0.703924
0.400213
0.44129
0.293118
-0.661821
0.396392
-0.812932
-0.179799
-0.468072
-0.572237
0.695041
-0.486362
-0.135109
0.750896
0.176312
0.978742
0.0484632
0.517948
0.752851
-0.167993
0.849907
-0.965324
-0.969729
0.649698
-0.494344
0.427582
-0.125952
0.643766
-0.514274
0.64772
-0.573279
0.994876
0.312722
0.968108
-0.254151
-0.832673
-0.100065
-0.86926
0.320057
-0.920528
0.242909
0.982241
-0.624886
-0.305954
-0.77634
0.212356
-0.592744
-0.965968
0.849975
0.997618
0.576889
0.437695
-0.54536
0.869614
-0.0601534
-0.611323
0.950704
0.204249
-0.0157242
-0.899404
-0.503008
-0.399814
-0.5847
0.370386
0.724981
0.902635
0.73602
-0.325203
0.539442
-0.698795
0.72379
0.857334
-0.0816692
-0.0216814
-0.983324
0.742938
-0.512877
0.885886
0.827934
-0.188994
0.966685
0.737895
-0.940319
0.119317
0.144502
-0.0760292
-0.52522
-0.442778
-0.0329516
0.311466
-0.177724
-0.134733
-0.582309
-0.10515
-0.0736431
-0.212769
-0.425162
-0.446843
0.603014
0.433117
0.635949
-0.935298
0.188498
0.47722
0.823143
0.209593
-0.379507
0.845762
0.494244
-0.152887
0.010685
-0.034322
-0.961693
-0.733116
0.467908
0.310572
-0.337136
-0.0728207
-0.960403
-0.0328354
-0.601583
-0.844369
0.895927
-0.338566
-0.277435
0.786178
0.0775624
-0.576752
-0.730589
0.142088
0.244365
0.67337
0.364401
-0.505956
0.575254
0.395439
-0.176104
-0.296756
0.603157
0.58955
-0.408823
0.0716611
0.612386
0.992691
-0.945692
-0.939296
0.284077
-0.31717
-0.111396
-0.627158
-0.897291
-0.523379
-0.34979
0.272452
0.629932
0.699663
0.267825
0.411979
0.708878
0.88911
-0.0947623
-0.570201
-0.988795
0.714946
-0.254609
0.183038
-0.895673
0.568618
0.498628
0.288861
0.528867
-0.627467
-0.656325
0.227824
0.334658
-0.922517
-0.930698
0.643278
0.377427
-0.244539
0.871774
-0.156422
-0.621861
-0.617882
0.416936
0.648956
-0.0136052
-0.778708
0.356245
-0.455093
0.964363
0.978815
-0.0686514
0.222666
-0.155806
0.122678
0.306321
-0.602409
0.579558
-0.736397
-0.361787
-0.984594
-0.232287
0.761189
-0.799124
0.680752
0.328588
-0.673332
-0.358262
0.760804
0.125498
0.324117
-0.513083
-0.314258
-0.345524
0.0238152
-0.998089
0.281951
-0.654109
-0.470808
0.187142
0.767474
0.190617
0.525224
0.993961
0.752634
-0.92392
0.814142
-0.025708
-0.138176
0.887943
0.636796
0.369329
-0.317829
0.243484
-0.945419
-0.104385
0.0489711
-0.452509
-0.67326
0.47203
0.974316
-0.504234
-0.574868
-0.500476
0.626582
0.977001
0.549822
-0.626998
-0.862635
-0.727544
-0.408866
0.674075
-0.713788
0.0532287
0.686357
-0.365808
0.0155007
-0.449578
-0.693747
0.886184
0.914833
0.416489
0.760481
0.264638
-0.172445
0.429321
0.139651
0.352407
-0.520096
-0.31598
-0.212088
0.182737
-0.73216
0.435225
0.792407
-0.43029
-0.325872
-0.0289784
0.166605
0.601388
0.0608702
-0.953919
0.95461
0.776731
-0.473511
0.731307
0.915927
0.0428725
-0.56172
-0.166217
-0.742547
0.205543
-0.971694
0.80148
0.959541
-0.618321
-0.207141
0.865652
-0.946261
0.969064
0.250041
0.00128086
-0.405521
-0.19492
-0.804703
0.0272782
0.292934
0.927543
0.960083
-0.557161
-0.320163
0.309959
0.480469
-0.786303
0.00419128
-0.607646
-0.327974
0.0811023
0.909904
-0.376098
-0.645903
-0.461864
0.0295254
0.320581
-0.136511
-0.436856
0.839938
-0.552896
-0.441384
-0.451662
0.552792
-0.994817
0.779017
-0.310912
0.785423
0.00725287
0.0036799
-0.0676379
0.12667
-0.140859
0.667365
-0.0263527
0.527779
0.652114
-0.185659
-0.132606
-0.1006
0.417617
0.164758
-0.251926
-0.0552204
-0.220543
0.209759
0.0523919
0.0690238
-0.396165
0.470672
-0.132481
0.93449
-0.318082
0.734919
-0.737794
0.321524
0.265124
0.879508
0.950098
0.484148
0.485336
-0.0213009
0.218713
0.21843
0.687817
0.653228
-0.642441
0.307571
-0.834275
-0.355161
0.970828
-0.0988929
0.904114
-0.638416
0.357021
-0.280471
0.618525
0.423575
-0.764644
-0.0378982
-0.714009
0.925456
0.606731
-0.0759139
0.0679253
-0.320559
0.15534
0.837392
-0.246223
0.331932
-0.578666
0.471762
-0.0325196
0.479652
-0.031589
0.376147
-0.166555
0.0452525
0.319811
-0.824505
-0.914496
-0.560612
0.861745
0.722009
0.779822
0.392203
-0.839624
0.74061
-0.518736
0.938645
0.0382372
-0.53152
-0.343949
-0.0822566
0.822356
-0.632172
-0.832264
-0.577972
0.706689
-0.464637
-0.183748
0.442689
-0.71322
0.0278629
-0.866269
-0.260026
0.585283
-0.00859452
-0.575213
0.604948
0.922306
-0.441783
-0.723991
0.630673
-0.88384
0.263313
0.161295
-0.417411
0.772269
-0.744606
0.273067
-0.39589
0.644595
0.36313
-0.633752
-0.278817
-0.930497
-0.421055
0.328463
0.359412
0.978537
0.369588
0.975252
0.508751
-0.997946
0.309108
0.702261
-0.762689
0.498987
0.486367
0.329777
0.951524
-0.793391
-0.579369
0.94013
0.759515
-0.300836
0.725389
-0.450585
0.248692
0.864316
-0.570524
-0.763207
0.0869585
-0.904909
0.85081
-0.203479
-0.893413
-0.341666
0.876703
-0.857934
-0.263898
0.464182
0.434037
0.682216
-0.206663
0.316487
-0.713948
0.161735
0.158835
0.191615
0.589851
-0.305068
-0.130655
0.645983
-0.79118
-0.325763
0.550566
0.19098
0.697589
-0.319086
-0.919786
0.070214
0.533577
-0.396832
0.56489
-0.888559
0.571319
-0.506583
0.0360167
-0.0363227
-0.365436
0.287253
0.265958
0.735586
-0.378354
0.400923
-0.119782
0.248876
-0.949942
-0.381816
0.736111
-0.60268
0.28659
-0.918496
0.144382
0.755427
0.0773957
-0.660853
-0.696778
0.882761
0.537886
-0.58194
0.0851366
0.581053
0.46652
0.306429
0.989339
0.0865684
-0.104701
-0.0797533
-0.048048
-0.375021
0.347925
-0.232718
0.764987
0.323085
-0.307936
0.83932
-0.166115
-0.238262
-0.437577
0.500171
0.0287244
0.309826
-0.261972
0.0295439
0.36797
-0.354644
0.650421
0.952078
-0.142376
-0.7592
-0.384491
0.103385
-0.496935
0.0316612
0.0139929
0.433269
0.376058
0.947061
-0.22603
0.261015
-0.427036
0.0720169
-0.428677
-0.262004
0.895082
-0.635849
0.323623
-0.12452
-0.276802
0.218045
0.448421
0.996655
-0.172572
-0.238144
-0.222916
0.494856
-0.408609
-0.614596
-0.064896
-0.901883
0.884758
0.398012
-0.545029
0.822744
-0.262819
0.879246
-0.105294
0.317022
-0.46149
-0.764728
-0.487751
0.057596
-0.546279
0.382477
0.828195
0.778514
0.869283
0.424125
-0.567559
-0.576388
0.668657
-0.292787
-0.445433
0.299167
0.0921333
0.0472483
0.659367
0.3371
-0.695042
0.798089
0.548125
-0.829909
-0.0414516
-0.727783
0.711646
-0.25586
-0.239671
-0.768373
0.158988
0.873007
-0.675157
0.0531895
-0.0646999
-0.255967
0.00946952
-0.153401
-0.466276
0.817377
-0.630829
-0.474191
-0.923852
0.648468
0.940827
-0.246361
-0.864237
-0.886589
-0.360664
0.94583
0.979186
0.155776
0.273686
0.881042
0.807754
-0.0952715
0.471379
0.64772
-0.880157
0.408358
-0.000696816
0.816162
-0.727761
0.410651
-0.918021
-0.314572
0.856271
-0.552588
-0.556923
0.335553
-0.705854
0.298657
0.588152
0.498191
-0.677243
0.0661346
0.911227
0.0767571
0.449314
-0.389561
-0.843328
0.789801
0.384757
-0.90188
-0.222213
-0.153509
0.79104
0.606185
-0.246663
0.592632
-0.0524495
0.626812
-0.131882
-0.29542
-0.528077
-0.747875
0.269385
-0.94888
0.338946
0.996508
0.257118
0.826629
0.00369768
-0.376476
-0.443156
0.880979
-0.75608
0.979687
0.628555
0.152
0.939582
-0.834629
0.626942
-0.701279
-0.959519
0.623876
0.847859
-0.422509
0.95401
0.689025
-0.220187
-0.599945
-0.455111
0.917568
-0.282736
0.0786917
-0.0533108
0.475978
0.295573
0.851043
0.138896
0.416249
0.509731
0.42304
-0.532652
-0.281723
0.551232
-0.0972589
-0.899491
-0.586484
-0.310237
0.0103329
-0.521401
-0.470382
-0.558555
-0.74544
-0.654913
0.134832
-0.607707
-0.0275486
-0.083381
-0.995392
0.363525
0.642894
0.751065
0.970775
-0.380715
0.0341967
0.407197
-0.79529
0.049519
-0.308779
0.989318
0.600868
0.566467
0.418768
0.439494
-0.179875
0.737171
-0.0108723
0.587464
-0.777181
-0.590358
-0.548395
0.121674
0.868749
-0.535061
0.775522
-0.724965
-0.991096
0.601464
0.63945
0.100446
0.347978
0.0249378
0.882392
0.891116
0.431824
-0.538714
-0.618982
-0.467919
0.135044
-0.929137
-0.839514
0.467044
0.378195
-0.991734
-0.747155
-0.824333
0.960438
-0.166343
0.0295115
-0.327124
-0.64954
0.545154
0.13564
-0.289747
-0.542536
0.669528
0.395689
-0.712113
-0.220266
0.559598
0.830554
0.381112
-0.23621
-0.278241
-0.39832
0.0282708
-0.706807
0.0529114
-0.534502
0.286623
0.238412
-0.229383
0.726579
0.108195
-0.365964
-0.247043
-0.575763
-0.312564
-0.623788
-0.538947
0.385165
-0.811983
-0.364554
-0.178517
0.543622
0.00240159
-0.224385
0.605261
-0.857143
0.200297
0.194321
0.669768
-0.00774958
-0.444477
0.258192
0.847213
-0.239811
0.142794
-0.609074
0.173151
-0.12165
-0.692982
0.116531
-0.118875
0.808208
-0.550495
0.592779
0.510824
-0.617192
-0.535673
-0.805213
0.810977
-0.364949
0.831681
-0.389692
-0.582603
-0.412815
0.104714
0.263561
0.7465
0.753827
-0.479865
-0.594379
-0.10512
-0.456566
-0.906906
0.303355
0.885723
0.796805
0.645673
0.605479
-0.797872
0.915836
-0.0759011
0.396942
0.687166
-0.49707
-0.419431
-0.965075
0.751193
0.313457
0.457082
-0.993043
0.28629
-0.168504
-0.0293764
0.451511
0.847721
-0.322722
0.140075
0.0462783
-0.79516
0.866585
0.854932
-0.865322
-0.35432
0.228832
0.792214
-0.930189
-0.439562
0.966005
0.114997
0.68441
0.590081
0.90791
-0.0348401
0.658037
0.27457
-0.30387
-0.711014
-0.247192
0.225863
-0.104108
-0.87497
-0.824738
0.121917
0.795884
0.298148
0.476431
-0.653456
0.969297
-0.470234
-0.951425
0.279457
-0.309262
0.906162
-0.424477
0.093039
-0.704063
-0.187738
0.983625
-0.0577304
-0.52505
0.0699938
0.282643
-0.070907
-0.469627
-0.136838
-0.347111
0.404315
0.0194651
-0.439752
0.89104
-0.477436
-0.0739099
-0.5052
-0.893223
0.0338621
-0.225266
0.943865
-0.843115
0.892314
-0.561695
-0.802684
-0.894738
0.147119
-0.46599
-0.275827
-0.669668
0.351578
-0.509293
-0.126439
0.260746
0.437264
-0.725986
-0.409556
-0.558881
-0.643586
0.800511
0.376765
-0.776664
-0.019674
0.545546
-0.24532
0.596433
0.672794
-0.979604
-0.410083
0.998096
-0.968906
0.266381
-0.733635
-0.262981
-0.416114
0.995719
-0.896532
0.265674
-0.569133
-0.0827385
0.476157
0.100967
0.466462
0.69908
-0.0595681
0.985189
0.201929
0.119344
0.296315
-0.376428
-0.160194
0.0243774
-0.745644
0.343666
-0.363991
-0.0519386
-0.00394219
0.892796
-0.698104
0.829949
0.286427
0.0364447
-0.346382
-0.949875
0.109904
-0.242582
0.34363
-0.309577
-0.406098
0.202327
-0.781002
0.618279
0.815127
-0.838006
0.385997
-0.518668
-0.221208
0.695546
0.061026
0.613963
-0.730784
-0.571684
-0.161039
0.244494
0.165714
-0.288691
0.665362
0.299671
-0.0844126
0.717692
0.0294579
0.306138
0.584176
-0.209956
0.133352
-0.464269
-0.445288
-0.420039
-0.6981
0.685569
-0.584772
0.176713
-0.0796695
-0.108769
-0.102018
0.445413
-0.657623
0.959855
-0.0476554
0.982051
-0.377003
0.963298
-0.312617
0.586001
-0.0279438
0.804159
-0.203337
0.890841
0.166341
-0.114249
0.452258
0.209826
0.693089
0.486226
-0.799191
0.765337
0.848932
-0.495265
0.124374
-0.43436
0.11079
-0.738438
-0.494016
0.457194
-0.73674
-0.434674
0.996409
-0.0795665
-0.644003
0.737373
0.341727
-0.83407
0.177698
-0.685229
-0.942664
0.977947
0.595236
-0.99787
0.0766888
0.998034
0.876156
-0.163312
-0.0693277
-0.287293
-0.303434
0.916941
-0.893151
-0.0809961
0.975741
0.70176
-0.693413
-0.0614911
-0.544431
-0.636251
-0.794142
0.754847
-0.953038
0.385124
0.130673
-0.833686
0.231536
0.665952
-0.971003
0.324388
-0.411334
-0.174506
-0.59185
-0.258603
0.172634
0.410632
-0.970632
0.728788
-0.848413
0.398835
-0.667346
0.957381
0.185882
0.245999
-0.21873
0.0798135
-0.531011
0.265736
-0.34548
-0.314673
0.809566
0.624302
-0.513727
0.430879
0.760882
-0.634408
0.885144
-0.744626
-0.878806
0.258687
-0.208658
-0.14005
-0.227372
0.062472
-0.903954
-0.924453
-0.5346
0.705028
-0.164524
-0.761501
0.894794
0.23175
0.729748
0.574672
0.01252
-0.262022
-0.402992
-0.966441
0.218105
0.503464
-0.137192
0.928854
0.502753
-0.372615
0.96932
-0.0537484
0.26031
-0.474148
-0.439889
0.0363401
-0.522188
0.106089
-0.928096
0.215578
0.031009
0.278342
0.882031
0.376676
-0.467305
-0.318441
-0.691586
0.481533
-0.920033
-0.736833
-0.506606
0.24187
0.204649
-0.797935
-0.988168
0.993453
-0.317256
-0.0967671
-0.260841
0.312231
0.623552
-0.164122
0.987692
-0.354569
0.738903
-0.580583
0.915948
-0.267186
0.740387
0.263647
-0.0525431
-0.138085
-0.798614
0.916163
0.867408
-0.119653
-0.99134
0.174056
-0.149332
-0.837204
-0.974503
-0.0678348
-0.359071
-0.052859
-0.947135
-0.030067
-0.295108
0.0595137
-0.420051
0.637562
0.0242781
0.20375
0.340101
-0.421022
-0.801083
0.219187
-0.255917
-0.827221
0.200286
0.115498
0.836505
0.415849
-0.991616
0.36242
-0.444422
-0.105032
0.463902
-0.512372
0.424498
0.349611
0.124917
-0.724917
-0.217446
-0.961575
-0.0101626
0.310344
-0.892186
-0.0507975
-0.845691
-0.696918
-0.242042
-0.50534
-0.690562
0.137809
0.268103
0.882527
0.200266
0.477239
0.540667
0.590836
0.743243
0.834394
0.280137
0.0720895
0.57267
0.226301
-0.138015
-0.771714
0.639771
0.166684
0.702063
0.370826
-0.89789
0.5007
0.140832
0.828449
-0.873893
0.169353
-0.765624
-0.508398
-0.0945943
0.766253
-0.0287152
0.572542
-0.535544
0.185824
-0.405909
-0.396064
-0.633529
0.658969
0.0632211
-0.589528
-0.0722828
0.791624
-0.81964
0.729001
0.746007
-0.00867482
-0.288717
-0.225905
-0.986923
0.273834
-0.457462
0.435699
0.709243
-0.418928
-0.393201
-0.505957
0.926547
0.420596
0.496502
0.24886
-0.443922
0.110405
-0.82085
-0.110802
-0.166085
-0.392609
0.186437
0.181099
0.0355626
-0.81305
0.103088
-0.97796
0.22929
0.676717
-0.0492408
-0.09287
0.816279
0.508185
0.394494
0.462128
-0.984921
-0.420336
-0.204072
-0.045371
-0.363162
-0.550647
0.113781
-0.979113
-0.567237
-0.374657
0.650232
0.837885
0.0480206
0.101488
-0.10909
-0.23691
0.877558
0.21747
0.437746
-0.573947
-0.439124
-0.136365
0.64363
-0.19021
-0.45282
-0.480702
0.366725
0.927169
-0.670219
0.990369
-0.349747
-0.733273
0.561284
0.0378513
-0.208346
-0.43593
-0.27125
0.828088
-0.0855564
-0.610893
-0.778754
-0.239374
0.830636
0.600563
0.650641
-0.0899612
-0.155434
0.724616
-0.014979
-0.464268
-0.64643
0.000589063
0.66311
-0.277623
-0.0343373
-0.386073
-0.813531
-0.683437
0.92296
-0.202318
-0.51188
-0.201394
-0.00413306
-0.48138
0.670988
-0.7813
0.248248
-0.343082
-0.893889
0.986226
-0.230985
0.406922
0.753409
0.101084
-0.0505077
0.252322
-0.796489
0.838441
0.102794
-0.604527
-0.807909
-0.359369
-0.259496
-0.171401
0.372706
-0.897749
-0.132602
-0.890797
0.855772
-0.950485
0.377255
-0.647961
0.963999
-0.3295
-0.225846
-0.324024
0.405335
0.718026
0.60518
0.960685
-0.770768
0.266413
-0.854543
-0.288567
0.669568
-0.0480547
0.676349
-0.350939
0.910267
0.457125
-0.596041
0.134924
-0.433143
0.750194
-0.257478
0.327703
-0.858616
0.982821
0.591115
0.539269
0.777768
-0.683869
-0.905532
0.406755
0.51704
0.462232
-0.566356
0.234748
0.185432
-0.0235891
-0.709904
-0.0151441
-0.205723
-0.136184
-0.0950929
0.752019
-0.155016
0.980433
-0.57921
-0.861614
-0.284769
-0.444717
-0.476382
-0.812906
0.204482
0.908588
-0.252929
-0.0961192
-0.420981
0.818628
0.828329
-0.227854
-0.70107
-0.15351
0.991929
-0.733366
0.840053
-0.878347
0.0829956
0.639431
-0.571242
0.588332
-0.705847
-0.129508
-0.9955
-0.398915
-0.0917722
-0.229088
0.791294
0.357603
-0.789628
0.372138
-0.549852
0.79915
-0.932939
0.155701
0.376023
0.846835
0.664255
0.249266
-0.420493
0.00626676
0.234441
-0.806086
0.874712
-0.432247
-0.212059
0.0541984
0.837014
-0.6435
0.113089
0.817021
0.34363
0.398761
0.111924
0.478617
0.897756
-0.461112
0.397775
0.499036
-0.122501
0.057796
-0.67706
-0.530144
-0.416199
0.268164
0.241739
0.712947
-0.528624
-0.353024
-0.435414
-0.196286
0.641906
0.00671635
-0.0968024
0.786876
0.509185
0.475787
-0.740882
-0.141482
-0.321089
0.392791
-0.173609
-0.00717428
-0.292247
-0.140751
0.0313032
-0.86166
-0.092933
-0.122897
0.45059
-0.19851
-0.424455
-0.805484
0.871741
0.0394257
0.576701
0.725307
-0.198189
-0.523973
-0.0556813
-0.22873
-0.239403
-0.729608
-0.706061
0.265563
-0.194992
0.00353178
-0.16697
0.426187
0.922666
0.977495
0.983466
0.114188
-0.376834
0.0636517
-0.315392
-0.163358
0.46921
0.32588
-0.856266
0.510957
0.488464
0.213241
-0.490771
0.192796
0.358742
0.56531
-0.537807
0.474421
-0.899126
-0.867604
0.608582
-0.361465
0.85586
0.797829
0.452934
0.016167
-0.49106
-0.0445834
-0.102923
-0.588745
-0.479545
-0.758789
-0.540665
-0.202006
-0.806464
-0.669431
-0.954266
0.130178
0.523048
0.98914
-0.0394118
-0.162328
-0.571127
0.756583
0.911489
0.39459
-0.771194
0.579109
0.292755
-0.811259
-0.00222408
0.474233
-0.588751
0.201638
0.110722
0.768939
-0.192454
-0.872329
0.853146
-0.237828
-0.615122
-0.464571
-0.544966
-0.39697
0.22259
-0.828289
-0.8835
0.342487
-0.33543
0.385375
0.481463
-0.663104
-0.0926279
-0.34116
-0.165285
0.47649
-0.669367
0.515108
0.592823
0.195267
0.133697
0.410338
0.499423
0.989702
-0.0828146
-0.889481
-0.178641
0.142749
0.654133
0.565938
-0.115993
0.91942
-0.440789
-0.225068
0.669224
0.995849
0.0332305
-0.664869
-0.233252
-0.073809
0.571916
0.209035
-0.648271
-0.982252
-0.552137
-0.523213
0.37197
0.767773
-0.225732
0.33867
-0.301854
0.248981
-0.590387
-0.825497
-0.944013
-0.0287479
0.969185
0.943964
-0.0958353
0.0789312
0.459189
0.352603
-0.678591
0.877943
0.175728
0.241168
0.0701146
-0.695797
0.783084
-0.565227
-0.116036
0.00742649
-0.448433
-0.0873261
-0.906358
-0.457665
0.264461
0.698717
0.528204
0.978656
0.388742
-0.060317
0.242361
-0.525263
0.734518
-0.814141
0.792878
0.639915
-0.299215
0.866614
0.421042
0.421691
0.221161
0.498045
0.130285
0.293608
0.229184
-0.00712671
0.323233
-0.960586
0.484413
-0.0107508
-0.547025
-0.54167
0.0820096
-0.074403
-0.976515
-0.0528063
0.00199444
0.352283
0.0823283
0.580872
-0.908231
-0.306767
-0.301742
0.627675
0.098707
0.507715
0.494615
0.35862
-0.966345
0.738833
0.0977726
0.264327
0.73654
0.644697
0.282406
0.878852
0.441161
0.292566
0.393653
-0.228834
-0.808861
-0.680759
0.386197
-0.00718596
-0.618128
0.195537
-0.792221
0.410173
-0.401678
-0.849062
-0.333198
0.762318
0.443187
0.677547
-0.0930747
-0.788476
0.271467
-0.0366615
-0.442681
0.455869
-0.81506
0.618026
0.129094
-0.0848032
0.129851
0.546645
-0.214036
-0.573186
0.91666
0.638113
-0.966376
0.710313
-0.55068
0.873677
0.686488
0.607242
0.831476
0.151409
0.977217
0.710576
0.200548
-0.780332
0.212245
0.939473
-0.639565
-0.405595
-0.0260385
-0.772363
-0.681229
-0.195319
-0.770501
0.221835
-0.167348
-0.736133
0.012994
-0.127782
0.627142
0.72511
0.994871
0.353087
0.437869
0.215595
-0.396576
-0.531494
-0.494024
0.970656
0.568631
0.119425
0.774447
0.510915
0.0394046
-0.560464
0.854425
