0
0
-0.0206549
-0.406651
-0.878457
-0.476221
-0.600871
0.149591
-0.370715
-0.151749
-0.116822
0.708104
0.774446
-0.325417
-0.0355869
-0.813879
-0.00461498
-0.515556
-0.576855
0.160656
-0.614558
0.143926
0.428144
-0.461748
-0.23484
0.229654
-0.671892
0.170624
0.65146
0.128328
0.854775
0.432212
-0.198519
-0.0854086
0.221657
-0.466037
0.116841
0.534222
0.66255
0.0288897
-0.461102
0.672072
0.757481
0.202288
0.47868
-0.218189
0.0693967
-0.122359
0.591621
-0.694924
-0.436192
0.492894
0.604383
-0.395566
0.613755
-0.340191
0.139818
0.859322
0.464356
0.847186
-0.374857
0.0136061
-0.236368
0.556321
0.060814
0.0915571
0.974047
0.000190763
0.131571
0.974387
0.815189
-0.442064
0.145397
-0.931228
-0.675305
-0.510933
0.158461
0.42676
-0.159432
0.0864357
-0.5285
0.747428
-0.863951
0.0732547
-0.190039
0.0283164
-0.224842
0.837124
-0.821449
-0.408888
-0.140547
-0.567111
-0.0939967
0.623353
0.340964
0.357877
-0.909072
0.121949
0.752534
0.403172
0.963943
0.158897
0.325622
-0.404429
0.395686
-0.767971
-0.111617
0.0430398
0.446212
-0.136873
-0.29577
0.622614
-0.0270423
0.480062
0.179697
-0.575562
0.430554
-0.230413
0.174294
0.453604
-0.86376
-0.021143
-0.642535
0.704992
-0.652243
-0.0309812
0.419007
-0.319892
-0.518417
0.00561617
-0.0130084
-0.465078
-0.190451
-0.801346
0.538263
0.836531
0.225024
-0.252701
-0.45542
0.579685
0.408245
-0.0957627
-0.562376
0.394127
-0.605721
-0.437749
0.622037
-0.227094
0.0607881
-0.591528
0.63093
-0.640724
0.0518235
-0.537497
-0.430245
0.573052
-0.0329028
-0.227172
0.68574
-0.615462
-0.928951
0.125493
-0.357973
0.764761
-0.739882
-0.27152
0.23885
0.426838
0.0319734
-0.938401
0.493075
-0.756992
-0.229689
-0.403016
0.288418
-0.0641389
-0.0704396
0.272827
-0.0847292
0.480636
-0.966386
0.147218
0.52833
0.334596
0.35642
0.385063
0.0254992
0.921595
0.850493
0.00913722
0.156356
-0.801274
0.544774
-0.812818
0.375124
-0.279968
-0.0850498
-0.847345
0.106433
0.720668
0.537547
-0.0168636
-0.0335919
0.272488
0.353822
-0.52859
0.334126
-0.600063
-0.526503
-0.0960275
0.436676
0.867634
-0.857581
0.150895
0.05779
-0.895493
0.495556
-0.236448
-0.332476
0.043139
0.478027
-0.564284
-0.715179
-0.645553
-0.558164
-0.694981
-0.0868978
0.649915
-0.671973
0.0179324
0.787085
-0.42541
0.749908
-0.0409161
-0.685337
-0.022172
0.659363
-0.436189
-0.590548
-0.590488
0.275945
-0.586189
-0.100826
0.61191
-0.0466402
-0.851748
0.103783
0.493298
-0.724805
-0.403577
-0.375589
0.616827
-0.266441
-0.103016
-0.312093
-0.133779
0.123545
-0.835287
0.284549
0.585989
-0.0406669
-0.207242
-0.310257
-0.180394
-0.633365
-0.442473
0.172676
-0.321874
-0.319809
-0.453057
-0.436116
-0.4751
-0.199035
-0.584005
0.304265
-0.777362
-0.778519
-0.270409
0.700123
-0.212699
0.367795
0.606182
-0.628287
0.448394
-0.838301
0.498044
0.231481
0.232358
-0.445057
0.615666
0.221848
0.0853441
0.533738
-0.259369
0.175175
0.440433
-0.0572526
0.226112
-0.565581
0.679889
-0.125488
0.119875
-0.813137
-0.574942
-0.396895
-0.380625
-0.606737
-0.379583
0.0594723
-0.533908
0.653782
0.269102
-0.225786
-0.852546
-0.611057
0.409941
-0.864089
-0.099465
0.271783
-0.81255
0.137236
-0.938847
0.791392
-0.58462
-0.721153
-0.0719524
-0.28429
-0.860732
-0.347124
-0.619606
0.558452
-0.107219
0.691839
0.0638072
0.220799
-0.821107
-0.295337
0.378016
0.361998
-0.00134702
0.951315
0.0949754
-0.479218
-0.429678
-0.116077
0.585749
-0.0630042
-0.44791
0.0300275
0.0181429
0.240873
0.796935
0.367856
-0.696353
0.434192
0.0676852
0.432635
-0.539425
0.149887
0.169934
0.06637
-0.834365
-0.645093
0.00457196
-0.501802
-0.233406
0.097276
-0.776899
-0.637501
-0.0265586
0.0207187
0.293842
-0.33097
-0.2858
-0.795836
-0.00358797
-0.481837
-0.563727
0.0159411
0.773309
0.270523
0.654963
-0.257734
-0.918187
0.559137
0.409817
0.275349
-0.499619
-0.095939
0.140673
-0.797322
0.124081
-0.288755
0.930022
0.355802
-0.581986
-0.500371
-0.622257
0.68091
-0.723506
0.696057
0.416265
0.346287
0.834837
0.416823
0.784943
0.872935
0.0668437
0.250078
0.381914
0.798179
-0.349676
0.184512
0.869929
0.851227
0.258969
-0.325812
-0.565267
0.43851
-0.56016
-0.156238
-0.869136
0.739065
-0.649114
-0.556403
-0.311841
-0.0360025
-0.0407908
0.156952
0.243454
-0.512328
-0.690545
-0.127788
0.0599081
-0.129927
0.190635
-0.643361
0.56642
-0.456771
-0.762652
-0.23778
-0.504026
0.240015
-0.117281
0.307916
0.560614
0.127034
-0.598498
0.0971565
0.45373
-0.401658
0.897925
-0.499919
0.793399
0.354013
-0.413822
-0.0123202
-0.115721
0.569451
-0.201241
0.025013
0.459668
0.290877
-0.763782
-0.0628788
-0.924155
-0.0398761
0.857258
-0.0584994
0.380994
0.36263
-0.228372
0.204967
0.458826
-0.365173
0.662789
0.737988
0.137877
0.747204
0.505956
-0.345762
-0.467305
-0.711159
-0.460173
-0.404938
0.631669
-0.23158
0.50734
0.605341
0.571703
-0.019159
0.278703
0.383378
0.340732
0.595937
-0.146908
-0.827724
-0.271097
0.604591
-0.592021
0.573526
-0.2177
-0.689502
0.434804
-0.285487
0.201481
0.25759
0.459928
0.654606
-0.195637
-0.413338
-0.793433
-0.744347
-0.22725
-0.433156
-0.792412
-0.451708
0.737735
0.111095
0.689708
0.927194
0.331589
0.362367
0.836251
-0.628663
-0.491212
0.385886
-0.415574
0.200224
0.842092
-0.490935
-0.596746
-0.196229
0.378617
-0.141094
0.80917
0.0160034
0.0392046
0.00307043
-0.0829295
0.813927
0.349142
-0.0186946
0.49791
0.565159
0.449945
0.42729
-0.3373
-0.205894
-0.106915
0.456057
-0.0693554
-0.567265
-0.336776
0.881507
-0.467021
0.148035
0.683585
0.00669404
-0.0457402
0.0655608
0.197335
0.672086
0.368809
-0.131161
-0.928953
0.39165
-0.169266
-0.215007
-0.215661
0.227198
0.269609
0.441348
0.280034
0.120053
0.731476
0.189827
-0.435609
-0.457576
-0.308177
0.155539
0.960536
-0.860392
0.246199
-0.58296
0.173044
0.506176
-0.841353
0.464186
-0.741433
0.0511363
-0.423759
-0.51735
0.627048
0.434892
0.614955
0.548272
-0.508856
-0.250289
-0.137534
0.0398651
-0.57123
-0.868211
-0.295846
0.200778
0.263293
-0.878477
-0.0501893
0.0626478
-0.909996
-0.211422
0.509093
0.837193
-0.0641368
0.225722
-0.123317
0.839704
0.00871721
0.416006
-0.727438
-0.067209
-0.77168
-0.567225
-0.307861
-0.503787
0.679426
0.601964
0.145321
0.275561
-0.52093
0.18572
0.205802
0.76606
0.10063
-0.783796
-0.37987
0.432603
-0.747429
0.0258032
-0.957015
-0.863344
-0.004259
0.559799
0.431249
0.357807
-0.463521
-0.638855
-0.174364
-0.563358
-0.455196
-0.867332
-0.0462842
0.577944
0.0514631
0.293696
0.471588
-0.0145809
-0.612403
0.126776
0.127558
0.0649614
0.866015
-0.788932
-0.0118372
-0.400098
-0.598431
0.210834
-0.720225
0.202048
0.520599
0.240402
-0.966769
-0.361197
-0.1647
-0.243473
-0.0186425
0.917733
0.330184
0.486773
0.770423
-0.81547
0.3256
0.341743
0.590984
0.246391
-0.0371845
0.764182
0.382043
-0.153587
0.341775
0.0689499
0.864587
0.962976
-0.0128909
0.348565
0.811197
-0.332218
-0.226689
-0.0392358
-0.391245
0.246247
0.10231
0.229704
-0.22334
-0.14403
-0.0880264
-0.445034
0.439349
-0.808751
0.505498
0.0158776
-0.113979
0.171245
0.256085
0.219834
-0.704582
0.631359
-0.266483
0.625388
0.659514
-0.690576
0.461826
0.955075
0.143354
0.98093
0.15783
-0.32
-0.222923
0.355924
-0.339369
-0.649242
0.0716779
-0.215032
-0.813207
0.595357
-0.460881
0.27055
0.570328
0.61098
0.731885
0.525004
0.819068
0.336186
0.823794
-0.284675
0.00884555
-0.579173
-0.51893
0.250814
0.447198
0.266266
0.243871
-0.236236
-0.959351
0.692292
0.600578
0.155803
-0.21286
0.403014
-0.592504
0.368322
-0.441599
-0.131251
0.110539
0.783014
0.0606786
-0.273539
0.0857649
0.678269
-0.293048
-0.734647
0.345183
-0.455722
0.853531
-0.720064
0.0410988
0.468091
0.196132
0.940207
-0.0139119
0.131627
-0.319308
-0.0252209
-0.591093
0.707668
-0.143407
0.339539
-0.079913
-0.0938249
-0.985696
0.305004
-0.760791
-0.821655
-0.0171303
0.415569
0.110346
-0.190259
-0.0236495
0.0093455
-0.35053
-0.111321
0.969114
0.803785
-0.46176
0.865331
-0.458432
0.113197
-0.443752
-0.0341244
-0.367087
0.336201
-0.357557
-0.201001
0.822142
-0.375204
0.757932
-0.171735
0.221
-0.214561
0.744116
0.597481
-0.111009
-0.0737695
-0.327381
-0.159848
-0.298791
0.35223
-0.130145
-0.0504629
-0.885088
0.664072
-0.208913
0.191077
-0.529606
0.358245
-0.775253
0.406137
-0.733092
0.630323
0.251518
0.00547106
0.13949
-0.239628
-0.926968
0.126607
-0.247214
-0.158753
0.868771
0.663121
0.513351
-0.130208
0.215573
-0.00434803
-0.48885
-0.501467
-0.446652
0.491451
0.0110349
-0.135918
-0.634274
0.517302
-0.000505492
-0.210607
-0.411856
-0.661078
-0.211122
0.531167
0.0469188
-0.546812
0.467953
0.698454
-0.11601
0.146662
-0.71528
-0.14146
0.741321
0.413145
0.374962
-0.21157
0.406057
-0.522066
0.172412
0.887692
-0.0249196
0.766241
0.438512
-0.306369
-0.380509
-0.340467
0.41801
-0.225359
0.331888
-0.822211
0.0597304
0.0888818
0.991991
0.64948
0.645165
-0.79721
-0.378361
-0.236632
-0.0680779
0.542494
0.675188
0.473651
-0.0846804
0.774701
-0.610545
-0.460158
0.155105
0.419305
0.0849733
0.391447
0.495158
-0.348134
-0.316321
-0.31212
-0.932678
0.0966393
0.921907
-0.00688077
-0.372561
-0.867719
-0.364241
-0.680563
0.259998
-0.192676
-0.607056
0.190695
-0.164571
-0.238137
-0.404462
-0.98136
-0.112577
-0.0965651
-0.641367
-0.134051
0.390435
-0.476852
-0.210568
0.342797
0.487226
-0.64727
0.00852848
-0.36245
0.52562
-0.698252
-0.261847
-0.785381
0.0236232
-0.0911802
0.684306
0.255971
0.253484
-0.0676797
-0.112034
-0.696124
0.513551
-0.641346
0.582857
0.129628
-0.657969
0.537159
0.448958
-0.560992
-0.0408311
0.390783
0.0989204
-0.575258
-0.0234281
-0.307103
0.71429
-0.163249
0.224706
0.265537
0.0209767
-0.114567
0.155613
0.271456
0.0392947
-0.753585
0.58465
0.809356
-0.372986
0.393963
-0.578614
0.925578
-0.0250247
-0.446725
-0.44657
0.025129
-0.798719
-0.715553
-0.389238
0.464131
-0.0868179
-0.448189
-0.483252
-0.673606
0.221511
-0.396625
0.307236
0.35237
-0.268053
-0.223268
-0.701304
0.0602469
-0.864004
0.170261
-0.91686
0.621377
0.242209
-0.0854036
0.451201
-0.602289
-0.161428
0.398601
-0.235141
-0.650956
0.654528
0.897782
0.113872
-0.208638
-0.287069
0.240796
0.119336
-0.588266
-0.127599
-0.227504
-0.303036
0.977963
-0.152448
-0.439517
0.228544
-0.34788
0.737247
-0.864845
-0.26013
-0.563166
-0.221118
-0.563018
-0.468324
0.148711
-0.103851
-0.841097
0.371007
0.631136
-0.0409467
0.262064
-0.635755
0.98454
-0.0228633
0.231533
-0.824091
-0.919694
-0.199508
0.962465
-0.229739
0.879086
0.368876
-0.647172
-0.734376
-0.194221
-0.0934236
-0.262591
-0.287703
0.0299199
0.0773364
-0.410808
-0.806554
0.726587
0.481194
-0.764121
-0.462924
0.680008
-0.657279
-0.139964
0.764662
-0.298989
0.696692
0.710624
0.0499256
0.793887
0.491148
-0.392249
-0.525257
0.780122
0.139264
0.113251
0.823583
0.391275
-0.3242
-0.0687404
-0.737812
0.263069
-0.428664
0.567929
0.116202
-0.0373432
-0.752949
-0.52623
0.397177
-0.13499
-0.743251
-0.171915
0.479243
0.5047
-0.375438
-0.273582
0.42597
-0.153063
0.869493
-0.128302
0.518547
0.412639
0.652846
-0.568538
-0.198156
-0.209424
0.000613
-0.689808
0.642706
-0.140283
0.342319
0.918845
-0.102264
0.100673
-0.0466218
-0.133707
0.968353
0.830623
-0.0265969
0.682218
-0.620935
0.15845
0.831182
-0.0680474
0.00746819
-0.234851
0.499209
0.132641
0.186725
-0.345957
0.616631
0.792348
0.230624
0.904269
-0.33902
0.245815
-0.038214
-0.403716
0.581374
0.00615285
-0.470159
0.323631
-0.310369
0.0171014
0.664459
0.161217
0.146261
0.399544
0.0569022
0.913818
0.00154677
-0.458939
0.356489
0.383427
0.6607
0.556338
-0.574371
0.300393
-0.391104
0.278783
-0.841226
0.954651
-0.297105
0.28561
-0.495033
-0.439886
-0.148517
-0.319828
-0.322223
-0.866949
0.422881
0.145139
0.266347
-0.554228
-0.124451
-0.158756
0.946779
0.231964
0.546231
-0.690554
0.49253
0.755853
-0.295443
0.224129
-0.427714
0.689663
0.217709
-0.763939
-0.135107
-0.627637
-0.730081
0.0255238
0.0407902
0.86932
0.110228
-0.346218
-0.847285
-0.15583
0.737622
-0.467703
-0.1995
-0.24029
-0.615281
0.725509
-0.565905
-0.41319
-0.253903
-0.0897862
-0.639988
-0.770717
0.403054
0.848557
-0.216763
-0.397958
-0.286736
-0.358463
0.206295
-0.458076
0.36276
0.473269
0.869595
0.377934
-0.146089
0.194146
-0.952121
0.513348
0.645607
-0.67784
-0.103084
-0.869241
0.0527831
-0.79239
0.483135
0.837112
0.401485
-0.883978
0.0534479
0.853531
-0.163085
0.481973
-0.167454
-0.444146
0.148059
-0.226824
0.862619
0.922376
0.034355
0.463545
0.482122
0.0760478
0.787866
0.542134
-0.113946
-0.228229
-0.487681
0.522036
0.349754
0.15098
-0.781617
0.251661
0.668157
-0.563818
-0.160937
0.145096
0.824561
-0.755659
0.156784
-0.938401
0.115169
-0.00156538
0.132548
-0.132111
-0.717315
-0.211018
-0.779916
0.886589
0.0418163
-0.156985
-0.789446
0.921994
0.027611
-0.491161
0.370095
0.379779
0.219783
0.088038
0.601034
0.426024
0.124333
-0.282883
-0.482931
-0.331267
-0.623833
-0.588877
-0.645249
0.471442
-0.0602565
-0.488654
0.255616
-0.445559
-0.402914
0.455164
-0.106638
-0.675158
-0.64156
0.701817
0.368673
-0.0772327
0.396548
-0.168086
-0.313846
0.383659
0.151415
-0.0693129
-0.791764
0.461105
-0.0839532
0.170091
0.541282
0.449176
0.74917
-0.324469
0.277891
-0.100286
-0.774653
-0.649511
-0.0502839
0.729601
0.348074
0.345783
0.809527
-0.239014
0.138405
-0.299091
0.195775
-0.135044
-0.374927
0.358572
0.327868
-0.664108
0.176814
0.409074
0.413376
-0.194864
-0.751676
0.498622
0.71005
-0.850139
0.321509
0.20249
-0.0264219
-0.43581
-0.323416
0.261905
0.791719
-0.501769
-0.280922
-0.602431
0.750929
-0.777351
0.305245
0.95991
-0.00295723
0.0114925
0.761973
-0.544153
0.272173
-0.62408
0.198139
0.00306008
-0.815217
0.465063
-0.180946
0.235956
0.611453
-0.133175
0.657514
-0.427918
0.377851
0.0999141
-0.174759
-0.204615
0.964361
-0.0130333
-0.589295
-0.246809
0.582414
0.698988
0.105524
0.280283
-0.712831
-0.677192
0.469034
0.122676
0.70113
-0.847338
0.417375
-0.0921016
-0.637788
-0.728836
-0.121365
-0.770863
-0.31006
0.627611
-0.0155031
-0.308524
0.590493
0.89029
-0.202908
-0.320971
-0.456285
-0.74686
-0.175199
0.58385
0.099791
0.836338
0.418084
0.177169
-0.215461
0.528225
0.203334
-0.489706
0.843848
-0.973385
0.00260782
0.566722
0.798203
0.518055
-0.503018
-0.560636
-0.725637
-0.564858
0.772913
-0.424738
0.11556
0.0680769
-0.796504
0.584742
-0.478507
0.804355
-0.576059
0.773471
-0.00475487
-0.287962
-0.367676
-0.509852
0.0995555
0.329337
-0.806896
0.377639
0.646048
0.240158
0.647273
0.0887952
-0.864872
-0.124698
-0.445715
0.25261
0.810378
-0.456427
0.210359
0.857632
-0.11477
-0.950653
0.191284
-0.344045
-0.797314
-0.208673
0.319727
0.421388
-0.527796
0.818254
-0.0236419
0.170537
-0.897578
-6.69397e-05
-0.322729
0.194297
0.220641
-0.132196
-0.398468
0.346388
0.76167
0.298918
-0.793269
-0.178046
-0.607297
-0.923329
-0.0143644
-0.10621
-0.802438
-0.707021
-0.63225
-0.486922
-0.784281
0.889358
0.0184996
0.739551
-0.363166
-0.14157
-0.0119882
-0.27903
-0.956588
0.388554
-0.0480427
0.756318
-0.632651
-0.315278
-0.429969
0.124236
-0.563228
-0.519816
0.68571
0.733752
0.167204
-0.513061
-0.193217
0.497045
0.383987
-0.559938
0.0821831
0.129177
0.721208
0.12059
-0.237384
0.67988
-0.434917
0.818904
-0.00365751
-0.0858406
-0.942512
0.66372
-0.0471381
0.731562
0.240232
0.289996
0.152807
-0.519015
0.274873
0.151676
-0.0626628
-0.27768
-0.143436
0.544975
0.83301
-0.0681678
0.458764
-0.231598
-0.00896874
0.0716315
-0.199882
0.343319
0.733421
0.562274
-0.384131
-0.219102
0.397578
0.90241
-0.255558
0.287705
-0.783493
-0.50366
0.562025
-0.198155
0.25203
-0.091186
-0.594008
0.00576803
-0.986658
-0.183234
-0.42405
0.0245808
0.259702
-0.235749
0.391476
0.109092
-0.0621366
-0.0773946
0.421357
-0.0805163
-0.165438
-0.60423
-0.595827
-0.403901
0.548653
0.346427
-0.854466
-0.215587
0.870442
0.541844
-0.686765
-0.668969
0.364761
0.38228
-0.289346
-0.559207
-0.606585
0.202106
-0.806628
0.106158
0.440566
0.879203
0.252274
0.188009
0.18344
-0.13043
-0.36357
0.30226
0.442754
-0.0303672
0.166599
0.772758
-0.315054
-0.0354937
-0.266081
-0.848958
-0.512927
-0.153395
0.536812
0.72807
0.406919
-0.243913
-0.730355
-0.188262
-0.777302
-0.290229
-0.798887
0.335699
-0.815054
0.376644
-0.507886
-0.346906
0.29688
-0.483946
-0.799272
0.835478
0.129391
0.613124
-0.701229
0.933678
0.307223
-0.0870382
0.663254
0.71622
-0.418256
-0.27385
-0.0596222
0.181056
-0.497562
0.129171
0.424389
0.771022
-0.0832898
-0.100496
0.638186
-0.493069
0.62331
0.696433
0.601093
-0.550802
-0.170689
-0.253979
-0.627309
-0.265495
-0.325557
0.0275938
-0.0912627
0.081378
0.8659
-0.470933
0.320677
-0.155785
-0.235957
0.350455
0.870042
-0.435393
0.0531515
-0.176553
0.823985
-0.798651
-0.492416
-0.0897627
-0.870198
0.196672
0.636115
0.613879
0.0133205
-0.774271
0.416549
0.159157
0.438792
0.460274
0.117701
-0.280364
0.898983
0.676108
-0.531318
-0.388456
0.353769
0.407552
0.379916
0.497617
-0.439969
-0.435632
0.143332
0.131582
0.607132
-0.631026
0.718574
-0.447646
-0.616031
0.483857
-0.0810935
-0.410823
-0.52947
-0.246426
0.442253
-0.140013
-0.976313
-0.124972
0.840418
-0.0488971
0.799466
-0.382943
-0.104922
0.19876
0.620497
0.855475
0.513434
0.343123
-0.574906
-0.374373
0.359706
-0.464628
0.658891
-0.279389
-0.413936
0.105548
0.221748
-0.123754
0.0281176
0.00711803
0.818498
0.727152
-0.418552
-0.214874
0.562566
0.773123
-0.550763
-0.328941
0.318267
-0.775599
0.275912
0.141095
-0.601927
0.164492
0.153443
-0.704206
-0.129738
0.448004
-0.231864
-0.721615
0.521911
0.0246621
0.277415
0.596164
-0.240397
-0.948626
-0.0737961
0.00902157
-0.594915
0.344147
0.628631
-0.374943
0.286533
-0.535787
-0.743063
0.476285
-0.603935
0.19885
0.412811
-0.0414426
-0.190324
-0.476858
-0.507652
-0.42023
0.770543
0.0616967
-0.177457
0.481194
-0.0448408
-0.618231
-0.0498429
-0.260673
-0.945985
0.362621
0.80211
-0.0368659
0.767438
0.00374162
-0.799436
0.0771605
-0.273762
0.699539
0.0315001
-0.461051
-0.167082
0.0373543
-0.171605
0.314052
-0.181411
0.455172
-0.0253951
0.0568952
0.0247199
0.868479
-0.375198
-0.507451
-0.857747
-0.292029
0.0807928
-0.210778
-0.238664
-0.263384
-0.944117
-0.319315
-0.789791
0.714059
0.176268
0.662733
0.6604
0.567909
0.285724
0.270942
0.61036
0.64033
0.414789
0.317666
-0.237823
0.526576
-0.334347
0.62007
0.740752
-0.351112
0.0435934
0.458383
0.0784605
0.316283
-0.466834
-0.0514701
0.357393
0.791451
-0.111505
-0.155098
0.433008
-0.511469
0.189548
-0.356504
-0.451838
0.253102
-0.560765
-0.321121
-0.44085
0.876947
-0.0814772
0.552263
-0.50517
0.707572
0.0201459
-0.580911
-0.326233
-0.244022
0.513465
-0.544481
0.351779
0.455195
0.887793
-0.984988
-0.0897681
0.158404
-0.449862
-0.703043
0.231674
-0.826493
-0.41392
-0.178966
0.111964
0.648637
0.30346
0.856482
0.149752
0.313382
0.92135
0.704941
-0.56372
0.847297
-0.13168
0.0277829
0.684874
-0.476783
-0.208665
-0.0559625
-0.440553
0.393192
-0.359385
-0.524259
0.523821
-0.208695
-0.766923
-0.617416
-0.746191
0.391136
0.364854
0.673728
-0.506173
0.814223
-0.321899
-0.873941
-0.4829
-0.526221
0.604297
0.0910991
0.212352
0.718525
-0.531314
0.451403
-0.200803
-0.286024
0.150258
-0.460506
0.485112
0.202662
0.0907164
-0.74896
-0.0505206
-0.251324
0.268703
-0.41896
0.837033
-0.322144
0.633356
-0.47372
-0.837049
0.718238
0.425658
0.626022
-0.224338
0.761686
0.436255
-0.315721
0.0654908
0.590297
-0.698639
0.373024
-0.0393138
0.702178
-0.462831
0.804042
0.00679151
-0.804037
-0.145323
-0.663054
-0.0603451
-0.809905
0.106279
-0.556681
-0.547027
-0.652506
-0.604879
0.264455
-0.852593
0.73436
0.506646
-0.118788
0.327896
-0.737226
0.320081
-0.160923
-0.390691
0.243283
-0.943701
-0.402723
0.249192
-0.828401
0.411744
-0.108919
-0.866358
