0
0
-0.236092
-0.874213
0.00400323
-0.257853
0.59658
0.65908
-0.767447
-0.486029
-0.0299104
-0.928304
0.0435184
-0.49838
0.756233
-0.028399
-0.476071
0.656964
0.0527904
-0.770554
-0.698857
0.0553143
0.7319
-0.0858809
-0.133402
0.144405
0.497218
0.202891
-0.0142008
0.367571
-0.450272
0.484866
-0.927218
-0.264203
0.408607
0.495794
0.698685
-0.13169
0.014884
-0.748921
0.418993
0.489124
-0.288099
-0.287453
-0.163484
-0.126549
0.106931
0.835795
-0.364039
-0.324356
0.0590758
0.329194
-0.368047
0.357299
-0.658512
0.491949
-0.125129
-0.331361
-0.448636
-0.373428
0.115547
-0.262747
-0.306975
0.617901
0.475072
0.211573
0.157538
-0.254246
0.505924
0.675047
0.0886158
-0.752146
-0.406958
0.538952
-0.0729169
0.352101
0.0934464
0.0939048
-0.289773
-0.336376
-0.0885218
-0.0316183
-0.57057
0.523821
-0.192772
-0.715861
0.809766
0.534115
-0.307663
-0.639266
-0.0176547
-0.732043
-0.227523
-0.776136
0.419623
0.451855
0.300222
-0.347283
0.285397
0.137774
-0.487267
-0.711711
-0.355233
-0.675428
-0.640523
-0.0767535
0.768561
-0.0681003
0.205875
0.176122
0.0585481
0.114984
0.292533
0.505894
0.623807
-0.245086
-0.208947
0.206187
0.851328
-0.0777132
0.870145
0.0517672
0.903328
0.265793
-0.015485
0.229485
-0.654897
0.647144
-0.522989
0.691873
0.0539083
-0.668543
-0.798374
0.360383
0.454065
0.211721
0.384995
0.501209
0.193082
-0.706865
-0.380379
0.0239237
-0.777393
-0.422222
0.633943
-0.573922
0.440632
-0.0777895
0.917027
-0.339001
-0.362924
-0.297284
0.326719
-0.837759
-0.434891
0.155847
0.238792
-0.706009
-0.546605
-0.280099
-0.690942
-0.34144
0.275408
0.734557
0.754071
0.0365456
0.569779
-0.12646
0.155062
-0.187063
0.509423
0.615113
0.384695
0.813511
-0.22135
0.768367
0.370021
-0.516663
0.404331
0.495801
0.13626
-0.12829
0.165898
0.916438
-0.693887
0.329852
0.334323
-0.893383
-0.678224
-0.394633
-0.13001
0.588045
-0.767036
-0.479943
0.809795
-0.359147
-0.25253
0.381725
-0.776358
0.598795
-0.454417
0.85487
-0.670733
0.68354
-0.427655
0.857709
0.325016
0.717612
0.414682
0.108318
0.305107
-0.881048
-0.561869
0.243552
-0.764882
-0.372602
0.2802
0.336217
0.0203802
0.934831
-0.102935
0.108378
-0.351929
-0.304696
-0.677298
0.42688
0.763096
0.492748
0.427579
-0.781614
-0.576871
0.382681
0.91824
-0.170273
-0.530022
0.828685
0.244365
0.665418
-0.638016
-0.424603
0.238796
-0.958366
0.523437
0.179981
0.251911
-0.297732
0.864229
0.229522
0.724881
-0.298938
-0.768451
-0.0428632
-0.26068
-0.717423
0.434584
0.049542
0.445582
0.472959
0.323935
0.240865
-0.0277877
-0.237736
0.28823
0.149802
-0.368848
-0.0080378
0.622603
-0.667464
0.410778
-0.556826
-0.110283
-0.0463907
-0.373117
-0.402773
0.291895
-0.610239
0.183693
-0.648944
0.303412
-0.949068
0.146145
0.84268
0.245453
0.781892
0.392131
0.220681
-0.581887
0.27874
0.227808
-0.779494
-0.361301
-0.212349
-0.73161
0.569496
-0.106844
-0.533434
0.109258
0.553546
-0.343999
-0.800545
0.589003
-0.801148
-0.370643
-0.26142
0.794855
0.186941
0.740487
-0.0257926
0.0060046
-0.583623
-0.894072
-0.403507
0.180343
-0.0524023
0.529889
-0.727934
0.632047
-0.650567
0.68505
-0.563913
0.8581
-0.13029
0.562343
-0.441089
-0.661209
-0.248204
-0.341468
0.527063
0.622349
0.0734673
0.084267
0.620901
0.0619903
0.0942707
-0.401975
-0.557526
0.989019
0.00243606
0.831283
0.521677
0.771476
0.333569
0.42784
0.57058
-0.513289
0.066189
-0.413158
-0.000800905
0.167583
0.0163561
0.349925
0.895383
-0.00233408
-0.962312
-0.35518
0.862925
0.152424
0.8233
-0.557856
-0.161661
0.100721
0.388624
-0.166389
0.0219202
0.00117166
0.255442
0.0691467
-0.743545
-0.707144
0.127134
0.415212
-0.302676
0.175923
-0.3232
0.0376671
0.654836
-0.61832
0.557846
-0.148966
0.977197
0.546475
0.092641
-0.294596
0.0973294
0.254141
0.796351
0.450015
-0.725766
-0.660153
0.262229
0.15474
0.609752
-0.283361
-0.105867
0.703139
-0.435008
0.0123484
0.783153
-0.851694
0.271327
-0.610806
0.46751
-0.573377
-0.458108
0.893116
0.136275
0.529652
-0.418606
-0.320174
0.283781
-0.0914945
0.601183
-0.354033
0.117321
-0.650141
-0.757767
0.176372
0.77847
-0.728852
-0.200435
0.131415
0.528917
0.210489
0.923927
-0.681694
0.125409
0.218216
0.751274
0.45321
-0.770235
0.18549
-0.0613797
-0.101803
0.198257
0.86745
0.136687
-0.661447
-0.080526
0.977617
0.0306292
0.230006
-0.763889
-0.220367
-0.0256178
0.162305
0.986282
0.0668079
-0.489953
-0.520582
-0.251264
0.473368
-0.0723289
-0.345906
0.753601
-0.739883
0.0753497
-0.863419
-0.371667
-0.0811464
0.984912
0.0572411
0.975948
-0.164974
0.91539
0.562664
-0.641928
-0.0135947
-0.941863
0.926775
0.12374
0.0996887
-0.949604
-0.605829
0.139669
-0.0445262
0.0403987
-0.596442
-0.582423
-0.389497
-0.215251
0.242151
0.364394
0.438319
0.190679
0.662645
-0.186172
0.749419
-0.489453
-0.747588
0.40492
0.769313
-0.312183
0.502862
-0.495222
0.459588
-0.0651097
-0.324196
0.646179
0.804272
-0.00245377
-0.142668
0.759281
-0.486613
0.826267
-0.40165
0.304753
-0.707218
0.456876
-0.334459
0.755693
0.758896
0.489246
0.156441
0.119949
-0.151002
0.768507
-0.293041
0.502791
-0.268255
0.632252
-0.16874
0.173863
0.0920384
0.825137
0.903772
-0.348697
-0.800303
0.0557826
0.256915
0.53091
0.753091
0.607694
0.532126
-0.107899
0.689183
-0.581817
-0.136138
-0.932252
-0.463162
-0.699441
0.316512
0.321956
-0.429855
-0.277443
0.6263
0.245059
-0.177312
0.15993
0.859371
-0.488966
-0.848399
0.500413
-0.0463585
0.370162
-0.615222
0.768004
-0.343346
0.110774
0.682475
0.0732349
-0.573648
0.699969
-0.0701312
0.25705
-0.0250545
0.318349
0.217184
0.25424
-0.216741
-0.591406
0.283265
-0.1439
0.550155
0.708605
0.393958
0.123042
0.0760301
0.106116
0.7111
-0.253719
0.368629
-0.542062
0.792268
0.217342
8.01934e-05
-0.880352
-0.547742
0.625075
-0.147134
0.825421
-0.319696
-0.0758724
-0.454737
0.612031
0.149889
0.174951
-0.212009
0.357774
-0.164312
0.207829
0.0209213
-0.307309
-0.553037
0.290685
0.30904
-0.585686
-0.52289
0.230359
-0.733145
0.570838
0.0837508
0.247956
-0.752417
-0.373362
-0.959048
-0.0266708
-0.257029
0.755453
0.326291
-0.686688
0.0110433
0.841664
0.215026
-0.0761147
0.102786
-0.47402
-0.229473
0.556113
0.2428
-0.0039594
0.962678
0.153315
0.0574141
0.107862
-0.175655
-0.264112
-0.71437
-0.0926981
-0.303817
-0.833943
0.987258
-0.0205138
0.128375
-0.0461194
0.310232
0.346031
0.29022
-0.624725
0.689083
0.303822
0.559254
-0.739292
-0.143485
-0.785568
-0.131599
-0.518789
0.143513
0.371173
0.674995
0.447505
-0.231698
0.67355
-0.163992
-0.868374
-0.596088
-0.252882
0.861316
-0.0117127
-0.356215
-0.773695
-0.366781
0.0472822
0.878696
-0.129592
0.39095
0.260773
0.64243
-0.644784
-0.0248885
0.393592
0.492292
-0.146602
-0.344669
-0.888164
0.218503
0.860663
0.656456
-0.708868
0.864554
0.20223
0.452575
0.24716
0.0528248
-0.707852
0.24041
-0.750215
0.727088
-0.647999
0.381837
-0.026174
-0.203908
-0.656021
-0.363874
0.473781
-0.223996
0.89681
-0.544808
0.0127311
-0.0389051
0.0979994
0.948566
0.250826
-0.948084
0.260124
0.294498
0.741949
-0.249042
-0.000941499
-0.0989409
-0.797086
0.0479112
0.779228
0.0393522
-0.427993
-0.169942
-0.140343
0.73464
0.0377635
-0.0297592
-0.66093
-0.164189
0.598898
-0.369424
-0.129967
-0.192008
0.605283
0.173364
-0.623983
-0.0192977
-0.78591
0.816611
0.0365719
0.253368
-0.0122149
-0.617498
0.574061
-0.198044
0.761279
0.626139
0.172213
0.411504
-0.275104
0.221357
-0.744393
0.751426
0.0846193
-0.136827
0.108878
-0.825364
-0.351615
0.189207
0.0132015
0.171936
0.452901
0.797659
-0.141547
-0.905188
-0.118661
-0.829549
0.51236
0.237837
0.164382
0.76608
0.0182309
0.249775
0.323568
0.713689
0.525233
0.507068
0.335405
-0.193759
0.633765
0.223218
-0.17044
0.949722
0.0874
0.0541903
0.186531
-0.521936
-0.379387
0.435198
0.528804
0.699244
0.250645
0.338045
-0.343295
-0.0602706
0.133053
0.694311
0.127
0.532504
-0.228972
-0.427548
-0.581465
-0.230431
0.954924
0.0830458
0.831416
-0.463898
-0.686561
0.567859
-0.766147
-0.100083
0.355908
-0.238129
0.770456
-0.387335
-0.812454
-0.5836
-0.689559
0.68181
-0.0335271
0.26717
-0.0814478
-0.0839392
-0.478662
0.882884
0.29938
-0.683985
-0.547594
-0.377955
-0.808239
0.735123
0.373967
-0.681895
0.0539244
0.0815772
0.202537
-0.205152
0.965105
-0.462675
-0.137139
-0.520073
-0.764994
-0.260048
0.20506
-0.322754
-0.867907
-0.0184948
-0.344734
-0.0399373
-0.543606
0.607042
-0.381795
-0.697706
0.400167
0.858423
0.383662
-0.728396
0.0959293
0.737374
-0.591837
-0.703944
0.430155
-0.13365
-0.78443
-0.122965
-0.637744
0.253188
0.2732
0.123973
0.599663
0.029818
-0.857882
-0.642311
0.167709
0.805453
-0.245127
0.518327
-0.814828
0.584115
-0.0582708
-0.00473828
0.00111378
0.951483
0.0390097
-0.146637
-0.0119633
-0.372978
0.00181186
-0.39809
-0.828449
0.895743
0.204459
0.304293
-0.543366
-0.806435
0.197373
0.306428
-0.380001
-0.433116
-0.49152
-0.69598
-0.252951
-0.562569
0.448196
-0.440277
0.00423149
-0.384232
-0.618332
0.753118
-0.210714
-0.539572
0.704375
-0.704647
-0.294827
0.201718
-0.786051
-0.532756
0.256666
-0.639004
-0.60156
-0.702382
0.233572
-0.0560161
-0.573296
0.583623
-0.638858
0.706708
0.303438
0.00912591
-0.49623
-0.652109
0.0892017
0.0371435
-0.475999
0.863733
0.444934
0.173059
0.0634125
0.000230316
0.931611
-0.424022
0.779183
-0.595566
-0.298655
0.782251
-0.102497
0.687509
-0.379345
-0.736049
0.338269
0.260754
-0.709964
-0.226821
-0.211787
0.492385
-0.0999081
-0.107034
0.553658
0.6861
0.527582
-0.327043
-0.296138
0.488503
-0.617725
-0.233946
-0.488411
0.806069
0.352601
-0.21875
0.381617
-0.173149
0.688018
-0.723401
-0.520832
0.301518
0.866426
0.598921
0.630315
0.536292
0.104946
0.877354
-0.061235
0.306803
0.944248
0.810674
-0.0921413
0.0367871
0.279673
-0.816712
-0.137362
-0.686665
-0.438877
-0.774739
0.034468
0.824208
0.377885
0.857092
0.00339841
0.68415
0.696395
0.297465
-0.0129808
-0.574504
-0.314984
0.587486
0.803457
-0.210177
0.216346
0.394388
-0.379729
0.343552
-0.513247
0.542788
-0.417927
0.221384
-0.674631
-0.890977
0.413007
-0.206755
0.859164
0.239573
-0.00201901
-0.126106
-0.403246
0.472811
0.188152
-0.513951
-0.7792
-0.662718
0.597351
0.323494
-0.12682
0.303204
-0.728047
-0.0819576
0.596649
-0.487387
0.781956
0.750363
-0.621826
0.0598691
-0.481231
0.561085
0.644795
-0.581585
0.197665
-0.350677
-0.451519
-0.0733454
0.252963
0.109097
0.574043
0.00421281
0.805848
0.287548
0.400481
0.274894
0.00237826
0.331803
0.104082
0.36387
-0.861203
0.713202
0.328297
-0.494093
0.0838558
0.0862341
0.983314
-0.875724
0.396553
0.382991
-0.0258595
-0.825277
0.0609866
-0.699534
-0.178424
-0.0757942
0.749319
-0.145872
0.631884
0.657744
-0.411411
-0.351983
0.636635
-0.203271
-0.25263
0.338048
-0.518184
0.202754
0.362298
0.626808
0.0351317
-0.179457
0.658374
-0.366391
0.266247
0.75219
-0.00252262
-0.100467
0.0319935
-0.0671251
-0.334144
-0.142813
0.117648
-0.447161
-0.212611
-0.759416
0.433506
-0.643537
0.448297
0.175572
0.422243
-0.668825
0.130723
0.489632
0.215821
-0.00531639
-0.78534
0.466656
0.694605
0.0424339
-0.968986
0.324104
0.124071
-0.262276
-0.47056
0.588561
0.731932
0.081825
0.544352
-0.89365
0.00497048
-0.121419
0.943922
0.690268
-0.48404
-0.877039
0.030975
0.122328
-0.275838
0.23169
-0.815668
0.814533
0.260911
0.0962682
0.556376
-0.344883
-0.305301
0.58114
-0.420146
0.368451
-0.189212
0.642666
0.118803
-0.348739
0.326625
-0.447243
0.862919
0.33013
-0.296838
-0.300388
0.631399
0.750203
-0.376463
0.41451
0.182784
0.0457033
-0.805576
0.102414
0.0489681
-0.40732
-0.667582
-0.376174
0.382314
0.889377
0.100319
0.890793
0.0978402
-0.335944
-0.714494
-0.926522
0.184851
0.586379
-0.264076
-0.364395
-0.27127
-0.260107
0.740324
0.454818
-0.75973
-0.944581
0.0863075
0.698031
-0.585166
-0.0609221
-0.623063
0.878251
0.0512512
-0.402308
-0.873088
0.238651
0.32261
0.407995
-0.178162
-0.176949
0.719422
0.136012
0.479404
-0.296295
-0.0352958
-0.177928
0.30163
0.300012
-0.776947
0.27125
-0.10928
-0.745874
-0.0666272
-0.101923
-0.747687
-0.0493174
-0.830755
0.607702
0.741729
-0.851008
0.247332
-0.912648
-0.146745
0.580384
0.742099
0.426808
-0.382624
-0.844428
0.0840142
-0.893412
0.165444
-0.72555
0.504371
0.0646482
0.526342
0.173354
0.0415786
0.216073
-0.183855
0.178471
0.303758
0.808129
0.258343
0.0796435
-0.371175
-0.412754
0.112951
-0.296806
-0.161446
-0.089946
0.26021
0.164231
-0.409653
0.0169959
0.845451
0.601855
0.447372
-0.220897
-0.0782231
0.204582
-0.0833241
-0.165063
-0.0842633
0.630639
-0.112436
-0.682733
-0.221962
-0.194992
0.733125
0.0669737
0.518416
-0.568389
-0.449978
-0.262915
-0.489192
0.923399
0.144785
0.477459
0.0746314
-0.655408
-0.300584
0.773285
-0.0507263
0.304902
0.483074
-0.520644
-0.313479
-0.301735
0.738815
-0.451885
-0.788
-0.0387966
0.334624
0.816962
0.224052
-0.444211
0.684812
-0.0748921
-0.94368
0.205037
0.684211
-0.816803
0.528155
-0.611905
-0.0161536
-0.883841
-0.0207682
-0.827221
-0.0222337
0.706445
0.467928
-0.771651
-0.0598431
0.0759967
0.0740684
-0.0948367
-0.696704
-0.593828
0.727032
0.75929
0.167551
-0.690799
0.318936
0.179588
-0.498626
0.275265
-0.165043
-0.207933
0.876112
-0.275463
0.933213
0.25215
-0.873934
0.37256
-0.349672
-0.0607807
0.261861
0.553396
0.811878
0.458684
0.560192
0.170552
-0.753855
-0.274169
-0.593435
-0.88936
-0.379502
0.025863
0.260674
0.00541603
0.202771
-0.769366
0.49001
-0.593775
0.0373475
0.18545
0.982231
0.300952
0.641582
0.348859
0.855944
0.600031
0.420091
0.739548
-0.292809
0.0559875
-0.60334
-0.616522
0.510368
0.706533
-0.580371
0.504106
-0.286476
-0.762884
-0.10694
0.336498
-0.553739
0.647074
0.738507
0.33726
-0.149757
-0.1036
-0.501355
-0.422812
0.0782508
-0.413303
0.861729
-0.0215597
0.326318
-0.252177
-0.129701
0.366666
-0.0452678
-0.240115
0.00458157
-0.319949
-0.756581
0.281813
-0.91754
-0.596784
0.797383
-0.589824
0.517155
-0.06455
-0.992274
-0.64157
0.55737
0.89566
0.255683
0.0477178
0.175802
0.919252
0.242696
-0.362212
0.66042
-0.0537343
-0.632476
-0.278627
-0.835183
0.487424
-0.798469
0.469963
-0.86533
-0.247484
-0.384664
-0.509615
0.428954
-0.192681
0.714637
-0.135352
0.275912
0.259259
-0.270655
0.552182
-0.19684
-0.81354
-0.447308
-0.3784
0.684033
0.202483
0.899812
-0.762338
-0.515668
0.702189
0.334713
-0.159582
-0.503033
-0.20923
-0.266435
-0.0749998
-0.294071
0.255933
0.0132796
0.454006
-0.591366
-0.683476
0.384581
-0.210495
-0.883105
0.226933
-0.379755
-0.393035
0.304207
-0.393803
0.220006
-0.270884
-0.949024
0.0796058
-0.290648
-0.194058
-0.631255
-0.750943
-0.378151
0.598156
0.0232214
0.575927
0.35839
0.147796
-0.655969
0.566447
0.427984
0.516536
0.17679
-0.321537
-0.539432
-0.408473
-0.0287003
-0.0805513
-0.821477
0.414008
-0.879378
0.113304
0.413753
0.647916
0.337926
0.395454
0.754738
0.181588
-0.846856
-0.285798
0.798156
-0.868133
0.120984
0.662272
0.745049
-0.761438
-0.479379
0.15814
0.761971
0.903114
0.0823172
-0.203302
0.955404
-0.0603634
0.789606
-0.342675
0.935022
-0.0399806
0.423688
0.506005
0.0365367
0.991941
0.0729392
-0.828279
-0.11423
-0.117071
0.771613
-0.985825
0.166824
0.515875
0.420277
-0.406859
-0.618264
-0.60841
0.729756
0.890305
-0.282016
-0.0282832
-0.754995
-0.675842
0.142793
0.082356
0.0967251
0.540121
0.767268
-0.448617
0.30286
0.307395
-0.382762
-0.151932
0.686951
0.313868
-0.00450907
0.0669414
0.331221
-0.306679
-0.134775
0.09302
0.772551
0.201553
0.329767
-0.236694
0.851567
-0.308228
0.0926416
-0.663927
0.521642
-0.0639299
-0.904417
0.234184
-0.644117
-0.495684
0.716344
0.808985
0.128182
0.846009
-0.229269
0.0554922
-0.360841
-0.0874224
0.676207
-0.782626
-0.600603
-0.726338
-0.44401
0.136737
-0.290678
-0.540673
-0.227598
0.426172
-0.661553
0.262156
-0.836783
0.824025
-0.284305
0.661798
0.396606
0.441033
0.416531
0.745959
-0.578806
0.564075
-0.585272
-0.668619
-0.385962
0.526474
-0.270503
-0.404042
-0.656214
0.23502
0.917581
-0.502853
-0.698911
0.465344
0.181125
-0.665605
-0.702382
0.814035
0.544088
-0.195965
0.629675
-0.875845
0.00151326
-0.524286
-0.733787
-0.52353
0.270254
0.680207
-0.00655566
-0.808102
-0.33098
-0.183159
-0.869532
-0.0676708
-0.483522
-0.797753
-0.466085
-0.388063
0.0463055
-0.277421
0.29507
0.308761
0.628146
-0.898504
-0.16761
-0.126846
0.197928
-0.140483
0.709867
0.075965
-0.176425
-0.663393
0.087627
-0.532613
-0.676246
0.114421
-0.475355
0.0857235
-0.321669
0.366282
-0.896487
0.255364
-0.677487
-0.73675
0.405846
-0.881201
0.359173
-0.680842
0.500832
0.137936
0.0169087
-0.0465843
-0.412546
-0.929273
0.133006
-0.190343
0.685444
-0.863431
-0.283101
0.222794
0.905083
0.555709
0.0444673
0.472899
0.815249
0.0718171
-0.944013
-0.434729
-0.764989
0.206207
-0.465565
0.189191
-0.37385
0.946469
0.139541
-0.0249859
0.69669
0.0261709
0.288033
-0.694177
0.487976
0.861827
0.306791
-0.446332
-0.368617
-0.0653068
0.757173
-0.355511
-0.598375
0.584216
0.30831
-0.390373
-0.327948
-0.136243
0.0957024
-0.56702
0.502162
-0.468981
0.216457
-0.29048
-0.632837
0.445665
0.570467
-0.0365884
-0.796087
0.445458
0.735774
-0.172629
0.114762
0.117926
0.752587
0.323055
-0.753842
0.549929
0.52684
0.262614
-0.235948
-0.350709
-0.630949
0.067417
0.130057
0.290322
-0.550485
0.725607
-0.154592
0.149979
0.399044
-0.834287
0.261402
-0.587819
-0.0296184
-0.582125
-0.618503
-0.661412
-0.50893
0.113593
-0.846457
0.10469
-0.216218
-0.160538
-0.637428
0.743827
0.00988679
0.018492
-0.985893
0.818435
0.197166
-0.413384
0.665216
0.302644
-0.184973
0.19486
-0.924775
-0.891534
0.425977
0.558062
0.0245728
0.839809
-0.410075
-0.0256826
0.0589604
0.0400137
0.196005
-0.653309
0.392602
-0.278272
0.32946
-0.287792
-0.916244
0.823414
0.427859
0.384723
0.653946
-0.591883
0.490043
0.349682
-0.132957
-0.0440162
0.325953
-0.390514
-0.347442
0.617966
-0.563602
-0.524618
0.8512
0.814679
-0.55611
-0.307364
-0.360155
-0.574462
0.0760435
-0.376894
-0.897119
0.758439
-0.238179
-0.794523
-0.317749
0.424515
-0.773598
-0.176149
0.170618
0.0677373
0.489035
-0.253522
-0.623624
0.211753
0.487779
-0.356054
-0.352934
-0.720194
0.0119094
-0.564952
0.347593
-0.17377
-0.641359
-0.163096
0.428051
0.272399
0.180692
-0.109112
-0.910363
-0.746124
0.525843
-0.805699
-0.572702
-0.486848
-0.249147
-0.510754
0.60102
-0.920536
-0.0764972
-0.924698
0.0876145
0.504219
-0.854625
0.00221768
0.662204
-0.498439
0.316114
-0.653393
-0.481278
-0.559301
0.408349
0.37973
-0.486517
0.158902
-0.976742
-0.31596
0.837387
0.22419
-0.795946
0.0503594
-0.882987
0.518786
-0.467754
-0.935099
0.146904
0.160432
-0.767542
0.745707
-0.572116
-0.714669
0.261685
0.585371
-0.608706
0.696729
-0.287768
-0.27577
-0.541267
0.759284
0.506099
-0.20709
0.103938
-0.247965
-0.573857
-0.133475
0.115
0.843409
-0.433765
0.113344
-0.81813
-0.131907
0.765479
0.0199155
0.134242
0.831825
0.155903
-0.0212822
-0.918963
0.737093
-0.440003
0.165399
-0.222782
0.357024
-0.273504
-0.803521
0.505521
-0.521793
-0.390241
-0.790161
0.521927
-0.744709
-0.637985
-0.135636
0.473949
0.433379
0.824942
-0.215183
-0.865721
0.387648
-0.731647
-0.432098
-0.183648
-0.400816
0.819251
0.644193
0.0805644
0.825622
0.466292
0.700383
-0.162439
-0.346087
-0.591535
-0.0567047
-0.737886
0.389393
-0.473542
0.253583
0.43214
0.359538
-0.836288
-0.968769
-0.155116
0.41821
0.131823
-0.452024
0.0260103
-0.387459
0.699646
-0.306165
0.155538
-0.291443
-0.526444
-0.335472
-0.803009
0.878127
-0.191515
0.222827
-0.0589131
0.014536
-0.914352
0.53021
-0.266857
-0.175655
0.631727
0.0937009
-0.514096
0.573009
-0.00121788
0.786287
-0.563136
0.925696
-0.236945
-0.76605
-0.278901
0.0758684
-0.0802376
-0.949352
-0.310351
-0.785282
-0.149982
-0.118485
0.655306
