0
0
0.262515
-0.147008
-0.866474
-0.25126
-0.298785
-0.60089
0.0868895
-0.968453
-0.0922835
-0.462989
-0.076731
0.152785
0.315859
0.579244
-0.871039
0.878916
-0.860263
0.91939
-0.352303
0.363825
-0.513741
-0.275752
0.204072
-0.853943
0.957541
0.655314
-0.683725
-0.405737
0.754129
-0.679358
0.721825
0.144045
-0.0930258
0.435242
-0.421953
-0.351945
-0.826106
-0.931327
-0.63606
-0.0325881
0.583901
0.36673
-0.53386
0.40115
0.547844
-0.844981
-0.171477
0.387595
-0.412726
0.599173
-0.310761
0.0612307
0.126335
-0.710144
-0.666603
0.953251
-0.225402
0.166781
-0.183125
-0.0285631
-0.382452
-0.966616
-0.925102
0.350933
0.679352
-0.332313
0.66176
-0.493799
-0.759757
0.0956948
-0.5342
0.659173
-0.837345
0.602575
0.356014
-0.645506
-0.316032
-0.539068
-0.702209
0.218182
-0.686158
0.416898
0.471634
-0.976699
-0.642239
-0.134855
-0.407799
0.686471
0.137655
0.944474
0.135491
-0.0931595
0.784095
0.133399
-0.492004
-0.539263
-0.607489
-0.358441
0.285919
0.149679
-0.0454172
-0.507333
0.194598
0.944559
0.35979
0.796305
-0.899611
0.985738
-0.593755
-0.425871
-0.700268
-0.103103
0.0512758
0.0164193
0.975233
-0.569956
-0.935442
-0.479491
-0.888573
0.300344
-0.659277
0.100863
0.718262
-0.295568
-0.96618
0.222103
-0.6026
-0.715159
0.918223
0.497708
0.603295
0.280401
0.0363582
-0.0657647
-0.31318
-0.138394
-0.337711
0.810743
0.543226
0.128917
-0.993687
-0.837802
-0.764368
0.82466
0.035096
0.37091
-0.402059
-0.0639827
0.836173
-0.607204
-0.677418
0.706094
0.794094
0.65968
0.598419
0.576493
-0.816004
-0.919552
0.602296
0.78246
-0.957752
-0.731467
-0.384005
-0.951726
0.500394
0.343189
0.618504
-0.664051
0.290572
-0.0412939
-0.0451335
0.295778
-0.631029
-0.815255
-0.673116
0.239708
0.885942
-0.0138749
-0.687491
-0.742963
0.787494
0.498504
-0.582086
0.832334
0.908927
-0.410286
-0.912903
0.232782
-0.289475
0.685277
-0.202651
-0.799347
-0.206832
0.809112
0.557913
-0.953629
-0.33945
0.33388
0.600971
0.431293
-0.866143
0.950652
0.980599
-0.587013
-0.585148
0.648121
-0.0156407
0.573649
0.33602
0.990245
0.279287
0.99064
-0.622808
-0.757877
-0.22818
-0.942644
0.311556
-0.247818
-0.984212
0.810212
0.411097
0.989516
0.344816
0.683828
0.815666
0.298241
0.0851818
-0.51594
-0.924395
0.911517
-0.9086
-0.781787
-0.481729
0.989026
0.890691
-0.77187
0.280686
-0.432778
-0.801796
-0.723759
0.188913
0.476544
0.577293
-0.113967
0.844444
0.996903
0.513989
-0.707258
-0.824528
0.850011
0.593919
-0.467349
0.459817
-0.916139
-0.520142
-0.0874932
0.916432
-0.0921406
0.130559
0.956082
-0.480226
-0.611592
0.131967
0.52308
0.773957
0.775288
0.298944
-0.625611
-0.188066
-0.788105
-0.149489
0.46113
0.199573
-0.942111
-0.802711
-0.625818
-0.408334
0.664249
0.10082
0.542576
0.839527
-0.585593
-0.248121
0.28693
-0.618159
0.76195
-0.805797
0.666131
0.435093
-0.243243
0.0466603
0.325573
0.691572
0.276625
0.603813
-0.447093
0.581752
0.306737
0.247656
0.592576
0.129602
0.00822235
-0.689568
0.373211
0.00126387
0.376437
0.124549
-0.653934
-0.628841
-0.15009
-0.760258
0.298872
0.351525
-0.166337
-0.0302392
0.56139
0.521739
-0.717083
-0.813554
-0.246244
0.258396
0.896671
0.48664
-0.719877
0.873006
0.54984
-0.197472
0.397655
0.457125
-0.623538
-0.489471
0.184524
0.716921
0.776229
-0.735659
0.596476
0.735116
-0.276128
-0.873446
0.155912
0.273614
-0.98681
0.594373
0.447827
-0.713509
-0.421659
-0.133666
-0.371269
-0.85155
-0.388063
0.227053
-0.626914
0.484318
0.285905
0.751552
-0.754265
0.843883
0.21788
0.273911
-0.469099
-0.426985
0.637038
0.283783
0.0841402
-0.81434
0.21004
-0.867717
-0.522487
-0.450477
0.525134
-0.902369
0.855797
-0.372228
0.0460351
-0.325045
0.922768
-0.260862
0.472994
0.930432
0.484727
-0.52394
0.275125
-0.365195
-0.278469
0.300851
0.183892
-0.681858
-0.638631
0.272092
-0.856151
-0.859909
0.710348
0.0445086
0.146172
-0.0994783
-0.718768
0.21408
0.453131
-0.95841
-0.180392
-0.644212
0.252239
-0.86027
-0.840534
-0.239066
-0.380911
0.188837
-0.923706
-0.0585117
0.523687
0.803958
0.423264
0.656732
-0.869555
-0.340202
-0.369525
-0.141415
-0.337729
0.597099
0.191616
0.977432
0.814456
-0.413035
0.817678
0.174557
-0.583151
0.762227
0.925865
0.527196
0.524629
-0.0985564
0.893191
-0.16077
0.761563
0.536106
0.723463
-0.704547
0.668195
-0.538112
-0.372811
-0.695978
-0.311571
-0.642855
0.34656
-0.292243
0.820105
0.299671
-0.872356
0.87589
-0.90737
0.158414
0.606453
0.0659433
-0.949919
-0.0760588
-0.618919
-0.161653
0.466486
-0.459284
0.667243
-0.614991
0.401085
-0.918715
-0.328651
-0.392455
0.646235
-0.813453
0.598656
-0.67004
-0.565718
0.658499
-0.644364
-0.834884
-0.872912
-0.105009
-0.823419
-0.848246
-0.479161
-0.58852
-0.0522133
0.777611
0.923127
-0.0952132
0.359814
0.666849
0.0923767
-0.255316
-0.317319
-0.744873
-0.997261
0.741727
0.593261
-0.952948
-0.739504
-0.28158
-0.97163
-0.455891
0.547813
-0.846054
0.0206536
-0.637329
-0.35458
-0.81677
-0.858784
0.353533
-0.406026
-0.839682
0.502748
0.874383
-0.543108
0.561137
-0.706079
-0.901062
0.241299
0.0866034
-0.103826
-0.385342
0.186469
-0.824525
-0.0443835
0.843306
-0.963019
0.996783
0.897547
0.404815
0.800166
0.0552312
0.625901
-0.0599894
0.20355
0.0772359
-0.318377
-0.281552
-0.783531
0.683099
-0.333787
0.141622
0.946285
0.250525
0.928725
-0.523992
-0.597465
-0.855222
0.198325
-0.868073
0.951069
-0.551139
-0.0536256
0.644997
-0.149778
-0.612353
-0.876027
-0.903818
0.692512
-0.139654
-0.650059
-0.0238924
0.316386
-0.153441
0.595048
-0.844754
-0.979798
-0.318554
0.142575
-0.235393
0.280106
-0.610502
0.368202
0.499491
0.254896
-0.563139
-0.948215
-0.00758614
0.596475
0.913207
0.825855
0.285486
0.843241
0.552744
-0.0589936
-0.511767
0.523418
0.969972
0.755248
0.571758
-0.559155
0.367498
-0.0206807
0.835088
-0.964161
0.00294821
0.796204
0.323725
-0.904065
-0.679801
0.886325
0.803743
-0.0425587
0.970972
0.0884758
0.649965
-0.218579
-0.742534
0.229414
-0.275696
0.794586
0.61194
0.0132435
-0.841737
-0.650164
0.497518
0.895568
0.36773
0.883976
0.199554
0.886222
-0.503135
0.41779
0.650869
-0.0374596
0.541723
0.166606
-0.708314
0.490571
-0.417442
0.168727
-0.630753
0.607262
0.140812
0.202377
-0.880432
-0.824942
-0.254487
0.911599
-0.0256939
0.872466
-0.246502
0.759743
-0.42543
-0.0853026
-0.389523
0.835609
-0.319131
0.207816
0.385642
0.0521623
-0.0935994
0.0130878
-0.228417
-0.390457
-0.536667
-0.208769
0.573371
0.338785
0.995583
0.961207
0.404384
0.955868
0.222919
0.346349
-0.528537
0.649913
-0.53542
-0.439544
-0.273885
0.0641357
-0.682763
-0.37627
0.904399
0.69258
0.826115
0.694529
0.133429
-0.461948
-0.8879
-0.796928
0.241195
-0.314299
-0.0293284
0.614701
0.460874
-0.104513
-0.75439
0.983874
0.131749
0.1936
-0.130632
-0.347231
-0.799263
0.709648
0.424735
-0.473061
0.504539
-0.0545888
0.562755
-0.302922
-0.339226
-0.354429
0.724803
0.354746
0.936837
-0.297192
0.130341
-0.569712
-0.0772528
0.540864
-0.757474
0.968277
-0.487572
0.344688
-0.154325
-0.377356
0.118296
0.131535
0.400945
-0.0582774
-0.29713
0.248136
-0.258526
-0.127562
-0.564893
0.995253
0.891705
0.758786
-0.651086
0.131359
-0.502528
-0.103817
-0.289656
0.784849
-0.94414
-0.704368
0.362725
0.0495512
0.334559
-0.295001
-0.471741
0.622253
-0.714816
-0.237001
-0.533496
0.758626
-0.289746
0.245154
0.756384
0.224381
-0.707424
0.502641
-0.85817
-0.0325366
0.153302
-0.78536
0.923963
-0.460816
-0.154705
-0.656718
-0.0982118
-0.981715
0.411045
0.675858
-0.561001
0.0106162
0.72907
-0.079089
0.110223
0.157031
0.514515
0.654414
-0.198982
-0.863035
0.883575
0.794097
-0.353227
-0.850712
0.531706
0.152593
-0.937754
0.594613
0.625811
0.889519
-0.418274
0.365376
0.516187
0.794668
0.661636
0.271795
0.281864
0.790054
0.778081
-0.65699
0.102638
-0.676028
-0.387776
0.966951
-0.492644
-0.075076
-0.87128
-0.395769
0.302959
0.791831
0.725419
-0.987299
-0.371567
-0.231452
0.417665
-0.461913
0.516789
0.520046
-0.0662971
0.781354
0.554735
-0.804715
0.896669
-0.346785
-0.94973
-0.367141
0.870813
0.74261
-0.772586
-0.738822
0.298307
-0.553681
0.180971
-0.567953
-0.681578
0.0144912
0.641767
0.434687
0.789018
0.00772126
0.882626
0.139153
0.764598
0.130531
-0.468402
0.195877
-0.774869
0.722167
0.557817
-0.348116
0.874417
0.691456
0.603948
-0.508563
0.752085
0.284245
0.472183
0.186713
0.170445
0.195964
0.00209151
-0.887136
-0.404777
-0.735987
-0.448718
-0.224549
0.07797
-0.650749
-0.377573
0.0474595
0.66813
0.122211
-0.548856
-0.712661
0.744159
-0.11175
0.0113131
0.217716
-0.453126
0.275361
-0.0325351
-0.599066
0.66641
0.838516
-0.623946
-0.774785
0.575279
-0.497611
-0.728494
0.438373
-0.823212
0.885101
0.511178
0.10622
-0.406213
0.859876
-0.691759
0.979832
-0.374843
-0.254365
0.665858
-0.277453
-0.21136
0.0164344
-0.405338
0.12223
0.278861
-0.886543
-0.162993
0.561336
0.356934
0.582321
0.836564
-0.786073
0.269363
0.910381
-0.483911
0.565234
-0.651959
-0.472582
-0.465474
0.453849
0.322806
-0.583525
-0.342226
-0.00511956
0.432084
0.314878
0.633333
0.762293
0.956122
0.880679
-0.813417
0.965695
0.353947
-0.383512
0.17662
0.0121328
0.776593
-0.632993
0.142669
0.662555
-0.774972
0.316483
-0.0731613
-0.31437
0.950489
-0.465431
-0.424428
0.47944
-0.103048
-0.760727
-0.906325
0.862648
-0.213223
0.300275
-0.128923
0.131251
-0.622137
-0.234915
-0.731877
-0.0691466
0.127403
-0.720062
0.81282
0.759622
0.943981
0.542516
-0.567361
-0.795109
0.858751
-0.900958
0.584283
0.683699
0.515688
-0.153411
0.911239
-0.739661
-0.104107
0.429004
-0.193794
0.501525
-0.112921
-0.93431
-0.828338
0.00822868
0.774257
-0.255346
0.582746
0.378595
0.877807
-0.81226
0.2511
0.32173
0.744212
0.331366
-0.842814
0.222538
0.0130529
-0.781721
0.323652
0.497595
0.204509
-0.0286774
0.653798
-0.595559
-0.00737124
-0.800475
0.714531
-0.853646
0.646823
0.287858
0.278275
0.730996
-0.58033
0.654614
-0.962078
0.276979
-0.854663
0.277875
-0.925211
0.674478
-0.337935
0.166681
-0.482448
-0.0294457
0.139041
0.654047
-0.797002
-0.580959
0.78764
-0.740695
-0.93772
0.583225
0.705887
-0.959504
0.939634
0.653649
-0.902024
0.399289
-0.999091
-0.348252
-0.734631
0.436503
0.184864
0.560044
-0.216658
0.116782
0.537398
-0.333168
0.781967
-0.809007
-0.0887661
-0.959179
-0.586926
0.454456
0.591216
0.136244
0.743589
-0.210252
-0.117193
-0.252052
0.355524
0.365328
0.864692
-0.5595
0.409258
-0.3536
0.0461739
0.389004
-0.781379
0.22239
0.0602892
-0.0297068
-0.567146
0.85747
-0.460724
0.593565
0.372776
0.335755
-0.815669
-0.594486
0.481213
-0.564617
-0.803875
-0.785913
-0.965189
-0.932918
-0.825344
0.386055
-0.825303
0.260283
-0.943046
0.229116
0.483821
0.571854
0.0527136
-0.335659
0.774291
-0.414782
-0.646137
0.249735
-0.447965
0.301117
-0.838898
-0.628454
-0.527253
-0.996022
0.628323
-0.796935
0.83761
-0.566018
-0.576645
0.350705
0.452813
0.686844
0.838712
-0.873606
-0.724445
0.216571
-0.736041
-0.108156
0.593201
-0.13422
0.960331
-0.555354
-0.491144
0.820413
-0.878821
-0.440659
-0.920709
-0.965107
0.82359
0.944121
0.627818
0.713579
-0.829857
-0.503906
0.731747
-0.141704
0.530712
-0.736381
-0.324728
0.8724
0.7301
-0.350641
-0.420868
-0.779492
0.30012
0.707196
0.217291
-0.566447
-0.86282
0.69961
-0.211038
-0.357435
-0.694156
0.712343
0.232411
0.133179
0.855307
-0.319502
0.490874
-0.19301
0.370033
0.64976
0.745771
0.487922
-0.380118
-0.154107
-0.951593
-0.303288
0.945573
-0.203176
-0.948498
0.911638
-0.443238
0.964166
0.253914
-0.612602
0.747425
0.875674
-0.563798
0.674615
0.907737
0.474201
0.731442
-0.373616
0.113066
0.182203
0.714205
0.564379
-0.0522281
-0.668625
0.606579
-0.236125
0.207022
0.265041
-0.898104
-0.486328
-0.183821
-0.942174
0.0646767
0.4969
-0.442021
-0.848538
-0.628089
0.223912
0.600174
-0.0107878
-0.0683555
-0.520302
0.242302
0.798153
0.86247
0.342991
0.713915
-0.706685
0.694917
-0.791678
-0.17917
0.571598
0.533342
0.11663
-0.990086
0.760291
0.663369
-0.906341
0.75425
-0.105198
0.445513
-0.959017
-0.587884
0.39679
0.882635
0.487442
0.0597478
0.227642
0.215038
0.622108
-0.459641
-0.795993
-0.151465
0.768359
-0.444828
0.043342
-0.906892
-0.749391
-0.277527
0.186216
0.267135
0.699456
0.0547751
0.866436
0.251067
0.198756
-0.469794
0.727549
0.878363
0.676485
-0.227115
-0.975765
-0.881452
-0.53206
-0.32438
-0.141045
0.469498
0.369488
0.068655
-0.782038
0.131745
-0.577416
0.915046
-0.296099
-0.488934
0.938378
0.687774
0.644014
0.556489
0.702725
-0.268939
0.522266
0.162161
-0.243399
-0.632416
0.580279
-0.285745
0.218608
0.106415
-0.827531
0.0584393
-0.0262558
-0.706745
-0.981359
-0.382158
0.233521
0.676494
0.180575
0.115252
-0.54918
0.264397
-0.392647
-0.511346
-0.535542
0.761333
0.677652
-0.222877
-0.0847839
-0.907386
0.247172
0.806867
0.855411
0.91507
0.148005
0.797613
0.496312
-0.82438
-0.0675632
0.444469
-0.0615119
-0.746224
-0.557043
-0.520226
-0.342518
0.00527681
-0.890661
-0.23219
0.70636
-0.493744
0.709595
-0.903094
0.338635
0.408867
0.625136
-0.522984
-0.863743
0.325066
-0.129829
0.362816
0.931413
0.0827911
0.623818
0.409904
0.35612
0.61047
-0.970567
-0.932724
-0.321321
-0.20392
0.024992
-0.846047
-0.413309
0.283822
-0.977811
0.837795
0.86905
0.962237
-0.349546
-0.737338
-0.619355
0.705194
-0.897949
0.536253
-0.0289757
-0.00125236
-0.976067
0.817164
-0.849608
-0.203228
0.240839
0.893855
0.245066
-0.91829
0.323431
-0.816609
0.00829325
-0.869051
0.331607
-0.71728
0.229992
0.894735
0.557556
-0.631763
-0.40118
0.843617
0.79687
-0.129989
-0.805211
0.172082
-0.96794
-0.81214
0.409877
0.659099
-0.0960599
0.749735
-0.621376
-0.687051
-0.763923
-0.701602
0.703313
-0.00989765
0.51521
0.464315
0.775504
0.772207
0.271033
0.280275
-0.668985
-0.768768
-0.296906
0.483391
0.222957
0.0731619
-0.665768
-0.401954
0.12534
-0.632795
0.0543078
0.19509
0.227224
0.11865
-0.681507
0.325673
0.710248
0.931291
-0.738537
-0.753362
-0.662816
0.230822
0.158982
-0.15061
0.215602
-0.869169
-0.575625
-0.110476
-0.245929
-0.253016
0.412012
-0.391903
0.961456
0.417576
0.243656
0.662651
0.747725
0.164643
-0.315362
0.325221
0.827015
0.875051
0.664419
-0.422345
0.267477
-0.881323
0.589555
0.102422
-0.351216
0.0744727
-0.0255555
-0.86728
0.830468
-0.0741019
-0.748791
-0.0701374
-0.90731
0.835933
-0.966484
-0.544892
0.824172
0.216337
0.113289
0.476483
0.723497
-0.0979862
0.262601
-0.965067
-0.370028
0.792845
-0.558739
-0.494726
0.475855
0.166547
-0.989146
-0.21113
-0.713821
0.0867739
0.432412
-0.10195
0.16986
0.661699
-0.444746
0.34947
-0.449972
-0.495043
0.554821
0.536615
0.276358
-0.740535
-0.474037
0.301037
-0.43787
0.997825
-0.457386
-0.54005
-0.343803
0.131247
0.867449
-0.922436
-0.0890538
0.92604
-0.928122
0.571153
0.0216826
-0.268856
0.523802
-0.500343
-0.285252
0.31094
0.679358
-0.560366
-0.615662
-0.289993
0.932829
-0.994142
-0.968974
-0.412147
0.860276
-0.589718
0.341009
-0.588187
0.632287
-0.91118
-0.422692
-0.624207
0.0557758
-0.0612024
0.771734
-0.0548196
-0.832896
0.195016
-0.0672211
0.377632
0.697402
0.0482141
0.698924
0.173333
-0.971785
-0.379533
-0.707515
-0.635092
-0.722628
0.585785
0.514556
0.441769
0.361568
-0.242925
0.497989
-0.987034
-0.299779
-0.777233
0.00758234
-0.623114
0.535008
-0.165957
0.140168
-0.513415
-0.346902
0.412362
0.764615
0.236557
-0.0232034
0.191776
-0.119908
-0.504999
-0.395265
-0.489629
-0.961423
0.782434
0.332193
0.318216
-0.375595
0.226957
0.458088
0.583543
-0.0450919
-0.204302
0.304098
0.842469
0.806448
0.495816
-0.687805
-0.389997
0.225506
-0.729342
0.0674601
-0.38003
-0.180465
0.815668
0.698
0.592075
-0.734452
0.148332
0.025492
-0.48584
-0.0343757
-0.066363
0.0714311
-0.0110031
0.667513
0.373153
-0.44614
0.262068
0.0478947
0.261709
-0.487053
-0.76902
-0.311911
0.419824
0.935227
0.66457
-0.103668
0.940326
0.564541
-0.201819
-0.581502
-0.771049
0.15049
-0.900291
-0.836119
0.655973
0.951928
-0.458438
-0.323832
-0.573603
-0.693592
0.718173
-0.713711
0.751635
0.84295
0.655168
0.561441
-0.00790977
-0.256642
0.355532
-0.566288
-0.375965
-0.55358
-0.411047
0.368186
0.360227
-0.0517392
-0.54639
-0.784506
-0.330628
-0.386575
0.533848
0.543497
-0.566012
-0.501684
0.186632
0.276829
-0.724202
0.987191
0.389626
-0.505111
0.0272373
-0.674178
0.159645
-0.235272
0.74401
0.341025
-0.58776
0.492123
-0.310758
0.399194
0.323722
-0.460305
0.362524
-0.441425
-0.0651957
0.594062
-0.0797646
0.0686924
0.345352
0.24037
0.140322
-0.579055
-0.100068
-0.269371
-0.588648
-0.244533
0.513852
0.120809
-0.0525943
-0.698833
-0.564636
0.67724
0.710825
-0.825035
0.255142
0.745155
-0.6361
0.515736
-0.876188
-0.0282124
-0.371004
0.228285
0.06036
0.229753
0.177889
0.969963
0.200039
-0.947881
-0.282181
0.54829
-0.98658
-0.73737
-0.379718
0.0136895
0.908657
-0.653267
0.492054
0.93887
0.114523
-0.0716094
0.508961
-0.991213
-0.195607
-0.832967
-0.728329
0.136834
-0.803638
0.364838
-0.336173
0.593829
-0.166019
0.423748
0.595299
-0.741034
-0.0907052
0.822201
0.905484
-0.540594
0.675412
-0.592117
0.839001
-0.402642
-0.0204112
0.072026
0.571176
0.426518
0.291318
-0.657632
0.464328
-0.825931
-0.81405
0.937645
-0.18793
0.76051
0.488353
0.0997874
0.731649
0.187573
0.8324
-0.00230255
0.291109
-0.864838
-0.147238
-0.733609
-0.364984
0.132069
0.857064
0.445453
0.437832
-0.50961
0.252906
0.50672
0.673694
0.774239
0.880381
-0.563296
0.249501
0.230315
-0.16337
0.512993
-0.105117
0.753791
-0.396661
0.221656
0.989285
0.187902
-0.917295
-0.90911
-0.350922
0.0751316
0.0840409
-0.668759
-0.694123
0.307372
0.242115
0.863336
0.303102
0.418479
0.654919
-0.450254
-0.314094
-0.499346
0.512728
0.0279362
-0.819208
0.766924
-0.434381
0.0710799
0.907336
0.106518
-0.181622
-0.237762
0.0287317
-0.95119
0.226794
-0.844828
-0.993194
0.589188
-0.541918
-0.202308
0.645489
0.955502
0.801105
0.876421
0.488823
-0.880424
0.914561
-0.894336
-0.238228
-0.601156
-0.433375
-0.0489791
0.947313
0.641106
-0.158294
0.318084
-0.887402
0.300628
0.628842
-0.77938
0.858761
-0.0486062
0.586678
0.501707
0.744885
-0.543005
0.740896
0.331751
0.904759
-0.00183786
-0.825296
0.0206223
-0.543319
0.194492
0.850562
-0.000351728
0.524285
-0.336922
0.332598
-0.749542
0.18891
0.0840766
0.484021
-0.336057
-0.281291
-0.478016
0.244315
0.467592
0.448473
0.8158
-0.348954
0.906696
0.537632
0.82844
0.280826
0.639676
-0.447994
0.446677
0.967475
0.915148
-0.291534
-0.921929
0.826955
-0.549931
0.28535
-0.883773
0.345554
0.194976
-0.768961
0.400106
0.837955
0.271417
-0.784569
0.861432
-0.838063
0.995754
0.812519
-0.532675
0.623813
0.534406
0.0802538
0.610311
0.0312739
0.880774
-0.987251
-0.631531
-0.45329
-0.900522
-0.419904
-0.97891
0.492688
-0.252774
0.181096
0.104609
-0.573243
-0.872349
-0.8857
0.95885
-0.286775
-0.638435
0.413936
-0.451234
0.0217458
0.91004
0.977549
-0.0623357
0.160153
0.0835212
-0.365114
0.628745
-0.40882
-0.785592
-0.369373
0.191436
-0.132556
-0.179983
-0.965249
-0.941644
0.00969075
-0.589292
0.659358
0.712576
0.00172095
-0.707888
0.935686
-0.258357
0.548252
0.691071
-0.645663
0.698805
-0.48893
0.429974
0.973172
0.140269
-0.841306
-0.0538321
-0.840183
0.360511
0.698339
0.21878
0.550579
0.102557
0.660306
-0.593198
0.0926686
-0.291274
0.368998
-0.29109
-0.999194
0.503
0.391801
0.324955
0.0150374
0.463769
-0.379038
-0.696531
-0.674604
-0.86151
0.94832
0.580697
-0.457447
-0.0674977
-0.840824
0.750598
0.937088
-0.241602
0.71797
0.206375
0.0673287
-0.999169
0.220676
0.282429
-0.286984
0.894649
0.69862
-0.791565
-0.464761
0.0872035
-0.949984
0.0522961
0.89714
0.876316
-0.31478
0.22757
