0
0
-0.528262
0.649913
-0.200571
-0.787528
-0.869794
-0.336822
0.0368455
0.537268
-0.287203
-0.0615429
-0.687934
0.476133
-0.421179
-0.399844
0.49048
0.305581
0.980508
-0.146233
0.563988
0.246061
-0.435869
-0.00692512
-0.278587
0.252918
-0.558499
-0.654419
0.609762
-0.00336857
-0.885816
-0.428202
0.0127167
-0.712109
0.647943
0.533939
0.35107
0.131814
-0.867735
0.052671
-0.460796
-0.213041
-0.744662
-0.469271
-0.444358
-0.0267761
-0.681644
0.228142
-0.83213
0.116123
-0.724118
-0.0805318
0.549803
-0.0272609
0.00532709
-0.271584
-0.410589
0.30378
0.918879
-0.285802
0.280421
0.529952
0.300144
-0.733133
0.378365
-0.62604
-0.453265
0.742366
-0.662601
-0.587161
-0.823662
-0.00483751
0.796335
-0.159924
-0.796412
0.100501
0.235938
0.393234
0.666521
0.234511
0.102847
0.81692
0.113267
-0.697905
-0.31599
0.866019
-0.421843
0.747745
0.645787
-0.649497
0.175798
0.916435
0.786753
-0.374507
0.240526
0.748344
0.566968
-0.125349
0.774846
0.142888
0.0593229
0.102882
0.570194
0.262374
0.887352
-0.341038
0.466387
-0.805493
0.00454217
0.687777
0.672749
-0.37386
0.894606
0.229334
0.903354
-0.277993
0.469869
-0.67004
-0.357817
-0.2183
-0.592159
0.360128
0.315658
-0.589633
-0.371591
0.750627
0.787387
-0.0766483
0.738985
-0.44726
0.00939419
-0.390129
0.364922
0.860203
-0.55523
-0.691024
0.124322
0.409293
-0.474673
-0.695217
-0.104243
0.74103
-0.528698
-0.528681
-0.219705
-0.603056
0.119948
0.869565
0.50511
0.596855
0.606777
0.755223
-0.626309
-0.230874
0.0194506
0.310393
0.850785
-0.136219
0.57332
0.256137
-0.0456226
0.897523
0.523884
0.561594
-0.856398
0.0792185
0.62735
-0.531844
-0.825718
0.132793
0.661876
0.657796
0.22454
-0.231763
-0.791721
-0.195216
-0.375291
-0.185992
0.791002
-0.294684
0.417009
0.332528
0.56429
-0.673099
0.868315
0.000604732
-0.391868
-0.504299
-0.798983
0.0718048
-0.786923
-0.50613
0.147679
0.134742
0.490753
-0.219673
0.108133
-0.560848
-0.296613
-0.162748
-0.668878
0.232093
0.366836
0.457133
-0.237737
-0.80889
0.776924
-0.187081
-0.349829
-0.847758
0.0798511
-0.690361
-0.147494
0.804547
-0.766063
-0.408754
-0.754625
-0.642837
-0.1572
-0.293202
-0.589219
0.641655
0.446203
-0.889971
-0.298725
-0.298322
-0.443754
0.640824
-0.814084
-0.393108
-0.0347632
-0.527854
0.417825
0.726251
0.024573
0.656481
0.299925
0.573744
-0.174698
-0.238033
0.483968
0.15618
-0.392805
-0.91076
0.847422
-0.527199
0.100943
-0.8321
-0.0701326
0.0426641
-0.198844
-0.576882
0.0242073
-0.735819
-0.821856
-0.194928
-0.00756527
0.220281
-0.495922
0.241577
-0.795678
-0.474761
0.638685
-0.732147
0.904708
0.127544
0.140341
-0.650229
-0.769566
0.0488144
-0.220259
-0.193924
-0.469841
0.478313
0.186253
0.0542368
0.359925
-0.741995
-0.628368
0.219881
0.209728
0.651742
-0.113579
-0.260929
0.205531
0.707318
0.625719
-0.269623
-0.757092
-0.20973
-0.660045
0.279677
-0.71116
-0.246926
-0.0380138
-0.827903
0.348968
-0.703036
-0.130832
-0.639449
-0.0243504
-0.240361
0.120287
-0.242488
0.775738
-0.228249
-0.910254
-0.127572
0.34152
0.421195
0.0265856
-0.423006
-0.694271
-0.541514
-0.569007
0.721102
0.116829
0.601563
0.430555
0.513187
-0.0646489
0.390695
0.499152
0.51489
0.123033
-0.0929429
0.062506
-0.809978
-0.574186
0.00851196
-0.271904
0.173674
-0.515545
0.197397
0.29034
-0.833896
-0.643874
-0.359129
0.367641
-0.24819
0.0106338
-0.888274
0.65933
0.538375
-0.211837
-0.784052
0.0524197
-0.402569
0.620628
-0.434283
0.757366
-0.227424
-0.611706
-0.519761
0.4872
0.0335286
-0.442763
-0.67459
-0.433285
0.725597
-0.792239
-0.581563
0.417393
0.637483
0.55593
0.703404
-0.377994
0.73183
0.103614
0.476188
0.460076
0.354441
-0.10058
0.933409
0.636813
-0.497354
0.229183
0.132017
0.0807637
0.576831
0.294179
-0.538194
-0.0479826
-0.428768
0.0852784
0.836123
-0.668729
0.150232
0.300304
0.412803
-0.146488
-0.208569
-0.201767
0.960345
-0.497058
-0.709864
0.860097
0.161016
-0.219741
-0.921349
-0.627166
0.19771
0.543508
0.580055
0.272373
0.439018
0.604806
0.328238
-0.0450032
0.593943
-0.415536
-0.0605881
0.818865
-0.197675
-0.0894249
0.195058
-0.307874
0.785097
-0.219018
0.352901
0.413489
-0.00535978
0.203035
0.189886
-0.111293
0.665249
0.918229
-0.280061
-0.392988
-0.77629
-0.79403
-0.262802
0.754911
0.0237074
0.812273
-0.312135
-0.44674
-0.134704
-0.34684
0.860142
-0.410344
-0.564667
0.576237
0.595078
0.626735
0.688016
-0.48079
0.317528
-0.184366
-0.578326
0.52041
-0.381873
0.525378
-0.312701
-0.50532
-0.732488
-0.38293
0.254597
-0.0475218
-0.955384
0.274454
0.409255
-0.789807
0.546091
0.636136
-0.0565508
0.162304
0.602221
-0.376028
0.360497
0.131516
-0.433888
-0.322733
0.604174
0.624887
-0.534892
0.0807678
-0.660733
-0.177163
0.917267
-0.824273
-0.472138
-0.595506
-0.464185
-0.429519
-0.76454
0.0662578
0.605912
0.708411
-0.636672
0.746202
0.118859
-0.313274
0.481104
-0.410312
0.160846
0.194539
0.222784
0.823934
0.160879
-0.530024
-0.0655509
-0.270061
-0.0963055
0.942861
-0.0901
-0.0862322
-0.157677
0.140872
0.401778
-0.344639
0.849104
-0.621881
0.669296
-0.758381
0.227158
0.275211
-0.15526
0.650549
-0.038674
-0.33485
0.100859
0.371792
0.592765
-0.44734
-0.45445
-0.00673958
0.876032
-0.7919
0.123251
0.463936
-0.633037
-0.350296
0.0171268
0.748051
-0.0951306
0.592914
-0.472569
0.59582
-0.282459
0.695171
-0.248958
0.551721
-0.773736
-0.490618
-0.784894
-0.257463
0.781921
0.0643804
0.295443
-0.225436
-0.437833
0.903714
0.392339
0.701274
0.0270024
0.110535
0.555241
0.408524
-0.418111
0.397988
0.509794
0.754269
0.453792
-0.181649
0.732
0.506162
-0.190838
-0.849814
-0.0429922
0.552786
-0.252027
0.0497969
0.413372
-0.45091
0.0638935
-0.254732
-0.65505
0.611126
0.31656
0.564363
-0.378865
-0.614
-0.236505
-0.0588707
-0.0945102
-0.051582
-0.760802
0.785254
0.547732
-0.436497
-0.434295
0.890116
-0.387284
-0.486229
-0.423537
-0.860035
-0.452997
0.343113
-0.609557
0.396053
0.302573
-0.665254
-0.307522
0.247695
0.90119
-0.776995
-0.375387
-0.29178
-0.190198
0.538353
-0.166339
0.600788
0.253448
0.154638
0.612478
0.192732
-0.229039
0.419238
0.590992
-0.757332
0.19671
-0.828908
0.271491
0.119974
0.443979
-0.375612
0.569757
-0.185023
0.599987
0.557578
0.699704
0.444141
-0.00579912
0.213354
0.140656
0.000437425
0.458313
-0.41838
-0.151862
-0.365216
0.184335
-0.894748
0.327542
0.842603
0.367244
0.825557
0.165789
-0.0613528
0.738043
0.153606
-0.627576
0.581758
0.66903
0.311322
0.468248
-0.311288
-0.798213
-0.526223
0.377639
0.923907
0.301094
-0.784572
0.108415
0.741099
-0.183068
0.808713
-0.467972
0.440627
-0.558255
0.874541
-0.0874754
-0.234964
0.300866
0.118311
0.710382
-0.178354
0.840045
0.3983
-0.470264
0.55774
0.0246684
-0.325534
-0.391048
-0.369125
-0.631429
-0.47925
-0.665035
-0.0973223
0.553687
-0.34592
0.844788
-0.467672
-0.133528
0.834636
-0.49539
0.144781
0.0599283
-0.825962
-0.321854
0.525687
0.571163
-0.387348
0.112506
0.604846
-0.438024
-0.663708
-0.568072
-0.344282
0.279544
-0.770542
-0.151103
0.376346
0.657959
-0.302793
-0.215762
-0.819151
-0.0240308
0.447322
-0.83652
-0.290102
0.337094
-0.816641
0.00425441
-0.291599
0.82292
0.238219
-0.364413
0.621589
0.193938
0.209333
0.827853
0.397499
0.875607
-0.843351
-0.394851
-0.914978
0.349834
0.234482
0.881098
0.301317
0.20441
-0.0800169
0.60809
-0.00294118
0.893571
0.243404
-0.695346
0.279108
0.866762
-0.0525313
-0.467115
-0.0752055
-0.585465
0.479036
0.756576
0.451922
0.283819
-0.150236
0.538058
-0.240737
-0.784967
-0.176676
0.0805973
0.792825
-0.329854
0.49658
-0.793209
0.445093
0.440707
0.831515
-0.478452
0.56731
0.655781
0.299573
-0.737769
0.11606
0.809072
0.0622275
0.0540157
0.201633
0.493593
0.0306577
-0.362358
-0.100127
-0.980824
0.742725
0.619429
-0.0671598
-0.272456
0.53944
0.736531
0.0988894
-0.102038
-0.0828619
0.413639
0.187074
-0.347502
0.0840862
0.41147
0.680263
0.663407
-0.930291
-0.103819
0.517458
0.0369411
0.0468357
0.904724
0.230291
-0.424247
-0.441208
0.671016
0.556926
-0.410791
-0.129847
-0.763286
0.746002
0.536231
-0.427893
0.507094
0.113397
0.735902
0.393766
-0.207895
-0.789427
0.454792
-0.937874
-0.263566
-0.77066
0.28816
-0.0240624
-0.0227925
-0.230687
-0.252778
-0.015317
-0.893745
-0.459777
0.145512
0.511279
0.531119
0.415175
0.22265
0.490207
0.227406
0.12115
0.377248
-0.230422
0.931108
-0.561706
-0.791571
0.372437
0.434069
0.270945
0.53385
0.656938
0.385287
-0.837957
-0.0822405
-0.553571
-0.0674178
-0.34771
-0.660719
0.679613
-0.189239
-0.0826108
0.033076
-0.435477
0.891582
0.395686
-0.163235
-0.0958719
-0.319555
0.492499
-0.562561
0.0810791
-0.161998
-0.630717
0.331139
-0.22414
-0.242788
0.400529
0.578756
0.452683
0.0208312
-0.537008
-0.333926
-0.450966
0.776922
0.440715
0.752576
-0.868299
-0.416603
-0.389872
0.462929
-0.207095
0.927266
0.235243
-0.684887
0.144907
-0.923485
0.292525
0.28829
0.751219
0.467268
-0.413654
0.842818
-0.928196
0.198079
-0.0709385
-0.765601
-0.0538914
0.732943
-0.200211
0.290858
-0.133676
0.938721
0.89931
-0.158179
0.761854
0.244868
0.362183
-0.849434
-0.643541
-0.38957
0.0447047
-0.33997
-0.0222901
0.41525
0.645232
0.701189
0.496661
0.660304
-0.39077
-0.45482
0.79853
-0.413171
-0.399957
0.836923
0.0274824
-0.0376065
-0.141402
0.58355
-0.448673
-0.456641
-0.931214
-0.184491
-0.415987
0.623695
-0.211442
-0.454487
-0.0380366
-0.1704
0.627041
0.615466
-0.128854
0.0451018
-0.274216
-0.0638456
0.812174
-0.492263
-0.845107
-0.46704
0.953749
0.0797012
-0.480247
0.711101
-0.212619
-0.525913
0.76917
0.158343
-0.161578
-0.937798
0.787778
-0.196402
-0.907503
-0.193201
0.0401546
-0.231971
-0.40466
-0.599599
0.496096
-0.602548
-0.346808
-0.568557
-0.836583
-0.190353
0.310475
0.935539
0.423823
0.363631
-0.104843
0.615088
0.0873821
-0.992182
-0.0738999
-0.928631
0.249086
0.875614
-0.239245
0.421268
0.415113
-0.494
-0.236711
0.580101
0.753932
-0.169395
0.266518
0.753442
0.25961
-0.522864
-0.0209303
-0.830762
0.219919
0.0107372
0.503456
-0.418563
0.514058
0.56308
0.34396
-0.905747
-0.720901
-0.359186
0.0105467
0.879455
0.298018
0.287306
-0.850387
-0.483151
-0.64876
-0.353563
0.00750744
-0.889357
0.768812
-0.00221974
0.289526
-0.564667
-0.0478178
-0.819934
0.795468
-0.274768
-0.415763
-0.518336
-0.843488
0.0140258
-0.568486
-0.731516
-0.706412
0.567419
-0.968315
0.121725
-0.561496
-0.806758
0.917455
0.218694
-0.0405224
0.81212
-0.643816
0.182309
-0.788799
0.580507
0.688207
0.594853
-0.420532
-0.785915
-0.557217
0.109915
0.716346
0.0535629
-0.52946
0.618233
0.305167
0.195071
0.413267
-0.296135
-0.655941
0.222366
-0.591812
-0.313429
0.333609
0.122504
-0.696385
-0.196185
0.624837
-0.588321
-0.810687
0.205661
0.162076
0.211527
-0.332799
-0.868766
-0.105596
-0.658647
0.846712
-0.29119
0.214362
0.840121
0.805713
-0.029977
-0.649691
0.0460098
-0.983114
0.124531
0.00837981
0.859305
0.106557
-0.11006
0.114742
0.224371
0.172883
-0.0281626
0.713769
0.479621
-0.331501
-0.898721
-0.565747
-0.233504
0.631251
-0.699353
0.654217
-0.0333773
-0.236238
-0.136812
0.710343
0.444441
-0.733417
-0.252765
-0.491933
-0.828869
0.747687
0.187272
0.566086
-0.678158
0.838119
0.091214
0.304262
-0.257075
0.427305
0.445539
-0.223328
0.473369
-0.151527
0.699014
-0.525428
-0.386504
-0.192998
0.45162
-0.627082
-0.330441
-0.542316
0.565013
0.354427
-0.103519
0.0381368
-0.0428649
-0.187286
-0.524829
0.35319
0.32034
0.680399
-0.181643
-0.523328
-0.785274
-0.737266
0.566357
0.0837938
-0.785039
-0.11687
0.214842
-0.178772
0.581922
0.367196
-0.134612
0.700969
0.0729215
-0.225366
0.61653
0.61142
-0.148755
0.0575928
-0.869479
0.571579
-0.509859
0.614321
0.656453
-0.441216
-0.526113
0.500944
-0.193331
0.113647
-0.253524
0.754188
0.385289
-0.186996
0.0106943
-0.558852
-0.155226
0.316554
-0.473586
0.191351
-0.184994
-0.715537
0.605403
0.616098
-0.447691
-0.414061
0.0704468
0.189246
0.230004
0.128488
0.23861
0.848545
-0.523937
0.786799
-0.473321
-0.135756
0.182356
0.693951
0.351863
0.697747
0.418384
-0.801248
-0.393334
0.40172
0.451738
0.664139
-0.671018
-0.322628
0.11296
-0.274166
0.85417
-0.251527
-0.645073
0.684932
0.227241
-0.152897
0.0819557
0.219415
-0.488923
0.203463
0.156173
-0.0731476
0.55847
-0.558096
0.250132
0.332088
0.0376429
-0.526566
0.629332
-0.869486
0.276579
0.778824
-0.533599
0.62426
-0.667322
0.533962
-0.0326362
0.867685
0.442421
-0.0614839
-0.0403079
0.0882211
0.00211796
0.66944
-0.257913
-0.209076
0.469474
-0.225532
-0.11512
0.694822
0.245118
0.301735
-0.640593
-0.353074
-0.355247
0.736142
-0.519046
-0.392599
0.614235
0.872403
0.265805
0.449439
0.00496367
0.557335
-0.174157
0.859963
-0.273184
0.583155
-0.706406
-0.0951089
0.582745
0.107337
-0.979138
0.472038
-0.273081
-0.763548
0.513432
0.0128784
0.590897
-0.693098
-0.371959
-0.0813029
0.827585
-0.200728
-0.933986
0.410988
-0.279682
0.217387
-0.78844
-0.796183
-0.0312996
-0.30815
0.129667
-0.424462
0.878228
-0.463331
0.495868
0.284308
-0.141579
-0.172878
-0.715871
0.922549
-0.372954
-0.251182
-0.926374
0.484185
-0.661504
-0.342221
-0.374884
0.455374
0.4825
-0.28652
0.0472136
0.394224
-0.6427
0.79542
-0.0433426
-0.530662
0.610647
-0.648641
-0.31096
0.233905
0.454355
0.57902
0.229589
-0.621107
-0.477138
-0.0362959
-0.0361268
0.304552
0.930055
0.785641
-0.317332
-0.0351053
-0.841533
-0.347716
-0.917428
0.0739508
-0.173305
0.737145
0.508501
0.0802575
0.873073
-0.0606975
-0.502643
0.630011
-0.4232
0.123488
0.319347
-0.892771
0.263531
-0.163868
0.0956427
-0.664123
-0.422343
0.729892
0.52235
-0.562593
0.157937
0.60893
0.159494
0.255136
0.367611
-0.789954
0.317052
-0.617144
-0.387789
0.324088
0.382394
0.541887
0.456478
0.824089
0.174392
-0.491444
-0.444356
0.390202
-0.00452153
-0.0272322
-0.617701
-0.855986
-0.251891
0.55663
-0.0791472
-0.523504
0.118279
-0.122801
-0.232393
-0.850094
0.0901864
0.342077
-0.748991
-0.717833
-0.302017
0.595591
0.783348
-0.51425
0.0836974
0.19546
-0.519638
-0.291054
-0.0613179
0.767799
0.0141065
-0.114178
0.550818
-0.225556
-0.455096
0.0876258
0.754814
0.182667
-0.346435
-0.727676
-0.356919
-0.653193
0.026336
-0.552358
-0.757937
0.181734
0.831021
0.673977
-0.524851
-0.588853
-0.80323
-0.690822
-0.343511
-0.101448
-0.0858569
-0.916878
0.200747
0.245084
0.141167
0.315377
0.919327
0.190521
-0.313232
-0.313891
-0.251428
0.264578
0.68649
-0.41958
-0.546017
-0.13111
-0.888843
-0.546682
-0.190903
0.239987
-0.716887
-0.804295
0.466958
0.262272
0.739798
-0.144704
-0.428575
-0.488288
0.583518
-0.697934
0.0272271
-0.494185
-0.763832
0.743227
-0.0535394
0.628065
0.675524
-0.39641
-0.544463
-0.201492
-0.966036
0.468265
0.616565
0.08737
0.467493
-0.962168
0.227882
0.00393921
0.98602
-0.113441
0.971085
0.239188
-0.5787
0.70108
-0.16817
0.283408
0.322097
0.0764065
-0.806418
0.706547
0.320037
-0.662462
-0.227728
-0.802324
0.298509
-0.0758681
0.472326
0.207788
0.87096
0.190997
-0.644913
0.246769
-0.835479
0.0884284
-0.929493
-0.53538
0.0461355
0.46703
0.134502
-0.168972
-0.465072
0.320661
-0.607546
-0.546719
-0.00524624
0.0513818
0.0144073
-0.14891
-0.574749
-0.039821
0.666393
0.724009
-0.288586
0.145076
-0.0835597
0.165659
-0.708577
0.226988
0.772163
-0.0900447
-0.521962
-0.277647
-0.544005
-0.0645307
-0.865615
-0.402456
-0.118417
0.775612
-0.42476
0.0480136
0.640713
0.122853
0.685603
0.641664
-0.394677
-0.340678
-0.434689
0.901158
-0.10151
-0.279377
0.390198
-0.210374
-0.243325
0.873352
-0.127173
-0.561863
-0.752942
-0.854452
0.123835
0.504258
0.470504
0.713829
0.00629454
-0.72005
0.187255
0.401285
0.101607
0.564628
-0.376492
-0.148367
-0.844788
0.194821
0.429883
-0.364086
-0.316545
-0.630448
0.393694
-0.0405959
0.599673
0.646897
0.525902
0.283954
0.0363314
-0.352877
0.931
0.324694
-0.818756
-0.297759
-0.0606115
0.202239
0.528254
0.433652
-0.649678
0.297718
-0.93479
-0.918115
0.209946
0.468078
0.541505
0.193856
0.718882
-0.70945
-0.531237
0.535612
-0.0186273
-0.334766
0.689851
-0.408994
-0.0531379
0.814395
-0.385315
0.901958
0.268909
-0.366495
0.439098
-0.160007
-0.422269
0.194005
0.29832
-0.88338
0.276661
0.821669
-0.388922
-0.0884992
-0.881774
0.24964
0.0600718
0.645394
-0.0549789
0.145524
-0.159885
0.096403
0.912269
-0.119253
-0.356796
0.714205
-0.198144
0.114722
-0.763009
-0.30379
-0.138297
-0.57667
-0.625701
0.473017
0.239852
-0.468046
-0.795343
-0.233451
-0.573276
-0.308904
-0.838617
-0.493434
0.546357
0.00240219
0.498253
0.0379996
0.530261
-0.78592
-0.507864
-0.346481
-0.0386126
-0.908849
-0.0358745
-0.230944
0.396123
0.608766
-0.509111
-0.0169747
-0.338511
0.377123
-0.198689
0.234563
0.382795
0.0791102
0.759851
0.629723
-0.306895
0.415653
0.238134
0.0388555
-0.518809
0.175057
-0.84652
0.535401
0.634819
0.562796
-0.112714
0.267132
0.232591
0.914445
0.0768646
-0.454231
-0.335993
-0.709739
-0.543299
0.461495
-0.446797
0.769443
0.278406
-0.312857
0.756558
-0.612741
0.559849
0.768569
-0.161653
0.479702
-0.78681
-0.245612
-0.117992
-0.839805
0.520374
0.362487
-0.414257
-0.505904
-0.848294
0.866046
0.0168644
-0.395126
0.645658
-0.849549
-0.0741443
0.613978
-0.335462
-0.454506
-0.563945
0.64367
-0.573448
-0.11061
-0.593354
-0.307262
0.488607
0.732915
-0.164616
-0.631285
0.522808
-0.7091
-0.614411
-0.106375
-0.787625
0.0958336
0.85948
-0.0240962
0.305968
-0.2898
0.129216
-0.0443164
-0.263523
-0.870749
0.485565
-0.986807
0.0245221
-0.585531
-0.642095
0.581268
0.627319
-0.381504
0.765232
0.247249
-0.331482
-0.298065
-0.733215
-0.102356
-0.450949
0.555167
-0.819377
0.156896
0.554216
-0.275131
-0.877596
-0.33833
0.794204
0.182375
0.967876
-0.143384
0.141478
0.346762
-0.783034
0.567248
0.649098
0.689461
0.0216044
0.691417
0.601145
0.516735
0.850172
0.444506
0.668808
0.294946
-0.356487
0.378195
-0.0690117
-0.0460842
0.268034
-0.341958
0.509943
-0.178751
-0.290334
0.646821
-0.387298
0.259036
0.575101
0.658701
0.0220734
-0.561486
0.490662
-0.277126
0.922622
0.396319
0.326331
-0.703605
-0.625168
-0.439218
0.297867
-0.297262
-0.815105
-0.516401
0.731597
0.389193
-0.371353
0.319349
-0.615023
-0.0754521
-0.798544
-0.335009
-0.191629
0.500171
0.495943
0.401521
0.874079
0.242106
0.21832
-0.682571
0.588501
0.128333
-0.805132
-0.10395
0.571379
-0.123962
0.104058
0.0906662
0.45831
0.434574
0.451441
0.318268
0.0404614
0.510585
-0.546444
-0.617651
-0.229197
0.964572
0.126459
-0.115152
0.728117
0.498282
-0.0536997
-0.720916
0.258182
0.573899
0.233544
-0.422574
0.7
0.746395
-0.234684
0.288383
-0.0490288
0.30721
0.332602
0.145146
-0.724285
0.424423
0.131141
-0.108545
0.524055
0.0533021
-0.132702
-0.465304
-0.261898
-0.0949952
0.261442
0.296089
-0.168877
0.80856
0.136668
-0.83951
0.125918
0.541911
0.654415
-0.85148
-0.499219
-0.615515
0.191536
0.228518
-0.913428
0.544753
-0.16515
0.850948
0.264097
0.200087
-0.562706
-0.324277
-0.191119
0.609955
-0.261339
-0.426489
-0.0204138
0.240499
-0.523573
0.086279
-0.601338
0.792457
-0.0432249
0.304564
0.135134
0.155548
0.801139
0.70498
0.595722
0.290035
0.318164
0.790032
-0.108005
-0.0719258
-0.943515
-0.536853
0.143359
0.94185
0.127875
-0.0220785
0.643948
0.391196
0.0512315
-0.413697
0.621331
0.931774
0.0745881
-0.660827
0.128494
0.279262
-0.911663
-0.0470163
0.686517
0.395877
0.531273
0.0529752
0.229403
-0.104692
0.521445
0.325631
-0.763138
0.170275
0.164
0.459322
-0.564029
0.681604
-0.277657
-0.575285
0.223015
0.0836332
0.267837
0.751713
0.0271786
0.539805
0.563068
-0.0607527
0.931125
-0.519262
0.385426
0.190114
-0.594316
0.199394
-0.71712
-0.231972
0.0926927
-0.132841
0.268591
-0.119274
-0.20673
0.991844
0.0510062
0.1505
0.711334
0.321789
-0.669467
-0.425769
0.855567
