0
0
0.503705
-0.803942
0.46267
0.159869
0.108454
0.104949
0.940241
-0.0725821
0.43802
-0.516167
0.338889
0.426041
0.767944
-0.0500591
0.0356696
0.124215
0.715353
0.465528
-0.464085
-0.530199
-0.801426
0.231986
-0.229685
-0.252604
-0.600593
-0.257991
0.836056
-0.212066
-0.160337
0.316179
-0.408359
0.257421
0.150518
-0.284853
0.769512
-0.497121
-0.23672
-0.243742
-0.559922
0.366987
0.624408
0.339105
-0.769621
-0.415586
-0.0382944
0.165678
-0.749376
0.399818
0.0237762
-0.863837
0.332639
0.918741
0.185231
-0.72675
-0.2933
-0.937215
0.812302
-0.56954
0.0938416
0.361307
-0.778553
0.146268
-0.667151
-0.330901
-0.807275
0.50256
0.606153
-0.651854
0.472018
-0.555381
0.910974
-0.0327713
-0.644156
-0.526737
-0.88045
0.421749
0.233261
0.44464
-0.146981
-0.366761
-0.26645
0.0683547
0.206258
-0.971039
-0.0977051
-0.246542
-0.146435
-0.759315
0.733247
-0.241359
-0.658222
-0.513798
-0.271201
-0.945791
-0.435622
0.20146
0.384004
0.883389
-0.355218
0.548532
0.805488
0.221721
0.745795
0.291181
-0.163793
0.171488
-0.0548775
-0.66585
-0.214381
-0.874033
0.387233
-0.602226
0.323894
-0.521036
0.174041
-0.962132
-0.259165
-0.746782
0.620815
-0.587791
0.343086
-0.0806354
0.166236
0.641782
-0.753325
-0.477942
0.324647
0.781436
-0.254982
0.244937
-0.540115
-0.254457
0.262081
-0.723148
-0.82679
0.30214
-0.245933
-0.145024
0.830621
-0.314437
-0.0973101
0.532447
-0.788224
-0.582112
0.627058
0.250188
0.118463
-0.992689
0.21035
-0.529534
0.0619813
0.328516
-0.789426
-0.51359
-0.316284
0.654644
0.32118
-0.0993733
-0.177724
-0.839481
-0.167997
-0.0180995
0.88349
0.0914291
-0.426958
0.446184
0.320909
-0.208935
0.319923
0.883917
-0.714912
0.581746
0.588101
0.475453
-0.777457
0.417323
-0.547222
0.721871
0.346408
0.138484
-0.106596
-0.542142
0.0965347
0.612084
0.218284
0.890886
-0.759772
-0.584482
-0.577888
0.528233
0.22421
0.591874
0.844308
-0.463337
0.282261
0.520799
0.228774
-0.24637
-0.301986
-0.101829
0.460169
-0.456854
0.123302
0.140603
-0.622886
-0.39723
0.299428
-0.865818
0.291327
0.253554
-0.726935
-0.585084
-0.601465
-0.70974
-0.414937
-0.57206
0.334886
-0.0310974
-0.53889
-0.40715
-0.424833
-0.383694
0.0202095
-0.455919
-0.959188
-0.194409
-0.225507
0.177702
-0.584852
0.701405
-0.399152
0.152235
0.445322
-0.843139
0.632423
0.243409
-0.786475
0.14294
0.582175
-0.451885
-0.0747251
-0.340984
0.0645016
0.429557
0.672967
-0.264966
-0.256824
-0.389058
0.954912
-0.108837
-0.0851305
-0.318945
-0.47243
-0.496461
0.193385
0.581232
-0.791682
-0.419506
0.432584
-0.550167
0.648018
-0.758893
-0.00311293
-0.616085
0.0480443
0.225257
0.133523
0.0913059
0.253988
0.74223
-0.337484
0.397387
0.363944
-0.883781
-0.40889
-0.276891
-0.0234392
-0.242496
-0.436086
0.355415
0.394482
-0.0272468
0.153197
0.216809
0.289827
0.807223
-0.189442
-0.80718
0.58856
-0.78789
0.759052
0.57337
-0.47778
0.286493
0.478328
0.80563
0.364156
-0.103131
-0.382918
-0.155082
0.309296
-0.537064
0.569969
-0.426474
0.126145
0.694843
-0.146928
0.26726
0.422342
0.106211
0.643275
-0.320693
-0.747166
0.159164
0.645612
-0.103846
-0.891996
0.0789405
-0.608787
-0.0430728
0.774711
0.19861
-0.411854
0.895193
0.572381
-0.0933751
-0.495977
-0.738197
-0.670209
0.386627
-0.00735683
-0.792469
0.347804
0.514002
0.662029
0.717276
-0.165039
-0.472841
0.322824
-0.650318
0.683474
-0.568782
0.127887
0.052399
-0.598814
0.701017
-0.258239
-0.264019
0.522433
-0.0794523
-0.140473
0.317321
0.190401
0.592765
0.545793
0.329127
-0.290497
0.926625
-0.0060776
-0.718849
-0.0361692
-0.643359
0.616679
-0.560739
-0.276126
-0.0270265
-0.954524
0.240244
-0.410241
-0.300996
-0.385998
-0.174182
-0.756347
-0.507749
-0.878088
-0.453074
0.934308
0.335885
0.68992
0.231347
-0.430871
0.168359
-0.252787
-0.0202145
-0.509709
-0.363727
0.334373
-0.315716
0.27705
-0.936191
-0.866355
-0.456998
0.188865
-0.510915
-0.326958
0.20291
0.518626
0.460288
0.396479
-0.531565
0.353624
-0.484157
0.0135984
0.906482
0.610704
0.430193
-0.0915238
0.449805
-0.839185
0.31242
-0.648902
-0.0711694
-0.329038
-0.502931
-0.409698
-0.798766
-0.713101
0.625811
-0.427992
0.764431
-0.420155
-0.0167938
-0.535744
-0.709171
-0.124378
0.784366
-0.186909
0.56941
-0.0255299
0.401029
0.182801
-0.701344
-0.534789
-0.20153
0.00268186
-0.409969
0.2759
-0.76814
0.457133
0.192179
0.681002
-0.183687
-0.385217
0.691447
0.655231
-0.445536
-0.635127
-0.0766499
0.081559
0.806505
-0.177487
0.803197
0.0189883
-0.818524
0.705448
-0.0980143
-0.504566
0.767044
0.186391
0.648229
0.497927
0.432997
0.555191
-0.72579
-0.159098
0.632877
0.075661
-0.307283
0.4392
-0.565839
-0.132508
0.205399
-0.708381
-0.0187246
0.494895
-0.065669
-0.357405
-0.655748
-0.682132
0.0165863
0.221985
0.672873
-0.768312
0.407177
-0.78696
-0.55043
-0.206177
-0.669357
0.39328
-0.712202
-0.783945
0.424599
-0.831776
0.218262
0.947938
-0.0104694
-0.553733
-0.553437
0.427074
0.423514
-0.690835
0.391566
0.849902
0.125364
-0.135834
0.57816
0.131597
0.309476
0.732991
-0.306191
-0.697757
0.380235
0.160649
-0.301609
-0.789201
-0.570036
0.10229
0.375289
-0.714735
-0.133299
-0.0942279
-0.00987419
0.794879
-0.298447
-0.916473
-0.37018
0.461696
-0.143631
-0.27693
-0.820024
0.184269
-0.00250004
-0.00997718
0.108819
-0.478999
-0.852691
0.525238
-0.609497
0.785929
-0.409422
0.780579
-0.439195
-0.0639715
-0.244123
-0.00289855
-0.35978
-0.69673
0.577569
0.621589
-0.607521
-0.787603
-0.00808376
0.165453
0.523325
-0.589796
0.79165
0.672431
-0.258934
0.311265
0.945531
0.767123
-0.232615
-0.6266
-0.633657
-0.140748
-0.513917
-0.180162
0.885933
0.528273
-0.0616173
0.294232
0.232871
-0.174315
0.458887
-0.01315
-0.496406
-0.38234
-0.222985
0.135313
0.153632
-0.449028
-0.303419
0.0577709
-0.655247
-0.230358
0.271294
0.554198
-0.413292
-0.0352149
-0.97867
-0.60403
0.680998
-0.690185
0.57805
-0.0589815
0.277112
0.687354
0.468238
0.601736
-0.416917
0.308443
0.93567
-0.693332
0.101006
-0.0946099
-0.668976
-0.383204
-0.190244
-0.148892
0.54766
-0.562688
0.771855
0.103496
-0.951408
0.362229
-0.655276
0.265271
0.858297
-0.361186
0.181515
0.127439
0.64721
-0.0660943
0.587249
-0.980611
0.122471
-0.585706
-0.31597
0.250218
0.565111
-0.11654
0.156335
0.70561
0.335246
-0.457717
-0.138154
0.0343553
-0.272011
-0.484922
-0.447394
-0.626316
-0.120243
0.0401817
0.741033
0.427254
0.760454
0.803877
0.411945
-0.116287
-0.0344146
0.664947
-0.308045
0.359067
-0.489522
0.524945
-0.0986364
0.401374
-0.0713715
0.0291928
-0.0913556
-0.945723
0.31114
-0.423481
-0.737332
-0.216642
0.051674
0.317652
-0.793294
0.955122
0.088401
0.529539
-0.233832
0.0449635
-0.415566
0.46724
0.461989
0.255283
-0.0447825
-0.133184
0.948528
0.182361
-0.86776
0.868195
0.14972
0.411325
-0.405649
-0.190542
0.432321
-0.642726
0.572603
0.235326
0.443681
0.506066
0.447459
0.272791
0.113262
-0.522325
0.458835
-0.445153
0.239924
-0.0138824
0.164312
-0.149325
0.969011
-0.728626
-0.446463
0.1484
-0.104986
0.37328
0.781946
-0.379145
0.0573312
0.986317
-0.0544765
0.216666
0.215059
0.571496
-0.365306
0.626968
-0.255379
-0.0874937
-0.978884
-0.597953
-0.155552
-0.536507
-0.8228
0.357572
-0.244859
-0.445583
-0.51613
0.927085
-0.359656
-0.724417
-0.439954
0.670859
-0.669955
0.276089
-0.0090161
-0.682379
0.698484
-0.587647
-0.607929
-0.0698507
-0.964165
0.088556
0.452126
-0.783296
0.587894
0.524086
-0.734389
-0.342318
-0.845758
-0.345071
0.316223
-0.594297
-0.514879
0.182276
-0.703073
0.354047
-0.822628
0.815468
-0.042579
-0.264989
0.774146
-0.46053
0.18787
0.424017
0.850624
-0.251009
0.905078
-0.0847269
0.896312
0.596573
0.372604
0.631288
0.0363547
-0.964536
0.117719
-0.0896868
-0.554738
-0.433257
0.353329
0.141791
0.620826
-0.259979
-0.812361
0.388186
-0.79872
-0.492422
0.0332702
0.336999
0.565094
-0.833695
-0.0252682
-0.0495214
0.811861
0.822543
0.455166
-0.447631
0.0391956
0.60337
-0.246492
0.27176
-0.230803
0.0426637
0.0274408
0.482606
-0.0164019
-0.451877
0.886251
0.510341
-0.654664
-0.646293
0.647569
0.14768
0.203953
0.449252
-0.263981
0.0791114
-0.918472
-0.427368
-0.140845
0.604091
-0.775072
-0.34332
0.74468
-0.415561
-0.25341
0.0514251
-0.0328006
-0.499396
-0.545846
0.17635
-0.00936649
0.138145
0.961734
-0.558734
-0.0841347
0.356158
0.603384
0.889441
0.282775
-0.0843686
0.370917
0.123761
-0.0536798
-0.966897
-0.217514
-0.520928
-0.501404
-0.110972
0.900768
0.82301
-0.383296
-0.0135111
0.0254479
-0.342235
0.195242
-0.696646
0.604261
0.505029
-0.418145
0.801442
0.447225
0.472672
-0.425735
0.369876
0.358632
-0.221795
-0.509633
-0.31725
0.257095
-0.585133
-0.663665
0.478618
-0.144673
0.558327
0.13207
-0.148467
0.878009
0.690996
-0.0391929
0.791258
-0.497833
0.360057
-0.639485
0.311485
-0.605965
-0.846359
0.308502
-0.568765
-0.317648
-0.209037
-0.362891
-0.416646
0.856275
-0.270984
0.721328
-0.512634
-0.800599
0.416587
0.692595
-0.673724
0.070285
-0.448639
-0.48382
0.398299
0.344054
0.254523
-0.80993
-0.928529
0.188281
0.712688
-0.678615
0.162434
0.116113
-0.460168
0.52272
-0.345756
-0.154665
-0.226125
0.510141
-0.188756
-0.102375
0.218488
0.975018
-0.497738
0.350157
-0.326514
-0.930271
0.12321
0.237772
-0.136471
0.0874748
0.146807
-0.102134
-0.851728
0.0984837
-0.243977
0.539671
0.124186
-0.246439
0.0147224
-0.866914
-0.513526
-0.0696345
0.318816
0.0337585
-0.472482
0.339863
0.586302
-0.804501
0.676328
-0.543644
0.613278
0.183343
0.217102
-0.708141
-0.586057
-0.123871
-0.720539
-0.188761
-0.267733
-0.0407698
0.15004
-0.556281
-0.264422
0.12057
0.244441
0.309805
-0.498566
0.614699
0.655469
-0.581064
0.546448
0.540249
0.0223262
0.0913912
0.560571
0.475077
0.182422
-0.602093
0.961485
0.227204
-0.764301
-0.600537
0.197457
0.0709911
0.411781
0.0681449
-0.0984727
0.181668
0.248199
-0.438754
0.0149381
-0.552532
0.86629
-0.19467
0.262815
-0.630456
-0.690809
0.164569
-0.603323
0.609599
0.162131
-0.770706
0.564784
-0.526442
-0.804514
0.307225
0.0206197
-0.29416
-0.233168
-0.286159
0.355959
0.429424
-0.405699
-0.346138
-0.776884
0.407323
-0.701483
0.456611
0.700856
-0.207777
-0.22509
0.562132
-0.908269
0.252345
-0.659668
-0.084613
-0.541224
-0.741911
0.634626
-0.572696
-0.859729
-0.193531
-0.600563
-0.289553
0.374166
0.194616
-0.130566
-0.972549
0.0748016
0.058738
0.351334
-0.224442
-0.690126
0.510359
0.669076
0.309155
-0.867962
0.162493
0.640705
-0.224106
0.88584
-0.400768
0.867575
0.471908
-0.389061
-0.878542
-0.484145
0.207254
0.206718
-0.0567287
-0.369176
-0.920152
0.367571
0.323103
0.252024
0.181614
-0.39108
-0.260664
0.599956
0.588128
-0.00415211
-0.224874
-0.259187
-0.45819
0.105806
-0.331273
-0.404865
0.350574
0.440583
-0.788632
0.0135066
-0.987684
-0.445875
0.71438
0.0456531
0.270638
0.134696
-0.0663884
0.584246
-0.753796
0.12776
0.302146
0.078488
-0.827636
0.0637278
-0.523343
0.346876
-0.058899
-0.288179
0.356476
-0.793177
0.14506
0.0614523
0.793073
-0.848566
0.43502
-0.324744
-0.64612
-0.0585588
0.777524
0.770007
0.539908
-0.234672
0.084549
-0.167583
-0.4785
-0.965605
0.247354
-0.81357
-0.412302
-0.585856
0.370339
0.728656
0.338295
0.223055
-0.296562
-0.350633
-0.921237
0.963782
0.203246
0.0782036
0.0955485
0.433844
-0.769939
-0.391222
-0.0970391
0.142271
0.680235
-0.507111
-0.291467
0.221021
-0.326351
0.13321
0.433789
-0.807333
0.047069
0.192603
0.873778
0.165245
-0.0750889
-0.40144
0.614746
-0.0485353
0.739337
0.387599
0.770898
-0.644676
0.461302
-0.536391
0.605119
-0.219865
-0.928984
0.451795
0.0963356
-0.986936
0.0390699
-0.619271
0.589673
0.399594
0.471308
-0.409138
0.714489
-0.649753
-0.436048
-0.385343
0.275427
0.114682
0.772846
0.672032
0.493706
-0.0894858
-0.40366
0.285279
-0.753539
0.123124
-0.559182
-0.118624
0.358623
-0.210881
-0.464656
0.868316
-0.224429
-0.416827
0.184775
-0.575978
0.190467
0.37986
-0.0869476
0.910971
0.235258
-0.684038
-0.674055
-0.693446
0.358897
0.618065
0.514415
-0.110874
-0.545778
0.588671
-0.134464
0.576373
0.151419
-0.247624
-0.41017
-0.746402
0.267374
-0.633641
-0.47809
-0.165751
0.515341
-0.398363
0.181305
-0.672966
0.0741799
-0.575622
0.429124
0.710091
0.3286
0.0300008
0.819393
0.13575
0.0180911
-0.401181
0.68557
-0.193311
-0.691479
0.726603
-0.151847
0.468787
0.561099
0.0278601
0.454388
0.213549
-0.0093209
0.394691
-0.683548
-0.265827
0.47076
0.550598
0.384176
-0.213082
0.705455
0.548738
-0.796007
-0.131487
-0.632297
0.266391
0.081137
-0.296445
0.889332
-0.430395
0.856982
-0.696619
-0.191479
0.160099
0.603876
-0.25317
0.170614
-0.618929
0.763898
0.379658
-0.317563
0.490635
-0.0815196
-0.101767
-0.54161
-0.343445
0.397123
-0.351062
0.497043
-0.725443
-0.237816
0.339613
0.837182
-0.495428
0.784185
0.0774312
0.236388
0.183709
-0.734161
-0.255836
-0.162714
-0.652056
0.0475875
0.704764
0.67519
-0.357608
-0.847753
-0.75
0.160792
-0.544992
-0.246739
0.122368
0.32805
-0.676053
0.129174
-0.348398
-0.184321
0.345113
0.68501
0.931749
0.206336
-0.148603
0.399089
0.874564
-0.0395755
0.0269569
-0.819625
0.0268623
-0.879753
0.57386
-0.391553
-0.307677
0.351655
0.274542
-0.253686
-0.4563
-0.6971
0.853231
-0.208405
0.419589
0.230968
-0.489837
0.659919
-0.173932
0.753974
-0.133096
-0.297335
0.178048
0.51781
0.87557
0.291381
-0.267265
0.333316
-0.0137712
-0.0223511
-0.858899
0.350561
-0.737343
0.391355
0.0559333
0.235144
-0.106936
-0.326388
0.169867
0.474072
0.322491
-0.818625
-0.0360904
-0.103268
-0.527144
0.263643
0.8354
-0.462893
-0.575796
-0.673024
0.176207
0.079624
0.424466
0.451226
0.837878
0.300301
0.2188
-0.900981
0.482137
0.77909
-0.0213936
0.911388
-0.713326
0.2288
-0.651412
0.330232
0.139345
0.00914596
-0.788236
0.0540841
0.0319082
-0.652725
0.447275
0.554846
0.333753
-0.851778
0.46547
0.345633
0.972604
0.0290327
-0.756919
0.520397
0.376173
0.716363
-0.381416
0.647727
0.319655
0.207415
-0.085687
0.965807
0.779931
-0.209847
0.580142
0.796289
-0.633862
0.531834
0.739249
0.0272058
0.0365745
-0.921845
0.77347
-0.308292
-0.238565
0.45395
0.919758
0.0992914
-0.126497
-0.717098
-0.814299
0.118723
0.427015
0.631323
-0.085273
-0.307237
-0.0282489
0.789825
-0.448832
0.358365
0.477875
-0.306998
0.772395
0.152002
0.817581
-0.408649
-0.475937
0.257193
-0.198745
0.050353
-0.357351
0.0200361
0.954575
0.0039705
0.705591
0.658184
-0.113437
-0.0873173
-0.495766
0.502227
-0.178847
-0.627725
-0.59134
-0.0111605
-0.657788
0.166933
-0.0573415
-0.284408
0.320958
-0.534486
0.046492
0.62013
0.414362
-0.462626
0.326962
-0.865892
0.493508
0.723412
0.0511278
-0.3314
0.708944
-0.458383
-0.911581
0.327332
0.053323
0.499149
0.0409082
0.83966
-0.505731
-0.847562
-0.286839
0.898348
-0.269976
-0.11686
0.829386
0.13569
-0.422528
-0.874619
-0.0305579
0.969308
0.427016
0.754888
0.136774
0.357127
0.492817
0.481394
-0.356013
-0.0464933
-0.206686
0.604644
0.359531
-0.779484
0.568882
-0.0271583
0.273659
0.70313
0.749624
0.341052
0.0326408
-0.300364
-0.206567
0.383786
-0.410944
-0.836491
-0.423107
0.128515
0.758187
0.601583
-0.00852953
0.496227
0.819785
-0.015994
0.783821
0.20066
-0.805749
0.162215
-0.0651534
0.821506
0.257505
-0.636701
-0.652695
0.344597
0.00562232
0.726833
-0.362614
0.787182
-0.539073
-0.375484
-0.254393
-0.811169
-0.174568
0.956463
-0.494889
0.718713
0.640271
0.751172
-0.351149
-0.0576052
-0.327351
0.118143
0.194043
0.167103
-0.656855
-0.411482
0.1614
0.600084
-0.583245
-0.809459
0.275772
-0.796239
-0.45849
-0.247447
-0.774894
0.595148
-0.0374856
-0.452611
0.412423
-0.395607
-0.179529
0.655926
0.0953699
0.77358
-0.186004
-0.845268
0.699185
-0.572226
-0.955515
-0.0640461
0.719972
0.543956
-0.00669194
-0.676503
-0.74903
-0.516815
0.0890415
-0.411354
-0.4754
-0.810481
0.354437
-0.646103
-0.322606
-0.813237
-0.26734
-0.289935
0.148926
0.203754
0.153583
0.179122
0.235708
-0.456524
-0.311521
-0.426429
0.346562
0.933611
0.688393
-0.281982
-0.322319
0.287724
0.0966849
-0.0305165
0.456946
0.0210813
0.954692
0.0484193
-0.330401
0.598082
0.823198
0.191954
-0.416105
0.384691
0.405772
-0.45222
-0.500639
0.60742
-0.205502
-0.731855
0.72762
0.517706
0.128106
0.910527
0.802852
-0.33247
0.281805
-0.830849
0.573897
-0.123818
-0.31441
-0.926954
0.160531
-0.321768
0.108303
-0.958852
-0.624676
-0.428633
-0.26886
0.333188
0.307229
0.0745273
-0.219786
0.791845
0.880461
-0.24974
0.0847744
-0.439099
-0.299075
0.78781
-0.475608
-0.00987298
-0.438119
-0.289026
-0.282448
0.815575
-0.781462
-0.0632413
0.435523
0.435433
-0.788778
-0.591222
0.880248
-0.350003
0.165578
0.894238
-0.714419
0.521918
0.31743
-0.937611
0.599252
0.12668
-0.353577
-0.335579
-0.916486
-0.143919
-0.0463888
-0.543316
0.407425
0.857316
-0.225976
0.926766
0.847673
0.0620845
-0.690176
-0.519023
-0.0923015
-0.119666
0.666901
-0.49091
-0.353666
0.924413
-0.310696
-0.358097
-0.306233
0.205642
0.488251
-0.675032
-0.165942
0.260972
-0.185385
-0.344637
0.161498
0.630916
0.488009
0.133329
0.805968
0.253012
-0.513984
0.514528
0.506177
0.661839
0.218135
0.973146
-0.106475
-0.72389
0.374792
-0.182437
-0.154347
0.533007
-0.232376
0.693617
-0.714279
-0.6066
-0.300397
0.832271
0.907807
0.373158
0.554004
0.259181
-0.401999
-0.206374
-0.812974
0.0457715
-0.759007
-0.387046
-0.932975
0.0314985
0.219387
-0.624009
-0.0822348
0.943321
-0.0595998
0.257817
0.823441
-0.268189
0.270051
0.73853
-0.356533
0.606415
-0.0698258
0.62672
-0.14887
-0.249728
-0.063768
0.481469
0.854997
0.448942
0.520745
0.306246
0.107622
-0.608548
-0.187556
-0.502679
-0.793738
-0.282992
0.945248
0.125557
-0.0328544
-0.449121
-0.0576696
-0.158857
-0.661536
-0.403682
-0.686673
-0.129616
0.0165522
0.551222
-0.328118
-0.849974
-0.760372
-0.162328
-0.0838735
-0.535347
-0.385586
-0.464255
-0.0154775
-0.0764123
-0.926386
0.151753
0.314081
-0.71396
0.249307
-0.675804
0.419601
0.109727
-0.511865
0.242506
-0.586102
0.0851349
-0.771893
0.502164
0.900118
0.433595
-0.391892
0.0572223
0.093553
-0.793084
0.263411
-0.0758145
0.907375
-0.224722
-0.310477
-0.468432
-0.0337973
-0.601629
-0.15227
0.371401
-0.653037
-0.121509
-0.569209
-0.178905
0.593644
0.655954
-0.956679
-0.275399
-0.485135
-0.193854
-0.471702
0.365592
-0.223689
-0.222795
0.494325
0.0537341
-0.399212
-0.271697
-0.646915
0.324663
-0.29789
-0.0664943
0.367072
0.733245
0.760324
0.302689
-0.235667
-0.215958
0.580868
0.417546
0.421793
0.29089
-0.782634
0.211462
0.855317
-0.20203
-0.417988
0.428255
0.350901
0.507139
0.798029
0.190688
0.87937
0.246754
0.448784
0.876825
0.305081
-0.275058
0.087837
0.0679505
0.193227
0.367965
0.350048
-0.756964
0.491652
-0.637191
-0.798442
0.0866407
0.154591
0.918362
-0.805778
-0.316996
-0.0739601
0.463722
0.100913
0.67859
0.60889
0.204762
-0.0910415
0.215699
-0.210934
0.243187
-0.682589
0.250565
0.639157
0.0905147
0.695391
0.256178
0.94625
-0.224219
0.857779
-0.157599
0.203865
0.871224
0.786552
0.375224
0.0409086
-0.010338
-0.816685
-0.367935
0.0304567
0.964215
-0.68356
-0.490583
0.173781
-0.156804
0.144294
0.047749
0.125055
-0.759617
0.354346
-0.521287
0.0118698
0.919674
0.613634
0.615026
0.662775
0.659162
0.418779
-0.142694
-0.115029
0.687969
0.725875
-0.575063
0.480055
0.438642
0.046827
0.274618
-0.112457
-0.0687881
-0.32474
-0.39386
0.247748
0.803413
0.0606164
0.984958
-0.921843
-0.121879
0.783731
-0.604268
-0.254277
-0.852264
0.131094
0.666332
-0.754944
-0.607899
-0.455718
0.355998
-0.828359
0.372016
-0.480374
0.266486
0.589551
-0.308651
-0.833606
0.388153
0.435455
-0.807295
0.179311
0.213723
-0.480208
-0.375831
-0.558926
0.124396
-0.485647
-0.850034
-0.264558
-0.844177
-0.0579002
0.250309
0.157627
-0.22894
-0.629269
-0.677006
-0.134269
-0.806111
