0
0
-0.978094
-0.202431
-0.174159
-0.0559495
0.379653
0.252194
0.685692
0.85365
-0.561297
0.476185
-0.575334
0.853826
-0.149343
0.400826
-0.245223
0.206447
-0.723137
-0.307398
-0.647885
-0.607106
-0.644499
-0.153599
0.154072
-0.98363
0.0132579
0.825274
-0.0133622
0.188969
0.534217
-0.654333
0.943537
-0.379924
-0.165925
0.475698
0.365194
0.214065
0.274506
0.232208
0.940822
0.961644
-0.770859
0.943802
0.334297
-0.091689
0.616803
-0.154861
-0.912311
0.612289
-0.562193
-0.409909
0.762542
0.264592
0.0696575
0.33181
-0.0346802
-0.191525
0.627618
-0.356323
0.566607
-0.792689
-0.688899
-0.198777
0.702245
-0.365228
-0.663423
0.962026
-0.4751
0.477151
0.200388
-0.585632
-0.594527
-0.997932
-0.739649
-0.153975
0.3326
-0.892325
0.988011
-0.53197
0.136489
-0.363762
-0.623697
0.678836
0.793772
-0.0381601
-0.743813
-0.945409
0.834475
0.0386279
-0.914191
-0.0277726
-0.17206
-0.0359539
-0.81823
0.221134
0.609893
0.64793
-0.297272
-0.033018
0.33232
-0.395565
-0.808384
-0.165306
0.46426
0.444898
0.261193
0.245747
0.290883
0.384612
-0.0589051
-0.450251
0.922411
0.0990839
0.659105
-0.396247
-0.348669
0.260183
-0.0761994
0.631193
-0.96379
-0.988184
-0.732146
-0.367737
0.930911
-0.239897
0.51583
0.368603
0.446145
0.0457275
0.200369
-0.24239
-0.567354
-0.983645
0.656569
-0.0503865
-0.609995
0.596587
-0.25591
0.878847
-0.850009
-0.228301
-0.463975
-0.479442
0.373784
0.806108
-0.172661
-0.822111
0.0146405
0.82645
-0.888731
-0.165274
0.644263
0.057845
-0.773756
0.722906
0.145194
0.556449
-0.325275
-0.897816
-0.3198
-0.791597
-0.555595
-0.179149
-0.645903
0.612426
0.129106
-0.805936
-0.239503
-0.685719
-0.0234295
0.102644
0.151663
0.634462
-0.0304828
0.71351
0.489651
-0.531568
-0.661372
-0.893702
-0.0550085
0.0340225
-0.996018
0.585258
0.859588
-0.592763
0.507689
0.749562
-0.87483
-0.208768
0.649192
0.515904
0.6005
-0.458574
-0.269275
-0.678506
0.298693
-0.258942
0.365188
-0.856935
0.419902
0.0775175
-0.932426
0.13629
0.323571
0.524752
0.453343
0.598994
0.493275
-0.797556
0.40554
-0.372235
-0.731663
0.479842
0.20203
-0.757815
0.739959
-0.656152
0.255955
0.414199
-0.33965
-0.681502
0.955658
0.762617
-0.560955
0.619945
0.618093
-0.854094
0.586888
-0.181663
0.495355
0.947865
0.616711
0.434319
-0.536978
-0.248261
-0.0929184
0.524294
-0.141382
0.437456
-0.210075
0.864776
-0.773796
0.668796
-0.0296186
0.0582937
-0.512636
-0.132606
-0.574354
0.0938353
-0.105249
-0.948246
0.304328
-0.129152
-0.185337
-0.033836
-0.294595
-0.585706
0.761264
-0.408156
-0.708046
0.156287
0.700746
0.958134
0.362769
-0.451631
0.472979
-0.519733
0.116186
0.40372
0.819791
0.574474
0.532545
-0.4678
0.049036
0.30587
-0.296597
-0.533853
0.150244
-0.720123
-0.337327
0.107103
-0.9777
0.253443
-0.0634865
0.593167
0.87632
-0.20754
0.172534
0.532566
0.695792
0.370258
-0.712251
0.422517
0.45919
0.185038
-0.0516933
0.532135
-0.146095
-0.00976179
0.526854
-0.517162
0.555161
-0.173396
0.839666
0.603009
-0.769294
-0.635119
0.734337
0.217192
0.803808
0.831511
-0.407405
-0.509189
0.390306
-0.114243
0.274167
0.746396
-0.738472
-0.422928
0.332329
-0.162468
-0.283604
-0.407986
-0.958133
-0.393233
0.898325
-0.525102
0.805699
0.886211
-0.776401
-0.00312093
-0.0835338
0.5728
0.644316
-0.137748
0.656104
-0.968679
0.710593
0.616181
0.902638
0.37377
0.86109
-0.772
0.615691
0.782467
0.386573
0.702175
-0.47567
0.445529
-0.0346799
-0.575453
-0.230315
-0.282871
-0.141107
-0.763155
0.542247
-0.37671
-0.791645
0.592751
-0.66624
0.788513
-0.96269
-0.272305
-0.290158
-0.660567
-0.52128
-0.528399
-0.650606
-0.598492
-0.98824
0.722486
-0.175002
0.206876
0.59011
0.940393
0.040194
0.276085
0.350242
-0.738334
-0.88589
0.82759
0.138886
-0.0500934
0.844084
0.661964
0.266889
0.201105
0.841324
-0.979189
-0.207453
-0.192355
0.722409
0.760303
0.578343
0.466687
-0.0859017
0.957268
0.609184
-0.692257
-0.804978
-0.935588
-0.806572
0.592933
0.501546
0.122521
-0.396251
0.362932
0.298647
0.553639
-0.866241
-0.122344
-0.149536
-0.0867051
0.983943
-0.685334
0.852842
0.753357
-0.587983
0.198045
0.562732
0.889495
-0.370691
0.728729
-0.72391
0.934578
0.82742
0.488338
-0.874598
-0.595385
0.342956
0.922288
-0.26897
0.189573
-0.277032
0.0328913
-0.579672
-0.313625
-0.597682
0.73049
0.265687
0.0695156
0.264318
-0.99963
0.362159
0.335846
0.606025
-0.0255399
-0.347747
0.160629
-0.662233
-0.415289
-0.309292
-0.714935
0.360946
0.971234
-0.480379
0.715801
-0.165836
-0.705084
-0.928929
-0.180327
0.381565
-0.801614
0.630046
0.143894
0.376049
0.906182
0.0479186
0.39894
-0.689735
-0.185992
0.957227
0.267756
-0.117211
0.86775
0.855219
0.685643
0.384561
-0.299722
-0.591753
0.922888
0.708415
-0.257627
-0.285458
-0.152854
-0.831049
-0.800423
0.776777
0.925947
0.953017
0.786915
0.60797
-0.797745
0.157854
0.318345
-0.423112
-0.848202
-0.499799
-0.425821
-0.0252071
0.987693
-0.499271
-0.517167
0.309138
0.992395
-0.434687
-0.491234
0.847679
-0.888583
-0.913667
-0.514684
-0.614523
0.921598
-0.693536
0.215795
0.641229
-0.800886
-0.49519
0.500919
0.744019
0.177508
-0.588301
0.584368
0.963453
-0.883411
-0.662586
-0.724091
0.916126
0.738493
0.61701
0.576884
-0.60581
-0.203058
-0.885795
-0.96316
0.427548
0.713646
0.312688
0.0723525
-0.881223
-0.652967
0.902268
-0.243649
0.598709
-0.660984
0.64627
0.195795
-0.110446
0.885412
-0.0216131
-0.263068
0.787286
0.182568
-0.0332825
-0.302882
0.874777
-0.411554
0.637303
-0.468151
0.642589
0.777629
0.450155
0.265976
-0.42815
-0.822474
0.412108
-0.624599
0.173594
-0.37178
0.29151
-0.814007
-0.592238
0.528472
0.866357
-0.204603
-0.204194
-0.511401
0.322019
0.746493
-0.670236
-0.11486
-0.343434
0.143244
-0.696858
-0.0375602
-0.468231
-0.863648
-0.635365
-0.420685
0.687758
0.0791751
-0.372564
-0.0180804
-0.281699
0.59157
-0.770169
-0.229602
0.59447
0.0383659
-0.933071
-0.570095
0.763446
-0.105362
-0.124314
0.68666
-0.997003
-0.259536
0.985662
-0.497399
-0.541242
0.787424
0.350808
0.574825
0.602719
-0.13135
-0.198277
0.271731
0.21536
-0.664529
0.0399211
0.029296
0.711829
-0.460083
-0.29214
-0.489698
-0.644327
-0.526197
-0.364909
-0.754933
0.734635
0.237087
-0.832382
0.283968
-0.697207
0.196414
-0.468247
-0.509712
0.580343
-0.665803
-0.263491
0.91465
0.406703
-0.0904576
0.540739
0.360266
0.680389
-0.699385
-0.688984
0.864548
0.890604
0.807075
0.643256
0.110975
-0.670316
-0.613418
-0.42998
0.764327
-0.142658
0.92988
-0.880926
0.730433
-0.715486
-0.668467
-0.873346
0.0273286
0.326829
-0.240095
0.276837
0.0173989
0.127583
-0.870882
-0.161943
-0.407472
0.697923
0.574038
-0.396082
-0.844444
-0.618509
0.40726
0.0752463
0.513071
-0.52781
-0.76272
-0.328774
0.896289
0.0786835
0.305937
-0.342377
0.33066
-0.200667
-0.833324
0.959063
0.29337
0.504713
0.466436
-0.20587
-0.0498423
0.238448
-0.048525
0.497471
0.71287
-0.565603
0.217614
0.0763738
0.839807
-0.0819503
-0.198887
0.0350618
-0.208983
-0.127911
-0.867092
-0.939598
0.873239
-0.430734
0.940858
-0.2999
-0.586542
0.106723
-0.202818
-0.205489
-0.315403
-0.365883
0.315994
-0.459105
-0.299928
0.3049
0.679891
-0.474743
-0.927904
0.0878992
0.4522
0.733676
-0.49793
0.962576
-0.203988
0.0619718
-0.618478
-0.072394
0.458781
-0.986623
-0.78383
-0.717494
-0.727213
-0.686225
-0.0252652
0.685191
0.965903
-0.453943
-0.256034
0.574993
0.616311
-0.69539
-0.178113
-0.380475
0.76158
-0.621357
-0.264705
0.371517
-0.416533
-0.327659
-0.192793
-0.464136
0.875364
0.924406
0.573839
0.0276507
-0.347813
0.152805
-0.515019
-0.893237
-0.274083
0.441385
0.112639
-0.0150559
-0.834861
0.59732
0.987624
-0.971677
0.00342039
-0.338889
0.553075
-0.262291
-0.161925
-0.430091
-0.447263
0.975023
0.634727
-0.691082
0.515602
-0.524822
0.0464001
-0.27313
0.669148
0.109818
-0.519544
-0.472166
-0.995335
0.436863
0.949556
-0.0484327
-0.62673
0.958532
0.485223
0.319442
-0.476246
-0.790495
-0.85951
0.670915
0.196387
0.439346
0.738682
-0.647469
0.427998
0.242195
-0.520149
-0.709124
-0.784144
0.379934
0.187578
-0.722676
-0.510051
-0.596103
0.253962
0.152777
0.402364
-0.522268
0.984656
-0.784862
-0.35975
-0.658875
0.730671
-0.201868
-0.0309975
0.703283
-0.538166
-0.011892
-0.914957
0.10687
-0.258547
-0.566373
-0.469697
0.707199
0.926349
-0.555144
0.83578
-0.288407
0.622148
-0.621147
-0.665339
0.942301
-0.174709
0.872615
-0.632121
-0.707191
-0.2506
-0.664712
0.471795
-0.656506
0.00370567
-0.873145
0.923698
-0.886037
0.96203
0.182674
0.251253
0.70593
0.558599
-0.724215
0.309651
0.573451
-0.0819897
-0.304964
-0.949573
0.942165
-0.837885
0.472512
0.134454
0.445859
0.0278737
-0.545838
-0.942052
-0.391226
-0.765975
-0.69842
0.895753
0.608571
-0.501589
0.0465999
-0.900111
0.0658273
-0.416894
-0.877008
-0.332208
0.744524
-0.29663
0.239779
-0.2799
-0.975592
0.0510709
-0.815987
-0.843791
-0.216473
0.238997
0.860935
-0.0244532
-0.567435
-0.962394
-0.343783
-0.157461
0.431303
0.711145
0.93904
-0.506215
0.178644
0.654748
-0.83028
0.313811
0.60693
0.756236
0.661841
0.389571
0.356321
-0.4391
0.970114
0.693889
0.907053
-0.849387
0.80079
0.736853
0.708647
-0.532161
-0.0511839
0.48219
-0.0641755
-0.658076
0.288345
0.522418
0.322688
0.0329373
0.810628
-0.0870621
0.573385
0.208636
0.49903
0.623211
-0.235927
-0.167459
0.731617
0.535332
0.334838
-0.791977
-0.29632
-0.204188
0.954681
-0.517913
0.587772
-0.0713119
-0.81792
0.628385
-0.23956
0.360093
0.522144
0.776898
-0.606544
0.0752581
0.841116
-0.192463
-0.651717
0.541566
-0.894948
0.522489
0.511252
-0.434622
0.501234
-0.210118
-0.184485
0.660262
0.804908
-0.35004
-0.830991
0.582598
-0.396838
0.570033
0.306369
-0.56053
-0.850427
0.763833
-0.37206
0.493027
0.755119
0.397896
0.781451
0.427929
-0.114227
0.44689
0.501176
-0.118201
-0.490427
0.269574
0.997206
0.568272
-0.50526
0.319422
-0.44538
0.384367
-0.346502
-0.51627
-0.553931
0.264395
-0.997701
0.58484
0.608409
-0.465247
-0.725386
0.695196
-0.935206
0.295845
0.540945
0.0425661
0.293736
0.0495733
-0.707974
-0.0503904
0.50475
0.18528
-0.538871
0.0666974
0.88696
-0.490087
-0.145652
-0.85086
0.173985
-0.620285
0.509183
-0.286058
-0.335278
-0.00334391
-0.806526
-0.298755
0.744427
-0.141244
-0.0740442
-0.151238
-0.838073
0.859935
-0.912019
-0.929532
0.20832
0.289326
-0.215118
-0.279431
0.531838
0.680314
0.775249
0.321393
-0.504027
0.862021
-0.462073
-0.191143
-0.539319
0.652252
-0.380802
0.898954
-0.826994
-0.674103
-0.726341
0.318986
-0.455381
0.942052
-0.077754
-0.606915
0.670779
0.343389
-0.775984
-0.806637
0.295283
-0.153939
-0.31214
-0.978203
-0.441456
-0.917016
-0.684315
-0.27519
-0.369957
-0.743863
0.718302
-0.797301
0.842881
0.317115
0.411146
-0.664294
0.728809
-0.985494
0.333303
-0.599229
0.457375
-0.634083
-0.448339
-0.355523
-0.297686
0.352584
-0.12713
-0.292104
0.190894
-0.599484
0.324511
-0.661257
-0.763663
0.943867
-0.180073
0.913736
0.0618718
0.308795
0.929697
-0.294533
0.147167
-0.205899
-0.26803
0.176441
0.248247
0.894593
-0.779774
0.632599
-0.438562
-0.530966
-0.50904
-0.830159
0.128406
-0.85212
-0.356825
0.940205
-0.954846
0.527877
0.951402
-0.416315
-0.522099
0.593265
0.291071
0.379179
-0.801457
-0.737979
-0.10248
-0.956832
0.60983
-0.991173
0.395392
0.969656
-0.919862
-0.514042
0.928636
0.411892
0.858402
0.0479405
-0.613106
-0.99246
-0.716967
0.295669
0.558722
0.634534
-0.375224
0.137618
0.861919
-0.502974
-0.58866
-0.0703793
0.364447
-0.992961
-0.549188
-0.324197
0.697168
0.469559
-0.379347
-0.529013
-0.875388
0.0283021
0.978929
-0.12266
0.429152
0.818265
-0.804043
-0.31512
-0.763388
0.00725062
-0.0946469
-0.638683
-0.631819
0.791022
-0.411961
0.0533577
0.349747
-0.676354
0.170795
0.69499
-0.751911
0.930219
0.300294
-0.226581
0.702042
0.275864
0.272246
-0.388355
0.0937492
0.767777
-0.93945
0.484156
-0.430197
-0.756503
-0.585733
-0.347039
0.858687
-0.924719
-0.860254
0.428682
-0.637253
-0.580613
0.897447
0.219572
-0.338011
-0.664725
0.253071
-0.452797
-0.940256
-0.886244
-0.985751
-0.990688
-0.831273
-0.807801
0.146853
0.550469
-0.294515
-0.651236
0.00898756
0.461518
-0.776603
-0.893695
0.296948
-0.416559
-0.00903202
-0.660099
-0.7168
-0.0378209
0.547881
-0.107234
0.144562
0.297118
-0.145517
-0.587204
-0.841751
0.247171
-0.468187
-0.757871
0.56902
-0.841889
-0.462724
-0.417276
-0.696232
-0.130867
0.528981
0.0374272
-0.206676
0.331241
0.0623597
-0.40902
0.832738
0.110119
-0.134856
0.203899
-0.733804
0.733605
0.863401
0.839991
0.701197
0.9949
-0.828332
0.346055
-0.845189
-0.471249
-0.81144
-0.707512
0.406636
0.376999
0.376472
-0.974074
-0.0116961
0.952061
-0.212446
-0.489082
-0.912836
0.0126897
-0.82607
0.559651
0.544675
0.843502
0.865151
-0.442359
-0.685247
-0.72867
0.776527
0.562622
0.820561
0.413742
0.182159
0.827008
0.34319
0.559035
0.820599
0.973072
-0.487702
-0.175929
0.745264
-0.602344
-0.124168
0.687206
0.265534
-0.870848
0.455209
-0.231062
-0.68749
-0.737328
0.393266
0.481374
0.561303
0.177728
-0.174151
-0.415724
0.344806
-0.646643
0.0499049
-0.33112
0.0529102
-0.035836
0.69364
-0.208481
-0.407367
0.633489
-0.445882
-0.665144
-0.264349
0.731198
-0.24162
-0.540879
-0.231319
-0.437108
-0.845453
0.721886
-0.937258
-0.946776
0.981503
0.728928
0.926381
0.967127
0.33254
0.583923
0.899004
-0.451933
-0.658436
0.863317
0.71322
-0.258049
-0.828925
0.478757
0.243382
0.816439
-0.406408
0.420658
-0.492676
-0.0683454
-0.81281
-0.990419
-0.33237
0.0802826
0.775036
0.647948
-0.136128
0.085028
0.216535
-0.467906
0.785918
0.152072
-0.295297
-0.141974
-0.659231
-0.179608
0.287029
-0.880496
0.411943
0.539806
-0.1274
-0.887947
-0.0794963
-0.530972
0.721133
0.893359
0.86409
0.0397338
0.840948
-0.760409
0.866462
-0.971917
-0.0671926
0.484659
-0.304598
0.302046
0.124951
-0.909441
-0.740543
0.834792
0.660096
0.00237023
0.0136879
-0.989345
0.0713157
-0.918831
0.711499
0.73635
0.873878
0.536028
0.262606
-0.181011
-0.179191
0.336642
-0.184337
0.443409
-0.0072146
-0.739845
-0.681035
0.671731
-0.472342
-0.949332
-0.0746166
-0.915389
-0.956307
0.501969
0.854423
-0.138619
0.263997
-0.971102
-0.094725
-0.294962
0.574182
-0.946075
-0.399984
-0.00722605
0.686632
-0.149701
0.132782
0.509755
-0.816648
-0.316066
-0.189021
-0.614703
0.929756
0.318516
0.224392
-0.654599
0.348982
0.988576
-0.245112
-0.59093
-0.975365
0.473032
-0.99932
0.510536
0.508648
-0.84808
-0.667451
-0.230756
0.5091
0.597206
0.790037
-0.661774
0.158493
-0.680176
0.234052
0.506751
-0.647973
-0.790501
-0.444091
-0.42539
-0.0504634
0.508333
-0.4137
-0.696323
-0.674715
-0.57327
-0.0465871
-0.443648
-0.75303
-0.219844
0.43502
-0.373924
0.509588
0.841332
0.879691
0.133314
0.45028
-0.498041
0.507353
0.987316
-0.535136
0.94085
0.866232
-0.469774
-0.431653
0.985921
-0.639328
0.0398479
-0.977981
-0.897818
0.22475
-0.00924022
0.75962
0.889591
0.0954753
0.051988
-0.332399
0.983297
0.448328
-0.480523
0.299726
0.340957
-0.97814
-0.720863
-0.410459
-0.926617
0.402651
0.288841
-0.0832299
0.293169
0.905977
-0.456788
0.886453
0.0612038
0.450816
0.486941
-0.155502
0.0958265
-0.347763
-0.889291
0.618231
-0.759332
0.321834
0.0653577
-0.879495
0.85972
0.0580218
-0.806799
-0.0893491
-0.353999
-0.0812726
-0.570895
-0.163824
-0.8382
0.314885
0.00433905
-0.833178
-0.204054
0.405806
0.521667
0.844804
-0.281195
0.287626
-0.750552
0.731175
0.680312
0.0849027
-0.10045
0.822779
-0.599654
0.320366
0.603146
-0.207324
0.454735
-0.410737
0.954824
0.946716
-0.444435
0.25478
-0.467101
0.435396
-0.240939
-0.454623
-0.240275
-0.436093
0.356963
-0.0072238
-0.220054
0.199506
-0.351388
0.197365
-0.582242
0.787213
-0.0999044
-0.270869
-0.0312816
-0.0614546
0.44629
-0.286239
0.404079
0.399465
0.592764
0.58712
0.589858
0.0557132
0.395422
0.563808
0.507588
-0.671196
0.309413
0.889339
0.846371
-0.421448
0.0691923
-0.0298794
-0.739602
-0.555323
-0.484267
-0.746486
-0.541489
-0.220661
0.981368
0.405852
-0.281327
-0.707695
0.955827
-0.057003
0.0726787
-0.449144
0.472639
-0.547241
-0.0724161
0.640929
-0.839899
-0.259184
-0.954498
-0.321263
-0.923287
-0.268158
0.0270719
0.509442
0.604607
-0.158939
0.593884
0.978636
-0.343073
-0.426798
0.785134
-0.902348
0.524926
-0.194356
-0.1313
0.317125
0.157684
-0.934303
-0.354677
-0.374633
0.0511736
0.456978
-0.0411906
0.27645
0.709996
-0.414245
-0.0301265
0.397538
0.775665
0.119003
0.748816
0.588391
-0.905885
0.72837
-0.565289
-0.0212474
0.255186
-0.860988
-0.817289
0.467164
-0.237409
-0.913161
0.396767
0.213153
0.556675
0.558634
0.536153
-0.646919
0.825232
0.425769
0.823164
-0.0685896
0.619024
-0.515659
-0.0349423
0.886871
-0.485689
-0.861524
-0.411914
0.912523
0.482355
0.870225
-0.664524
0.771139
-0.918438
0.671712
0.0522063
-0.315108
-0.321403
-0.888382
-0.483208
0.343291
0.381791
0.995475
-0.397497
-0.144531
0.795211
-0.885691
-0.0628889
-0.152036
-0.578903
0.166652
0.983874
0.649593
0.679468
-0.10844
0.823381
0.30998
0.429761
0.594639
0.717137
-0.27961
0.152282
0.999678
0.592936
0.850496
-0.444068
0.425859
0.110977
-0.820825
0.443785
-0.463066
-0.221958
0.102253
0.0994243
-0.61097
0.781421
-0.405988
-0.370364
0.737436
-0.659241
-0.714683
0.070413
0.710306
-0.283956
0.470829
-0.379367
-0.832949
-0.141556
0.734947
-0.207763
0.277139
0.222685
-0.196683
0.198812
-0.822006
0.916762
0.927147
-0.279021
0.0833597
-0.160989
0.955694
-0.930542
-0.307489
-0.18879
-0.673868
-0.373694
-0.069687
0.167836
0.0385055
-0.41913
0.968952
0.402653
-0.790646
-0.843239
-0.844386
0.264916
0.484198
-0.335181
0.959419
-0.0918612
-0.94027
0.781784
0.839089
0.308868
0.389933
0.90429
0.7687
-0.910311
0.608143
-0.945556
-0.0835385
0.977786
-0.55884
-0.134189
-0.892623
-0.508012
-0.354047
0.500417
-0.114958
-0.236174
-0.283197
-0.224979
0.464171
-0.791421
0.049967
-0.0841948
-0.159021
-0.758644
0.218243
-0.497239
-0.687493
0.729274
-0.404366
-0.551859
-0.480621
-0.580585
0.756041
-0.77569
0.549842
-0.686641
0.131641
0.968381
0.174647
0.309279
-0.506466
0.65883
-0.274384
0.707175
-0.457619
-0.640675
-0.492516
-0.29634
0.277127
0.899047
-0.95352
-0.490516
-0.594227
-0.423675
0.737504
-0.753957
0.970273
-0.0739455
0.794248
-0.535546
-0.849698
0.217326
-0.219013
-0.610802
0.168383
-0.441598
-0.117087
-0.326493
-0.0381952
-0.426842
0.801712
0.669271
-0.68835
0.133334
-0.711396
0.880156
0.280289
0.404311
-0.548563
-0.99017
0.62818
-0.416114
0.844486
-0.507525
0.828905
-0.54613
0.413158
0.400262
-0.581387
0.750782
0.443991
-0.510713
0.168273
0.635686
-0.523753
-0.000855693
0.508593
0.164052
-0.293726
-0.935809
0.517143
-0.83944
-0.571971
-0.403087
0.466121
0.472469
0.302289
-0.235868
0.67752
0.175806
0.720896
-0.940972
-0.252147
-0.498908
0.188779
-0.150664
-0.930695
-0.942029
-0.58493
-0.440784
-0.260373
-0.487687
0.63344
0.865905
-0.820767
-0.02178
0.469799
-0.673416
-0.796685
0.133331
0.619162
-0.771322
0.42925
-0.164918
0.381413
-0.544855
0.127714
-0.43228
0.694419
0.591652
-0.299785
0.539714
0.252412
0.690025
0.351462
-0.425501
0.062807
0.194074
-0.761333
0.349512
-0.399396
0.171357
0.153083
-0.978013
0.512053
0.57597
-0.191544
0.828574
-0.160475
0.983934
-0.432281
0.124678
-0.832447
0.984838
0.74677
-0.499655
-0.788347
-0.740562
-0.788578
-0.626815
0.846926
-0.748695
-0.871837
-0.468764
-0.2295
0.505508
0.72229
-0.942651
-0.360666
0.737669
0.42317
0.816567
-0.0892141
-0.394196
0.709524
-0.547253
0.483353
0.709368
-0.0538716
-0.67734
-0.563706
0.145251
-0.546652
-0.600357
-0.291203
-0.365961
0.324284
0.954521
-0.997232
0.240997
0.312629
0.0590566
-0.228973
0.694217
0.923551
-0.146475
0.868499
-0.811911
