0
0
0.134801
-0.518829
0.791853
-0.461154
0.177442
0.321503
-0.608812
0.655929
0.479649
-0.612489
0.619053
-0.539895
-0.640085
-0.18877
0.428264
-0.0697732
-0.83357
-0.0340467
-0.563845
-0.595968
0.702277
0.493716
-0.166053
0.274328
0.121855
-0.553141
0.815315
0.505062
-0.0631933
-0.116784
0.0940657
-0.516512
0.573572
-0.46384
0.217973
-0.485274
-0.723447
0.150303
-0.210791
-0.158491
0.419409
0.600784
-0.0646241
-0.707652
-0.192925
0.37074
-0.521043
-0.510169
-0.436603
0.778759
0.0836156
0.218793
-0.684636
-0.0546321
-0.398865
-0.314887
-0.35064
0.921392
-0.568321
-0.689777
0.0393484
0.120121
0.768711
0.436266
0.721685
-0.416438
0.522955
0.563218
-0.284598
0.194084
-0.119815
0.827015
-0.377604
-0.911073
-0.747784
0.562232
0.633962
-0.297508
0.119906
-0.70587
0.232891
-0.430752
-0.218419
-0.894085
-0.0364469
0.540407
0.380954
0.121698
0.896252
-0.198832
-0.471784
-0.558866
0.123821
-0.542125
-0.0825314
-0.918978
-0.0406758
0.14387
-0.342702
0.899299
-0.847648
0.28513
0.895641
0.264315
0.185304
-0.554106
-0.332979
-0.247566
-0.521595
-0.0547158
0.230889
0.1112
-0.0143321
0.569255
-0.325644
-0.06308
0.211191
0.22721
0.376814
0.313311
-0.338671
0.218232
-0.167419
0.300547
0.0503403
0.80403
0.15796
0.956077
-0.604161
0.455467
0.267016
-0.145809
0.137426
0.909781
-0.827217
0.165779
0.333285
-0.888575
-0.590685
-0.129657
-0.0374595
-0.932937
0.842718
0.401547
-0.567326
-0.226154
-0.0506875
0.138278
-0.323005
0.562576
-0.291092
0.576198
0.449963
-0.579236
0.453306
-0.476184
0.455772
-0.749797
0.716459
0.575927
-0.381317
-0.340623
0.335365
-0.423198
-0.587877
-0.778471
-0.528268
-0.0784365
-0.0226174
0.244683
-0.414131
0.639213
-0.621453
0.269421
-0.501832
0.279638
0.323287
0.503076
-0.532224
0.716236
-0.260904
-0.336353
0.418522
-0.363389
0.297445
0.721922
-0.413683
0.466991
-0.441799
0.256874
-0.0351614
-0.927633
-0.262046
-0.827659
0.185871
0.835236
-0.302227
0.275991
0.166001
-0.150086
-0.0777195
-0.107891
-0.814304
-0.385526
0.220763
0.633978
-0.909969
-0.202088
0.113196
0.121919
-0.323081
0.153997
-0.493762
0.481362
0.302306
0.322705
0.322383
0.258324
0.150928
-0.698602
-0.65452
0.235355
-0.311632
-0.643298
0.18911
0.27204
0.160668
-0.461929
0.120525
-0.569207
0.000792092
0.628448
0.130352
-0.4846
-0.320666
-0.713129
0.175058
-0.690651
0.259858
-0.532579
0.161027
-0.0869996
-0.436003
0.444309
-0.674182
0.706436
-0.616056
-0.632111
0.66215
-0.489515
0.259977
0.474257
-0.0522228
-0.201467
-0.191851
-0.265801
0.586873
-0.556892
0.0464067
-0.035781
-0.510038
-0.0877923
0.921145
-0.104746
0.428576
0.347285
0.697613
-0.268833
0.517857
-0.549865
-0.856248
0.2111
-0.399603
-0.343102
0.411556
-0.541035
0.0496473
-0.583488
-0.265448
0.85855
-0.362008
0.136952
0.838014
-0.505984
0.384515
-0.167583
0.821239
-0.550799
-0.602937
0.796145
-0.564266
-0.316989
-0.765707
0.479726
0.162326
0.246591
0.332
0.280886
0.534683
-0.271532
-0.588522
-0.232374
0.7121
0.267199
0.51379
-0.848379
0.384068
0.512529
-0.784061
-0.560869
-0.649034
-0.379769
-0.170749
0.784879
-0.43907
-0.406019
0.232052
-0.450877
0.369627
-0.179609
-0.802679
0.267782
0.0526608
-0.622746
0.0287651
-0.0915311
-0.542408
0.144443
0.0909163
0.155247
-0.0832838
-0.118034
-0.0914622
0.689705
0.181436
-0.79088
0.0516974
-0.353565
-0.265601
0.264702
0.140946
-0.0566691
-0.372024
-0.716959
0.276425
0.225145
0.272458
-0.585403
0.274019
-0.277767
0.0906344
0.196519
0.77804
-0.109589
-0.334734
0.189217
0.77462
0.0185018
-0.0901268
-0.0834367
-0.0783528
0.17595
0.107925
-0.105582
0.160047
-0.300431
-0.086792
0.268655
0.227848
0.241264
0.665827
0.129676
0.229974
-0.741709
0.0421406
0.533271
0.173232
0.755666
0.287336
-0.0297493
-0.631755
-0.570237
-0.367087
-0.356128
0.13214
0.145351
-0.136598
-0.2009
0.23065
0.599351
-0.169587
0.421926
-0.778054
0.517372
-0.374139
-0.514598
0.193755
-0.258741
0.440222
0.374693
-0.402845
-0.289631
-0.0736737
0.46015
-0.282709
0.540732
0.631397
-0.469965
0.519209
-0.565264
0.369315
0.352261
0.135032
-0.104907
-0.645639
-0.280813
-0.750778
0.110262
0.846966
-0.281992
-0.402585
0.676701
0.367437
-0.228079
-0.746321
0.192653
-0.169187
-0.637887
-0.679875
0.196937
0.058793
-0.644296
0.381345
-0.794799
-0.475762
-0.606639
-0.406323
0.18525
-0.0526128
0.959958
0.113224
-0.0784291
-0.60113
-0.0173195
-0.623958
-0.72761
-0.561773
-0.179484
0.827519
-0.294509
-0.0375195
0.861362
0.454532
0.354213
-0.431105
0.412706
0.71031
0.142623
0.437132
-0.866125
0.502404
0.654287
-0.565035
-0.0435743
-0.817539
-0.171653
-0.207181
0.170451
0.918478
0.332002
0.718337
-0.538509
0.66372
-0.643723
0.103971
-0.0199954
-0.190447
0.291704
-0.154183
-0.824872
-0.770978
-0.573961
0.0328454
0.288694
-0.49033
-0.438401
0.749553
-0.433679
0.332405
0.386207
0.731187
0.0248791
-0.0876935
0.48731
-0.150693
-0.219378
0.293341
-0.300784
-0.348642
-0.383244
0.551162
-0.553742
0.369122
0.431038
0.209438
-0.524132
0.898061
0.0512414
0.284903
0.522925
0.185563
0.625397
-0.0570628
0.677331
-0.486806
-0.747108
0.0693761
0.738826
-0.254048
0.119374
0.869963
-0.188035
0.26227
0.453522
0.761731
-0.527929
0.0655987
0.204555
0.0453199
0.734426
-0.770234
-0.326776
0.780298
0.109987
0.637916
0.752823
0.398305
-0.786844
-0.747577
0.311063
0.637839
-0.127352
0.23734
0.335384
0.0882073
-0.848216
-0.706373
-0.493297
-0.716559
0.660166
0.343508
0.718166
-0.156828
-0.697637
0.168121
0.670713
-0.637298
0.166559
0.465514
0.280394
-0.162331
0.524383
0.178955
-0.111126
-0.395306
0.804926
-0.308432
0.464595
0.924781
-0.359685
0.482802
0.366244
0.158088
-0.627946
0.0993113
-0.179665
-0.0964911
-0.84742
0.747564
-0.523224
-0.251763
-0.654219
0.373154
-0.71069
0.807947
0.35262
-0.633843
0.106901
-0.516994
-0.67598
0.257604
-0.720779
-0.579844
0.0572084
0.138205
-0.529975
0.89611
0.430383
-0.705542
0.172602
-0.893381
0.294287
0.0888641
-0.325941
0.509564
-0.827499
-0.257882
0.334346
0.506948
-0.445264
0.503904
0.482647
0.808588
0.157731
0.165631
-0.498187
-0.832533
-0.376577
-0.930671
-0.297942
0.837416
0.313958
0.65209
0.711637
-0.209824
-0.527243
0.121649
-0.287052
-0.584994
-0.206216
0.913424
0.351655
0.33421
0.536234
0.0634768
0.607937
0.549619
-0.0898787
-0.142199
0.565003
-0.930586
0.231535
-0.00989889
0.473719
0.378752
0.813398
0.793162
-0.0971078
0.0653375
-0.638716
-0.618725
-0.201103
-0.519213
0.0698414
0.564829
-0.153719
-0.228589
-0.359801
0.870517
0.310748
-0.256508
0.186967
0.276174
-0.485594
0.412103
-0.81199
-0.811648
0.507886
0.235943
-0.131323
-0.0989482
-0.402161
-0.297385
0.77048
0.247757
-0.217786
0.69973
0.132647
0.0980145
-0.400376
0.661182
0.169346
0.315
0.906343
-0.400649
-0.343454
-0.149138
-0.334888
-0.655887
0.65462
0.153992
0.644979
-0.00805564
0.463766
0.180926
-0.612429
-0.783559
-0.415465
0.782388
0.0121248
-0.307177
-0.865728
-0.572161
0.452167
-0.351676
-0.0800565
0.275528
-0.485365
0.66524
-0.0735901
-0.747782
0.557147
-0.872622
-0.178238
-0.258295
0.259777
-0.322566
0.614953
0.0771341
-0.430773
0.689068
-0.664235
-0.409377
0.836067
0.570861
0.686459
-0.301412
-0.696316
0.480374
0.569071
0.821606
-0.0807506
0.485209
-0.863731
0.703733
0.217928
-0.755333
-0.229819
0.118421
0.470049
-0.0656932
0.669048
0.70875
0.469271
0.618714
-0.372936
-0.808503
0.0274844
0.497533
0.785473
-0.454521
-0.016773
-0.758792
0.363112
-0.0133103
0.429879
0.607414
-0.51914
0.921524
0.0675546
0.630781
0.0904871
-0.44832
0.475526
0.0397902
-0.859556
0.687403
0.638672
0.0735196
0.740894
0.404081
-0.209694
0.0384658
0.0987856
-0.889
-0.336093
-0.16031
0.88781
-0.21585
0.0534681
-0.854101
-0.50664
0.11599
0.199228
-0.661746
-0.0115079
0.707814
0.310728
0.364196
-0.878569
-0.567746
0.609183
0.953664
0.0316186
0.636619
-0.770168
-0.0902523
-0.673675
0.0349776
-0.695728
0.40672
-0.563655
0.318737
0.35733
0.272958
-0.386997
0.495419
-0.547575
-0.405293
-0.522011
-0.63586
-0.348044
0.121719
0.169553
-0.117895
-0.876632
0.354436
0.813614
-0.50244
0.467848
-0.546817
0.222452
-0.55404
-0.826076
-0.511449
0.407862
-0.261204
0.684031
0.677987
0.0277399
0.634581
0.398002
-0.215499
0.453536
0.741984
-0.284749
-0.123488
-0.951355
-0.280516
0.423374
0.370062
-0.432226
-0.356775
0.0497317
0.751454
-0.151775
-0.419059
0.390978
0.318498
0.902177
0.334403
0.828612
0.285049
-0.244389
-0.396164
0.209647
0.600624
-0.252194
-0.428385
0.0229763
-0.851588
0.5213
0.00654057
0.119379
0.155882
-0.205083
-0.0203059
0.718384
0.140061
0.511738
-0.0418882
-0.148453
0.411326
0.311408
0.145738
-0.210913
-0.0198324
-0.813236
-0.930995
0.180075
-0.455709
0.270332
-0.335197
-0.0456168
-0.108947
-0.822533
-0.635768
0.446706
-0.626781
-0.393749
0.162621
0.46129
-0.0116528
-0.17746
-0.42911
-0.30661
-0.224019
-0.133688
0.249084
-0.758241
-0.101728
0.0738491
-0.693382
-0.333424
-0.640034
0.505497
0.639184
-0.450592
-0.369156
0.842009
0.307235
0.315369
0.65389
-0.19833
0.320822
0.572536
0.436589
-0.663656
0.160426
-0.867407
0.577548
-0.46598
-0.66431
0.157741
-0.411767
0.514061
0.454181
-0.886229
-0.542865
0.517456
-0.549595
-0.770631
-0.00206898
-0.606192
-0.591324
-0.289011
0.455878
0.265737
-0.70897
0.271686
-0.652935
-0.695767
-0.220611
-0.615148
-0.373828
0.546078
0.551448
0.616737
-0.795927
0.520454
0.591173
-0.537426
0.368677
-0.120746
-0.151455
-0.525296
-0.176343
-0.581354
0.211983
0.792617
0.184234
0.741531
-0.00644102
0.0680346
0.968169
-0.100266
-0.251735
0.46656
0.0777152
0.141591
0.195526
0.702974
-0.0511172
0.324419
0.694814
0.172925
0.73687
0.2555
-0.656982
-0.060303
0.860326
0.0856916
-0.0738341
-0.625819
-0.418467
-0.450383
0.213232
0.0330686
0.870205
0.472995
0.596537
0.573061
0.463226
0.515986
0.0906877
0.820649
-0.352529
0.239834
0.184084
0.191709
0.150786
0.798586
-0.136011
-0.644
0.46465
-0.849672
-0.841908
-0.430707
-0.343748
-0.491387
-0.439653
-0.794341
0.367257
0.526143
0.752842
0.0329686
0.0738365
-0.397505
-0.527848
0.54868
0.621482
0.379648
0.592053
-0.187697
0.577829
-0.563906
0.132225
-0.948666
-0.504262
0.327086
-0.532018
-0.828945
0.76894
-0.0325569
0.450146
0.568284
-0.207871
0.408438
0.65118
0.176457
-0.729318
-0.308226
0.688562
0.435488
-0.844796
0.371302
-0.969817
0.175675
0.0665857
-0.181014
-0.500658
0.421752
-0.490948
0.830158
-0.836032
-0.0512587
-0.72038
-0.29169
-0.726724
0.321169
0.286511
-0.345571
0.12642
0.514566
-0.565825
-0.068174
-0.359864
-0.343956
0.665125
0.0389853
-0.384556
-0.401981
0.972193
-0.0326439
-0.0843741
0.884163
0.450971
0.375132
0.30723
0.408679
0.472612
0.0513093
0.446185
0.424772
-0.589538
-0.628106
0.00323764
-0.621941
0.572609
-0.444841
0.136627
-0.135004
0.917858
0.246652
-0.0724827
-0.996226
-0.609064
-0.613677
-0.705366
0.144625
0.619539
-0.715745
0.167767
-0.671418
0.667645
-0.60162
0.215297
-0.951597
-0.0260582
-0.917474
-0.838589
-0.510378
-0.181796
0.454833
-0.0564527
-0.808405
-0.760001
0.394317
0.85397
0.0565226
0.0671488
-0.314138
-0.320493
0.691491
0.540932
0.755185
-0.0269347
-0.119613
0.827878
0.555399
-0.490052
-0.253163
-0.689735
0.363343
-0.387553
-0.841258
0.517109
-0.407434
-0.478589
-0.814302
-0.332215
-0.236921
0.600264
0.791541
-0.85361
0.36021
0.0106632
-0.915321
0.729623
-0.657273
0.0393742
0.0251634
0.037515
0.807946
0.168155
0.261364
-0.047009
-0.319497
0.808749
0.0431781
0.105016
-0.0595202
-0.553979
0.295695
0.360089
-0.45834
-0.451167
0.213387
0.522221
0.580877
0.894432
0.312442
-0.477768
0.154549
-0.819856
-0.45961
-0.315116
0.287067
-0.743386
0.501081
0.813524
-0.350733
0.505282
-0.849486
-0.309096
0.590256
0.622289
0.680408
-0.210866
0.445768
0.0835865
0.570738
-0.862029
0.461701
0.786839
-0.435653
-0.0598652
-0.0780335
-0.750205
-0.243739
0.224521
0.475476
0.134491
-0.0853793
0.775988
-0.0351666
0.262696
-0.0336372
-0.49117
0.415393
-0.846006
-0.300281
0.542214
-0.302136
-0.612334
0.225589
-0.259226
0.481766
-0.531643
0.230651
-0.377174
-0.813712
-0.39088
-0.173912
0.399501
0.333152
-0.814918
0.551834
-0.297999
-0.262154
-0.927136
-0.119815
-0.293727
0.920075
-0.253227
-0.359302
0.235464
0.553579
-0.237222
0.0603198
-0.313547
-0.788491
-0.699626
0.535074
-0.288819
0.318735
0.51061
-0.122445
-0.0309303
-0.729337
0.305068
0.0867105
-0.549049
0.751583
-0.641802
-0.4218
-0.544245
0.4137
0.143037
0.23528
0.996744
-0.00398002
-0.181931
-0.251445
0.0610155
0.168593
-0.0584164
-0.838684
-0.760269
-0.00657724
-0.793939
-0.435457
0.165862
0.147023
0.415664
-0.908001
-0.537756
-0.781814
-0.788391
0.0895649
0.637513
0.451226
-0.598249
-0.216203
-0.124205
0.09928
-0.0845313
0.484096
-0.782121
-0.590012
-0.172343
0.654514
-0.140649
0.725623
-0.094841
-0.638983
-0.811428
0.451306
0.397646
0.299861
0.101482
0.585165
0.647729
-0.509821
-0.101696
-0.733504
-0.0445483
-0.744324
0.655032
0.34481
-0.226552
0.161195
0.852689
0.495332
-0.433389
0.47602
0.76784
-0.09924
-0.579038
-0.0595558
0.559798
-0.68601
-0.181342
-0.250517
0.896191
0.308921
0.408161
0.718683
-0.724692
-0.393402
0.0794118
-0.630156
-0.880673
0.319258
-0.245914
0.622962
-0.286994
-0.785027
-0.0475777
0.823008
0.107498
0.671834
0.932588
-0.184019
-0.588922
0.442544
-0.227571
0.242261
-0.349083
0.176151
0.173885
-0.608922
0.704434
-0.0190703
-0.10971
0.909476
-0.00758876
0.361694
0.106354
0.74958
0.741713
0.253984
-0.667268
-0.0144345
0.157588
-0.0134189
-0.923097
0.250845
0.460302
0.88523
0.451198
-0.437317
0.35518
-0.437874
0.418383
-0.54733
-0.387492
-0.222436
0.150786
0.785275
0.222592
0.16979
-0.607664
-0.506214
-0.461569
0.594603
-0.30936
0.645852
-0.0462922
-0.414031
-0.503702
-0.283108
0.0893419
-0.459747
0.781476
0.622842
0.216426
-0.82095
-0.677641
0.195752
-0.46448
0.416508
0.705486
-0.28777
-0.139852
0.507167
-0.66844
-0.337427
0.736101
-0.347608
-0.269431
0.49227
-0.376265
-0.269678
-0.486733
0.624899
-0.224498
0.309472
0.600754
-0.400015
0.0699817
-0.29916
0.32695
0.227124
-0.791315
-0.476098
-0.340855
0.810541
-0.416115
-0.162367
0.27083
-0.57542
-0.308594
0.274265
0.649086
-0.717272
-0.822695
-0.40945
0.077231
-0.759288
0.451173
0.58935
0.863615
0.366482
0.348617
-0.591636
-0.802335
-0.388419
0.578583
0.516669
0.093261
0.670173
0.429941
0.361748
0.0473534
0.314193
-0.455486
0.312067
0.487467
-0.5665
0.186606
0.282804
0.501804
-0.326833
0.824965
-0.0243331
-0.129872
0.759588
-0.565157
-0.804827
0.111589
0.194454
-0.897728
0.316734
-0.488711
-0.566783
0.753496
0.133746
-0.437848
-0.168945
0.486305
-0.150182
-0.15803
-0.424978
-0.239908
0.81464
-0.556458
-0.0639793
0.207816
-0.804075
-0.31683
0.351262
0.0875826
-0.609929
-0.654995
-0.480716
-0.641722
-0.0451556
-0.132738
-0.572299
-0.390044
0.269086
-0.0760412
-0.316571
0.940729
-0.0586195
0.345902
0.864538
-0.378569
-0.100688
0.0630588
0.222416
-0.652275
0.331145
0.714124
-0.0628185
0.466443
0.603348
0.670341
0.24638
0.337172
0.0943951
0.729753
0.595985
-0.517346
0.838928
-0.135168
0.218106
-0.464487
-0.816612
-0.710198
-0.591007
-0.484642
-0.250619
-0.00577487
-0.488533
0.00328052
0.111654
-0.475776
0.635294
-0.0304286
-0.753822
0.185314
0.145646
0.423947
0.234159
-0.569843
-0.0235167
0.558616
-0.133438
0.304245
0.0846621
0.128286
0.59082
-0.251825
-0.404632
0.633016
0.15964
-0.179876
-0.71755
-0.563419
0.216375
-0.641234
-0.456491
-0.277908
0.577168
0.0141858
0.812082
-0.574091
0.573934
-0.909903
-0.41274
-0.104446
0.284106
-0.343126
0.180206
-0.890198
-0.0174769
-0.626165
-0.647826
-0.190038
0.601574
0.450895
0.83786
0.314772
0.290171
0.74162
0.463806
0.931172
-0.198141
0.636388
0.660909
-0.424881
-0.696202
0.559838
0.37868
-0.140094
0.661182
-0.480327
-0.610198
0.0229219
0.101098
0.608164
-0.0397813
0.418462
-0.165043
-0.806656
-0.0102763
0.704869
0.457092
-0.760464
0.334023
0.000678408
0.287069
0.262941
-0.788687
0.705518
0.384729
0.254911
-0.432786
0.409551
0.399997
0.711099
-0.377641
-0.914886
-0.131678
-0.767618
-0.455781
0.326342
-0.807691
0.0728786
-0.448343
0.314986
0.813748
-0.85887
0.276956
0.478911
0.197161
-0.200227
0.729545
0.29337
0.538406
0.352154
-0.333194
-0.978807
-0.0328681
0.744293
0.437729
0.167274
0.765642
-0.047953
0.437718
0.553413
0.699624
-0.684955
0.421306
-0.17206
0.21926
0.555394
-0.750856
0.418076
-0.202449
-0.728675
-0.17636
-0.359259
0.360727
-0.579986
-0.698155
0.449011
0.110646
-0.313095
-0.316291
0.964051
-0.0433014
-0.504469
-0.781459
0.823304
-0.193746
0.698955
-0.686657
-0.00294806
0.451595
-0.494897
0.835984
-0.617443
-0.184133
0.377879
-0.576465
0.208623
0.288193
-0.752906
-0.586016
0.40951
0.669477
0.668842
-0.136031
-0.576779
-0.370973
0.585993
-0.139184
0.513527
0.554511
-0.223988
0.878972
-0.0150031
0.245633
0.616606
-0.288115
0.427299
-0.262237
0.893689
0.266783
-0.646714
-0.413138
-0.318042
-0.667497
0.259279
-0.959624
-0.162223
0.394469
-0.757884
0.592234
-0.556939
-0.224464
-0.425688
0.47532
-0.127814
0.378672
-0.72169
0.169499
0.13667
0.543517
-0.242063
0.855635
-0.433385
0.130983
-0.522805
-0.593825
0.763325
0.393026
-0.936544
-0.314013
-0.169648
0.562477
0.344419
-0.834343
-0.270259
0.360331
0.604826
0.739389
-0.639383
-0.116875
0.295482
-0.783641
0.386673
0.0466072
0.572849
-0.236469
0.0739957
-0.653071
-0.569787
0.00790613
-0.0784213
0.558929
-0.268845
0.122919
-0.359389
-0.564436
0.217507
0.105272
-0.0715138
-0.47665
-0.346417
0.301493
-0.170583
-0.907779
0.487623
0.0532782
0.346882
0.752243
-0.678579
0.271026
0.17789
0.190631
-0.413702
0.554984
0.733637
-0.443622
0.195866
0.974636
0.245663
-0.0961271
-0.286758
0.587111
-0.142095
0.910184
0.231616
0.25289
-0.333409
-0.159784
-0.0342287
0.624627
-0.04818
-0.828792
0.115509
0.246342
-0.826375
-0.145316
-0.978323
-0.0599542
0.3852
0.504603
-0.197127
-0.434421
-0.560695
0.731185
-0.863943
0.0361302
-0.0960844
-0.876447
-0.38105
0.372772
0.178094
-0.133907
-0.0154345
0.217179
0.19708
-0.467543
0.34399
0.751299
-0.124071
0.772371
-0.659834
-0.462799
0.772888
0.448493
0.299857
-0.756393
-0.475055
0.812338
-0.829541
-0.523026
0.0962517
0.065953
0.787501
-0.471757
-0.129643
-0.746322
0.37572
0.364435
-0.963561
-0.20324
-0.447783
0.735337
-0.913385
0.297184
0.308135
0.596766
0.0576799
0.139099
-0.0284786
-0.796422
-0.414954
0.297696
-0.627872
-0.173917
-0.760009
-0.103848
-0.0575653
0.0227716
0.996247
-0.0547543
-0.0449835
0.695735
-0.170988
-0.754756
-0.120084
-0.793063
-0.505075
-0.581285
0.745109
-0.206447
-0.462806
-0.225752
0.255209
-0.822319
-0.249239
0.488655
0.726154
-0.439056
-0.238103
-0.108115
-0.18213
0.626
-0.137156
0.353499
-0.341668
-0.820665
-0.544223
0.314
0.603934
-0.554086
0.764183
0.198489
-0.819675
-0.28163
-0.252382
-0.148866
-0.4574
0.826249
-0.34924
-0.0468
0.189907
0.799966
-0.816325
-0.0210407
0.165514
-0.662309
0.469508
0.382214
-0.664239
-0.110873
0.553738
0.0624614
-0.361563
0.570474
0.585288
-0.531984
-0.979128
0.0372907
0.655665
0.387083
-0.87757
0.325271
-0.587263
0.0778182
-0.774682
0.382819
-0.285229
0.86607
0.253152
-0.921121
0.246393
-0.647324
0.120233
-0.179683
-0.112375
-0.740958
-0.421113
0.330239
0.473466
-0.541884
0.691473
0.567506
0.696104
-0.571431
-0.163852
-0.919647
-0.867447
-0.0479941
-0.717045
0.287124
0.626659
-0.396443
0.00903683
0.83011
0.173537
0.678041
-0.0215767
-0.704783
-0.331664
-0.887345
-0.701003
0.618151
0.323121
0.334529
0.468535
-0.77689
-0.291079
0.495837
0.314697
-0.55753
-0.730803
0.549803
0.537929
-0.209455
0.763737
-0.254244
-0.750081
-0.278805
-0.836334
0.482818
0.295937
0.166204
0.659909
0.519311
0.500792
-0.78458
