0
0
-0.422816
0.272878
0.53721
0.451547
0.511878
-0.504465
0.447642
0.768669
-0.105052
0.247471
0.435881
0.766821
0.372707
0.6744
-0.23134
0.550303
-0.586868
-0.511799
0.227384
0.14209
-0.159227
-0.601271
-0.496593
-0.0848043
0.67926
-0.372392
0.896436
-0.107628
0.208733
-0.354548
0.197128
0.525261
-0.92887
-0.163249
0.52071
-0.365364
0.472992
0.402695
0.757243
0.364814
0.890075
0.128241
0.0856572
-0.90957
0.0744084
0.0503282
-0.453023
-0.188496
-0.55331
-0.279594
0.407835
-0.549724
-0.504581
-0.117635
-0.57289
-0.175251
-0.903743
-0.274086
-0.484352
0.239458
-0.0114415
0.658349
0.244367
-0.630809
0.510546
-0.0237641
-0.1458
0.922073
-0.38379
-0.745365
0.403714
-0.0236908
0.771289
0.028203
-0.180292
-0.146533
0.0374283
-0.691103
-0.754423
-0.270049
0.665281
0.604651
-0.784348
-0.428382
-0.122522
0.568866
0.103719
-0.366213
0.70279
-0.67887
-0.963951
0.0806848
-0.509067
0.214973
-0.783839
0.152354
0.377891
-0.450517
-0.129387
0.904455
-0.79395
-0.562296
-0.310595
-0.932921
0.56451
0.0851925
-0.918964
0.0206544
-0.101336
-0.972279
0.891856
-0.0236848
0.283665
-0.811616
0.18343
-0.156309
-0.862653
-0.387675
-0.0304386
-0.405133
-0.248024
-0.0127301
-0.242465
-0.431535
0.932555
0.0060626
0.597861
0.591257
0.347848
0.16282
0.175578
0.782682
-0.0490385
-0.725327
0.514445
-0.46115
0.0524074
-0.514522
-0.677342
0.22357
-0.00625142
-0.718796
0.68828
-0.311404
-0.472602
0.67605
-0.217341
0.44134
0.131154
-0.13136
0.622964
-0.726325
0.770727
0.445266
0.0223484
-0.0226443
0.980156
-0.008407
-0.177081
-0.00991583
0.690191
0.635252
-0.942789
0.137355
-0.778868
0.532112
0.0805437
-0.617046
0.244583
0.544008
0.60856
-0.260274
0.942144
-0.183485
0.109862
-0.531715
-0.393435
-0.292369
0.395557
-0.21946
0.586386
-0.166267
-0.346261
-0.356157
-0.606527
-0.017585
0.12555
-0.473321
-0.461139
-0.640858
-0.667922
-0.0127917
-0.706082
0.589784
-0.148594
-0.110796
-0.196224
-0.0629489
0.178316
-0.731774
-0.501647
-0.307534
-0.748926
-0.609028
-0.757222
0.318072
0.448757
0.338803
-0.0705775
0.387908
-0.221557
-0.919374
0.583641
0.724024
0.987707
0.0541809
-0.367117
0.118858
-0.187025
0.925803
0.147984
0.776817
0.738007
0.546836
-0.155771
0.118906
0.0563743
-0.772298
-0.162862
-0.926186
-0.452014
-0.120474
0.656366
-0.572653
0.230034
-0.214233
0.0940276
0.776451
0.243962
-0.527541
-0.82435
0.113216
0.161636
0.0399764
0.453792
-0.519511
0.990567
0.0399857
0.00151536
-0.438497
-0.961892
-0.155066
0.0372447
0.636298
-0.309561
-0.102407
0.15737
0.553624
-0.147445
-0.0287454
-0.456028
-0.725573
-0.0562892
-0.143734
0.002669
-0.564255
0.162896
-0.620015
-0.648761
-0.16993
-0.895502
0.291492
-0.435226
-0.635415
-0.558246
-0.414416
0.460631
-0.478111
-0.0708964
0.3984
-0.444461
0.711365
0.663156
0.206217
-0.259838
0.191405
-0.321097
-0.113098
0.157807
0.958937
-0.330967
0.179725
0.385942
0.772201
0.654658
0.409344
0.168751
-0.422842
-0.38178
-0.264183
0.728959
0.0808685
-0.0749919
0.285414
-0.439153
0.495927
0.91877
-0.18037
0.444553
-0.814664
-0.895532
0.230782
0.516196
-0.834565
0.579671
0.48468
0.656538
0.388261
0.68881
-0.327008
0.50052
0.365959
0.336482
-0.378661
-0.826051
-0.0115903
0.621071
0.480507
-0.949998
-0.278542
-0.160998
-0.573006
0.0434322
-0.959125
0.82159
-0.130168
-0.444872
-0.194748
-0.110745
-0.107936
0.680942
0.600779
-0.559904
-0.281089
0.411256
0.827936
0.798498
-0.0529205
-0.308666
-0.60622
-0.796914
0.388293
0.66163
-0.283104
0.0313786
-0.443931
0.323569
-0.785555
0.393604
-0.244087
0.896058
-0.388988
0.293838
0.651969
0.0216989
0.1088
0.0588023
-0.566183
0.321373
-0.540781
-0.929769
-0.337213
0.293031
0.640252
0.580753
-0.29544
-0.0142051
0.0516537
0.336462
-0.314024
-0.531455
0.396313
0.619919
0.75456
-0.467888
-0.819846
0.384914
0.289252
-0.717417
-0.347086
-0.279771
-0.590845
-0.607031
0.193848
-0.0729721
-0.741757
0.22385
0.0683127
-0.276274
0.395429
-0.845959
-0.167144
-0.0348346
0.00309496
-0.782683
-0.16539
-0.424295
-0.0164267
0.699427
0.701051
0.266577
0.013343
-0.206388
0.888694
-0.514373
0.216926
0.309344
-0.182503
0.975079
0.0458823
-0.458276
-0.438287
0.387638
0.149001
0.678768
-0.622428
-0.521457
0.66841
0.359344
0.0564376
-0.350557
0.250921
-0.399921
-0.393067
-0.015495
0.636246
-0.304656
0.745671
0.444229
-0.779367
-0.564969
0.384513
-0.122708
-0.905534
-0.83982
-0.103985
0.820289
0.276004
-0.530696
-0.452983
0.670351
-0.741691
0.0812575
-0.357163
-0.649204
0.485521
0.854412
-0.0603997
-0.513382
-0.215898
0.371235
-0.0959166
0.76351
0.423554
-0.00196195
0.752145
-0.662898
-0.50966
-0.974179
-0.148517
0.244434
0.257657
-0.240265
0.476114
0.180763
0.818865
0.675239
0.487033
0.605777
0.2968
0.642214
-0.319479
-0.61718
0.207621
-0.0264858
0.727585
0.214618
-0.838151
0.646999
-0.65658
-0.858742
-0.364144
-0.571764
0.314199
-0.0417842
-0.892024
-0.730175
-0.116489
0.920332
0.281179
-0.570393
-0.599356
-0.572782
0.133309
0.394412
0.896598
0.615246
0.406915
-0.325337
-0.290778
-0.00759174
-0.77653
-0.0645987
-0.38478
0.321706
0.792029
0.50064
-0.345987
-0.548611
-0.713331
0.302676
0.481166
-0.742515
-0.520836
-0.732246
0.0338032
0.643117
-0.145788
-0.300408
0.400368
-0.881535
0.364103
0.884939
0.157817
-0.19162
-0.231783
0.928894
0.123819
0.837608
-0.50768
0.110764
-0.0272177
0.651267
-0.222677
-0.839862
-0.0243229
0.0801422
0.478129
0.355168
-0.24815
-0.455422
0.504478
-0.650161
0.315197
0.610785
0.715473
-0.574575
0.0568681
0.707029
-0.681511
0.334445
-0.892494
0.703117
0.252075
0.769623
-0.0098919
0.151892
-0.428503
-0.13162
0.0886259
0.428568
0.499237
-0.244109
-0.00774617
-0.0176381
0.302354
-0.102012
0.119008
-0.480958
0.735205
0.404888
0.358073
0.861394
-0.217649
0.618473
0.778564
0.854266
-0.196302
0.77954
-0.621424
0.363385
-0.914094
0.33173
0.323072
-0.891969
0.0562723
-0.159933
0.388651
-0.252767
-0.1699
-0.310071
-0.383752
-0.549893
-0.765105
-0.689553
0.445
0.357141
0.353931
-0.33788
0.503976
0.577148
0.699685
-0.754668
-0.637786
0.071162
0.389891
0.942922
-0.277331
0.47133
0.19868
-0.449889
0.794133
0.183747
0.623499
0.811135
0.450952
0.287219
0.277173
-0.665095
-0.42233
0.247591
-0.797731
0.483988
-0.0447715
0.495724
0.83121
0.108383
0.453854
-0.876184
-0.092985
0.755264
-0.421946
0.466718
0.742649
-0.341367
-0.455719
-0.639355
0.320228
0.663863
-0.445688
-0.192754
0.296793
-0.0421772
-0.574978
-0.0306974
0.93945
-0.259678
-0.71976
0.432284
-0.89597
-0.315097
0.11646
-0.450812
0.295378
0.188115
0.145272
-0.463843
0.0873972
-0.201812
-0.444973
-0.514704
0.384635
0.358111
0.821048
-0.568653
-0.374966
0.13806
0.280426
-0.108145
-0.46807
-0.480759
0.510723
-0.580261
0.65608
-0.0263155
0.246882
-0.433733
0.0942328
0.48639
0.306212
0.481353
0.274303
-0.611458
-0.467858
-0.667338
0.552557
0.39992
0.832373
0.641072
0.418315
-0.185131
-0.377952
-0.327375
0.3522
-0.474382
-0.468616
0.994858
0.0615744
0.460214
-0.672199
0.604125
-0.35366
0.267664
-0.955586
0.713142
0.555253
0.732077
0.460189
-0.007604
0.258216
0.550802
-0.68707
-0.70951
0.322131
0.583005
0.619071
-0.445681
-0.0907498
0.666989
-0.512842
-0.467782
-0.789129
-0.27359
-0.55726
-0.47434
0.530339
-0.436267
-0.799387
0.158059
-0.866858
0.372097
0.663239
-0.901567
0.154212
0.00196185
0.796581
-0.376577
0.517243
0.398521
0.470655
0.245907
-0.628794
0.802456
-0.34419
0.377751
-0.85195
-0.195133
0.389329
-0.859984
0.385082
-0.380582
-0.321769
-0.469243
-0.626511
-0.411479
0.834513
0.203818
-0.82663
0.420284
0.0457199
0.625168
0.736295
-0.309892
0.757553
-0.592066
-0.353785
-0.0734599
0.814278
-0.0232309
0.250023
-0.163501
-0.726492
-0.566369
-0.0831871
0.574684
-0.332066
0.529701
0.758052
0.368512
-0.299026
-0.128766
-0.882418
0.695129
-0.276603
-0.526353
-0.293202
-0.625439
0.265146
0.148631
-0.493572
0.676363
0.273451
-0.452116
-0.397734
-0.764741
0.453963
-0.299622
-0.706915
-0.369998
0.252664
0.502923
0.858574
-0.256308
-0.0917609
0.545724
0.196644
-0.903559
0.35396
0.296081
-0.377409
0.941936
-0.0110902
0.557925
-0.808528
0.693855
0.633552
0.478899
0.692193
0.235057
-0.548969
-0.86944
0.0953083
0.49143
-0.0506931
-0.467191
-0.550394
0.438556
-0.750674
0.519226
-0.549113
-0.781148
-0.00878208
0.854812
0.0352992
-0.425774
0.27348
0.413476
-0.343555
0.61533
-0.366664
0.680719
-0.61374
-0.753082
0.628979
0.172848
-0.0294027
0.835691
-0.372225
0.0775577
-0.215825
-0.402447
-0.00801024
-0.237842
-0.846048
0.607912
-0.269922
-0.47807
-0.387724
-0.349213
0.919987
0.507432
0.414662
0.352498
-0.87705
0.373945
-0.643748
-0.956518
-0.1055
-0.0254871
0.152982
-0.0830949
-0.960605
0.837654
-0.0918884
0.735636
0.293621
0.399121
-0.216469
-0.369451
-0.152007
0.756168
0.0314026
-0.502682
-0.281669
-0.621467
0.383605
-0.164422
-0.117625
0.905715
-0.139032
-0.19431
-0.659863
-0.157279
-0.805801
0.685661
0.115249
0.598771
0.455591
-0.031324
-0.743775
0.403638
0.436924
0.242725
0.741756
-0.484514
0.438152
0.584951
-0.105089
0.0965597
-0.461428
-0.252427
-0.933451
-0.675207
0.550684
0.146296
-0.803768
-0.590435
-0.0110913
0.200883
0.41848
-0.628694
-0.706843
0.191777
0.574515
0.106727
-0.214281
0.41178
0.328772
0.45702
-0.73283
-0.138529
-0.607162
0.181678
-0.874074
-0.0883558
0.618526
-0.0792793
-0.41969
-0.454844
-0.588017
0.469227
0.026431
0.356736
-0.693535
-0.80107
0.269038
-0.704963
0.234696
0.682988
-0.0272203
-0.224061
-0.685224
0.443239
-0.400055
-0.702411
0.316088
-0.434395
0.655149
-0.528867
-0.0718246
-0.20081
-0.410738
-0.539494
-0.501306
0.508648
0.363484
0.24844
0.511489
-0.461676
-0.079087
0.467924
0.1154
0.302077
0.175382
-0.23345
0.219274
0.197573
-0.49227
-0.426736
0.750175
-0.86694
-0.315231
0.490614
0.834317
-0.0535912
0.566557
-0.670037
-0.578734
0.328909
-0.200162
0.795915
0.510852
0.679869
0.514447
0.238511
0.695385
-0.629322
0.775626
-0.0658608
0.322942
0.395275
0.46627
-0.110182
0.878015
-0.901848
-0.130245
0.772039
-0.558447
-0.280432
-0.364695
-0.756047
-0.152344
-0.453246
-0.646004
0.300811
0.448523
-0.545269
-0.291618
0.784924
-0.541313
-0.00753759
0.658806
-0.533103
-0.14849
0.553128
-0.431532
0.261596
-0.734698
-0.276011
-0.401003
0.120664
0.879648
0.222604
0.329649
-0.825191
0.352475
0.334904
0.162626
-0.636443
-0.374087
0.811476
-0.327124
-0.317063
-0.500512
-0.635429
0.178963
0.0942792
-0.715239
0.358
0.29076
0.52821
-0.0119404
-0.224419
0.294862
0.491573
0.225626
-0.190703
0.083089
0.529844
-0.284853
-0.435719
-0.490758
-0.666121
0.298884
0.571631
0.655103
-0.488228
0.579537
-0.109742
0.821844
-0.678291
-0.235123
-0.777053
-0.58545
0.0245826
0.997769
0.44139
0.658389
-0.480233
-0.270615
0.505738
0.41142
-0.956939
-0.240671
-0.246584
0.396491
0.441397
-0.0107141
0.146143
0.616732
-0.502853
0.848369
-0.689862
0.595632
0.184928
-0.683478
0.126767
-0.553408
0.334992
0.242887
-0.333614
-0.148664
-0.332519
0.923393
-0.0088903
-0.696212
-0.24962
0.361975
-0.357691
0.385633
-0.270114
0.551446
0.474839
-0.862779
0.283632
0.863636
-0.0638074
0.939292
-0.0102306
-0.0475636
-0.331196
-0.113241
0.112535
-0.502757
-0.851324
-0.503287
-0.110433
-0.11737
-0.101316
0.224513
0.409298
-0.626489
0.876094
0.27775
-0.0165516
0.627845
-0.462463
0.682461
0.179393
0.0437751
0.680483
-0.297069
-0.753931
0.279709
-0.269045
-0.675006
0.194315
0.48933
-0.45508
0.300984
0.243442
-0.96874
0.856511
-0.0332784
0.436894
0.675828
0.334282
-0.848522
-0.875389
-0.149996
0.625891
0.077354
-0.382835
-0.0617161
-0.317868
-0.425235
0.720358
-0.269177
0.718677
0.490291
-0.719932
-0.523674
-0.32306
0.362603
-0.0812796
0.491872
-0.338725
-0.132831
0.844741
0.525478
0.503645
0.227862
0.405329
-0.0615363
-0.154962
0.107114
0.108695
0.500052
0.689523
0.338388
0.23676
0.23318
-0.741109
0.107203
-0.43698
-0.710689
0.320866
-0.713424
-0.137241
-0.953338
-0.775692
-0.592357
0.354595
0.325687
-0.294659
0.288068
-0.786584
-0.461443
0.380991
-0.563338
0.639871
0.521323
0.633735
-0.353134
0.242556
0.20964
-0.00193395
0.464094
-0.217892
0.86313
0.586021
-0.536704
-0.739663
0.493168
-0.487542
-0.460151
-0.899128
-0.401484
0.901562
-0.23954
-0.468366
-0.496502
0.495965
0.0241799
0.829736
-0.0931682
0.690189
-0.102199
0.289105
-0.865735
-0.114525
-0.565209
0.615534
-0.236115
0.169027
0.79208
0.841546
-0.361056
-0.226791
-0.71659
0.281799
0.179899
-0.246092
-0.214486
0.946481
0.201209
-0.00875217
0.473011
-0.603663
0.765404
-0.10672
0.38933
-0.286663
0.835426
0.192624
-0.52416
0.134266
-0.766302
0.537497
0.665631
-0.465394
0.722562
-0.514879
0.711963
0.386334
-0.152369
-0.559479
0.776167
-0.35916
-0.837517
0.765955
0.164346
-0.869253
0.0628815
0.684469
-0.325523
0.63232
-0.665162
-0.0473825
0.143246
0.307592
-0.56777
-0.12373
-0.695256
0.295217
0.796745
0.236365
0.0983768
-0.0831055
-0.83844
-0.651778
-0.542469
-0.719313
0.49562
0.242873
-0.801214
0.472559
-0.771041
0.418378
0.79174
0.0691721
-0.335027
-0.602068
0.00666796
-0.601219
-0.152729
0.290178
0.317472
0.371223
-0.0632469
0.573256
-0.469982
-0.150784
0.418418
-0.571147
0.220968
0.53844
0.60985
-0.0249754
-0.564495
-0.169991
0.145669
0.709135
-0.648737
-0.903368
-0.317809
-0.443504
-0.131854
0.696349
0.365438
0.511107
-0.467054
0.261471
0.648348
-0.92863
-0.242555
0.6507
0.260428
-0.145929
-0.293644
0.581106
0.608254
-0.431674
0.488969
-0.428182
-0.633194
-0.00604326
-0.413558
0.461581
0.0490022
0.296806
0.27982
-0.160312
0.119854
-0.0989687
-0.877477
-0.954008
0.124068
-0.372666
-0.102399
-0.824407
0.380374
-0.957919
0.260477
0.245018
-0.439081
-0.563149
0.774924
-0.877323
0.276327
-0.23214
-0.769903
-0.03038
0.244219
0.0780837
-0.125708
0.333486
0.286827
0.795216
-0.1031
0.211405
0.498285
-0.685947
-0.425586
0.358436
-0.406087
-0.0909883
0.532077
-0.635177
0.492345
-0.522741
0.676035
-0.352965
0.0819238
-0.264404
-0.70193
0.0788608
-0.811263
0.345095
-0.284621
0.273889
0.616503
0.205454
-0.585987
0.163052
-0.692548
-0.508273
-0.751035
-0.715716
0.174979
0.783023
-0.409257
-0.503019
-0.716101
0.298744
0.371994
0.81431
0.550117
-0.0531358
-0.557341
-0.506465
-0.323919
0.284888
0.663109
0.472189
-0.329861
-0.139913
0.606637
-0.220621
0.0428361
0.366755
0.815968
0.479077
0.114385
-0.0191165
0.162433
0.295681
0.475069
-0.297109
0.66771
-0.379787
-0.321391
-0.441022
-0.164086
0.122594
-0.318655
-0.0988111
0.179429
0.749218
-0.235225
-0.195614
-0.897911
-0.320534
-0.605035
0.290044
-0.14663
0.446168
0.303319
0.187067
-0.16766
-0.105775
-0.385343
-0.913238
-0.121911
-0.231823
0.304623
0.668079
0.0400912
-0.207751
-0.91562
0.300963
-0.5963
-0.269848
0.104379
0.302337
-0.359541
0.142298
0.757348
-0.0928258
-0.037129
-0.41782
-0.251926
0.589281
-0.30872
-0.499861
0.844639
0.36835
-0.474197
0.693389
-0.186678
-0.438603
-0.805341
-0.114061
0.917884
0.124739
-0.0667789
0.540976
0.0446294
-0.534783
0.331789
0.545253
-0.21714
-0.435301
0.0291236
-0.0959026
0.110258
-0.154888
0.96794
-0.0935649
0.571781
-0.185616
0.883982
-0.0981278
-0.838381
0.398421
-0.136605
-0.773484
0.0314982
0.908577
-0.0487571
-0.0857549
0.480301
0.819031
0.180552
0.583632
-0.572067
0.61277
0.683479
0.56009
0.405937
0.507829
0.225778
0.699139
-0.230382
0.224994
-0.143029
0.703517
-0.502624
0.419752
-0.231626
0.503609
0.160591
-0.616042
0.755074
0.573565
0.616303
-0.434487
-0.762727
0.038312
0.342729
0.44596
-0.570091
-0.479637
0.341031
0.182851
0.692828
-0.496775
0.403457
0.462666
-0.583433
-0.506411
0.218723
-0.285205
0.754771
-0.47976
0.768572
-0.887836
0.102917
-0.590194
0.171663
-0.334742
0.563356
-0.273727
0.45115
0.306446
0.37032
0.191111
-0.629618
0.210283
-0.566433
0.560084
-0.428612
0.346787
0.401454
-0.567398
-0.779316
-0.669876
-0.587141
-0.328923
0.839695
-0.815934
-0.348268
0.442137
0.347422
0.0798059
0.647943
0.235083
0.0804204
0.691373
-0.118416
-0.0608675
-0.108399
0.325936
-0.500103
-0.270609
-0.0569775
-0.806659
0.231884
0.795891
-0.174247
-0.157732
0.0895796
0.109299
0.532467
0.82013
0.192974
-0.424858
-0.208288
0.382535
-0.906016
-0.411122
0.0711619
-0.603629
-0.760049
0.840089
-0.215432
-0.42372
0.580846
-0.486862
-0.573886
-0.280618
0.83175
0.352171
0.792782
0.243725
0.191179
0.452454
0.13428
-0.874078
-0.481573
-0.195146
-0.360961
0.00138588
0.601495
0.260067
0.538795
0.429635
-0.305669
0.01107
-0.224815
0.585776
0.626865
0.228361
-0.316711
-0.855506
-0.0540974
-0.359766
-0.822904
-0.437264
0.240161
0.384632
0.321469
-0.699011
-0.243187
0.264828
0.321233
-0.522116
0.519286
0.601908
-0.167892
-0.368624
0.394831
0.00427783
-0.0497634
0.37564
0.118091
-0.491826
-0.858861
0.0267527
0.606728
0.274509
-0.749248
0.63549
-0.206099
-0.405599
-0.079948
0.00982419
0.916549
-0.0532241
0.917287
0.254715
0.0864732
-0.467097
-0.542619
0.744439
0.0942902
-0.798599
0.196231
0.41315
-0.434226
0.295009
-0.122068
0.512094
-0.559209
-0.653499
-0.632005
-0.828236
-0.306831
0.741057
0.0897514
0.434679
-0.249018
-0.482864
-0.664053
0.783517
-0.496051
0.0306543
0.428038
0.732282
-0.0391345
-0.730257
-0.522412
-0.633325
-0.0300848
0.526135
0.626998
-0.0550353
-0.204114
0.383494
-0.0687967
-0.591209
-0.509764
0.499022
0.00507771
-0.421919
-0.234176
0.790966
-0.0286843
0.0749659
-0.124472
0.105534
-0.90938
0.91275
-0.319049
0.862157
-0.117799
-0.299285
-0.637833
-0.648248
-0.286108
0.705433
0.607959
-0.78229
0.354525
0.777039
0.434671
0.130551
-0.291864
0.138731
0.951999
-0.163141
-0.162149
-0.664573
-0.326216
-0.767991
-0.0877524
0.831621
-0.377177
-0.0563501
-0.158865
-0.928407
0.192826
-0.492796
0.803745
-0.076277
-0.576349
0.698865
0.229784
-0.496077
0.167279
0.515493
-0.283823
-0.164229
-0.707959
0.84713
0.436415
0.244774
0.658462
0.0566249
-0.592004
0.702932
0.31496
-0.670377
0.213516
0.326206
-0.499543
-0.150418
0.289553
0.110676
0.0899164
0.376326
-0.0307571
0.0477329
0.674817
0.328909
0.133244
0.160023
0.294559
0.172129
0.38228
-0.0129442
0.0343865
0.193198
-0.1675
-0.454173
-0.249067
-0.0561049
-0.711933
-0.856074
-0.377224
-0.648829
-0.45237
-0.11043
-0.466487
-0.733019
0.632119
-0.192576
-0.440578
-0.687097
-0.0759182
0.226551
0.362806
0.393915
-0.483494
0.876157
-0.331756
0.00812395
0.50009
0.576008
0.710733
-0.0735392
-0.0254478
0.508942
-0.378412
-0.357943
-0.0256195
-0.094353
0.207669
0.487915
0.851164
0.84792
0.0397638
0.692148
0.718445
-0.850343
-0.00507092
0.154533
-0.467369
-0.902705
-0.297427
0.488586
-0.492088
-0.800162
0.150306
0.516878
-0.378518
-0.478165
-0.476206
0.817922
-0.210071
0.320445
0.511823
0.851573
-0.263912
0.103838
0.172211
0.407533
-0.642251
0.125487
0.201784
0.50915
0.434549
-0.457785
0.645267
0.109017
-0.463428
-0.118761
-0.645993
-0.191704
0.577816
0.341072
0.0709816
0.790203
0.600397
0.570005
-0.350139
-0.723068
-0.370458
-0.66143
-0.707682
0.160011
0.670822
-0.232653
-0.259025
-0.401636
-0.597002
-0.334133
0.112438
0.637931
0.717122
-0.118759
-0.395005
0.233129
-0.671088
-0.227089
0.501533
-0.298388
-0.586797
-0.6222
0.641859
-0.334688
0.145916
0.478638
0.856055
-0.392117
-0.367554
-0.0527399
-0.231894
0.328285
0.253647
0.80503
0.0912859
-0.730355
0.672916
0.717565
-0.666889
0.643005
-0.0437229
-0.587929
-0.524972
-0.931789
-0.304656
0.200412
-0.432468
-0.0351272
-0.714503
0.928145
-0.334158
0.659319
0.738545
-0.431519
0.512881
0.65651
-0.71562
0.140074
0.34846
0.821204
0.563201
-0.143388
0.354971
0.924728
-0.268616
0.0660249
0.702276
-0.169305
-0.506181
0.114432
0.429886
0.248807
0.936505
0.632157
0.65534
0.492437
0.192997
0.238762
0.697623
-0.06373
0.0341894
