0
0
-0.23337
0.380638
0.848242
-0.289673
-0.386258
0.586583
-0.167364
-0.452021
0.103356
-0.796965
0.177604
-0.150488
0.771673
0.457007
-0.871776
-0.214914
0.091687
-0.213802
-0.485873
-0.0903829
0.427109
-0.144567
0.196674
0.860258
-0.600738
0.1121
0.940756
-0.335337
-0.381775
0.138204
-0.125231
-0.883032
0.849995
0.495576
-0.189666
-0.0451578
-0.707089
-0.263236
0.418907
0.872121
-0.467698
0.10743
-0.323044
0.112325
0.106887
-0.186364
-0.767314
0.38303
0.284789
0.450018
-0.557447
0.275996
0.388321
-0.0104669
0.196831
0.505552
0.46903
0.0484321
0.272284
0.668212
0.196313
0.1306
-0.141066
-0.4649
-0.970453
-0.154291
-0.202723
-0.555655
0.0660664
-0.770937
-0.677588
0.645811
0.368147
-0.324431
0.0368772
0.458694
-0.331867
-0.143223
0.812291
-0.106184
-0.604837
-0.419259
-0.651267
-0.658329
0.157076
0.770408
0.272186
0.614897
0.101055
0.730112
0.0980575
0.367151
0.664437
0.103866
0.874274
-0.000404653
0.615302
0.310821
0.040933
-0.30932
0.676471
-0.230142
-0.663237
0.616611
-0.274055
0.449523
0.760344
0.575491
0.88481
0.270596
0.500739
-0.292766
-0.0155918
-0.0653207
0.0564686
-0.963578
0.798051
0.570656
-0.841253
-0.0729781
0.365744
-0.42118
-0.280777
0.20337
-0.657085
-0.371419
-0.565495
0.202685
0.661333
-0.368575
-0.830226
0.513112
-0.737932
-0.204031
-0.391808
0.81976
-0.13471
0.522711
-0.0417111
-0.49587
0.764818
-0.124914
-0.564803
0.647961
0.0965142
-0.866483
0.260347
-0.172643
-0.111324
0.0810731
-0.205987
0.0890231
-0.736984
0.65522
0.450769
-0.792697
-0.964358
0.0838498
0.106637
0.10484
0.220111
-0.0426932
0.078933
-0.920648
0.286449
0.750091
-0.446274
-0.499169
-0.322671
-0.755177
-0.235248
-0.297568
0.598752
-0.61399
0.133976
0.229036
0.728205
-0.0298027
-0.78498
0.0983801
0.923316
-0.205803
0.274465
-0.731375
0.837298
-0.346675
-0.0335622
-0.663851
0.0416797
-0.798056
-0.555653
-0.798878
0.214559
-0.9499
0.00258436
0.0920013
-0.313184
0.110262
0.372861
-0.138126
-0.151202
0.135563
0.0111255
0.374052
-0.049487
0.418945
0.756107
-0.0788334
-0.747176
-0.479708
0.84487
0.153138
0.527191
0.0410742
0.460019
-0.880422
0.800306
0.334143
0.581252
0.725326
0.076252
0.22682
0.475537
0.855139
-0.000596778
-0.152424
0.842986
0.308607
0.320605
-0.802037
0.785251
-0.314403
0.0999622
0.310146
-0.369239
-0.827229
0.135836
-0.557599
-0.0922742
0.779951
0.00429424
0.830554
-0.139107
0.257616
0.419415
0.574062
0.319808
-0.181266
-0.961217
0.0644608
0.895014
-0.0180861
0.275702
-0.78113
-0.476791
-0.156322
0.638129
-0.0783044
-0.490386
0.693285
-0.658797
-0.392655
-0.426776
-0.661788
0.0163769
-0.436625
0.265507
0.308585
0.722606
-0.339853
-0.0460821
-0.601505
0.263293
-0.439344
-0.0194457
-0.414143
-0.722727
-0.105733
0.445585
-0.8913
0.791758
0.300629
-0.773487
-0.373224
0.562014
-0.723433
-0.46712
0.783098
0.0393638
-0.550495
0.200132
-0.650444
0.904991
-0.392113
0.502043
0.137942
-0.903428
0.174157
-0.472151
-0.746398
-0.195631
0.579235
0.628559
-0.0303912
0.389615
-0.808235
-0.494892
-0.618882
-0.913495
-0.391055
-0.297674
0.295882
-0.0285616
0.899266
0.616591
0.216385
-0.490589
-0.0135103
0.404565
0.766473
-0.723407
0.438559
-0.0424249
-0.441324
0.340506
-0.910736
-0.41881
-0.685797
0.0543788
-0.696087
-0.214331
-0.274511
0.138846
0.564347
0.0188726
0.525804
-0.539542
0.157416
-0.447933
-0.0756888
-0.143578
0.765057
0.31616
0.44007
-0.263242
-0.545212
0.114212
-0.156193
-0.783616
-0.435068
-0.664106
-0.690302
-0.306334
-0.129599
-0.203821
-0.713028
0.80414
0.0228668
0.472592
0.851126
0.180653
-0.780902
0.910501
0.108655
-0.945758
-0.125778
-0.420445
-0.597725
-0.231584
0.713314
0.656942
-0.169479
-0.136942
0.427314
0.660858
0.438618
0.360575
-0.539671
0.333256
0.242328
-0.48305
-0.637833
0.000598952
-0.194652
-0.112496
0.640766
-0.939627
-0.150022
-0.39235
0.574383
-0.212216
-0.381571
-0.305355
0.92567
0.254215
-0.465305
0.406146
0.888903
0.0144537
-0.351484
0.687306
-0.222474
-0.588901
0.503992
-0.429063
-0.732509
0.0853181
0.971635
0.76287
0.353617
-0.749682
-0.507146
-0.0111386
-0.257628
0.403885
-0.626079
-0.582847
-0.479717
0.381523
-0.426346
0.778844
-0.384833
-0.179769
0.729771
0.355849
0.913233
-0.392949
-0.696985
0.263207
0.520251
-0.267011
-0.225423
-0.955194
-0.11888
-0.0321127
-0.415749
0.112734
-0.672881
-0.193132
0.233109
0.170656
-0.560365
-0.131473
-0.129738
-0.475938
0.797057
-0.0519932
0.350151
0.726092
0.273041
0.117629
-0.336157
0.38899
0.224414
-0.581311
0.55506
0.149878
0.0941846
0.331602
0.796439
-0.876348
-0.464532
0.350479
-0.35518
-0.0640151
0.71823
0.611631
-0.0839209
0.86073
0.237777
-0.919531
-0.190365
0.339753
0.316238
0.282427
0.346433
0.483353
-0.636095
0.570138
0.0530871
0.204321
-0.11657
-0.443946
-0.303095
-0.838672
-0.124226
0.76032
-0.29119
0.344277
-0.278202
-0.617149
-0.473479
-0.611643
-0.553553
-0.295947
0.768557
-0.327444
0.0169196
-0.628563
-0.648314
0.326093
0.8881
0.285823
0.0928227
-0.312095
-0.497301
-0.12905
0.907274
0.280447
0.392209
-0.280309
-0.76877
0.548701
-0.189305
0.727506
-0.0183321
0.166847
-0.204985
-0.742357
-0.613791
-0.261477
0.570105
0.724996
-0.129042
0.147374
-0.570978
0.775963
0.184572
0.867328
0.441435
0.58865
-0.154624
0.828838
-0.378682
0.287529
0.47897
0.525073
0.849725
0.521966
-0.31942
-0.474044
-0.659905
0.0385876
0.279614
0.228569
-0.384172
-0.36765
-0.119008
0.752261
-0.344989
-0.455605
0.709515
-0.0123972
0.724556
0.668924
-0.0070756
-0.0774089
0.468339
-0.805213
0.546349
-0.369372
0.410641
0.819879
-0.368023
-0.104355
-0.805102
0.273441
-0.304642
0.850991
-0.409444
0.820084
-0.0152754
-0.189845
-0.740073
0.695622
0.444976
-0.00940381
0.260612
0.0154837
-0.956335
-0.778157
0.310505
-0.0505778
0.628709
0.073685
0.715156
-0.675855
0.433537
-0.450782
-0.390174
-0.510349
0.201482
0.169483
-0.634603
-0.380803
-0.545575
0.245999
-0.734137
0.449345
0.251775
-0.626465
-0.0428137
0.466138
0.0904875
-0.15233
-0.689919
0.790093
-0.188725
-0.480907
-0.73722
0.686942
-0.150483
0.167122
0.164659
-0.668449
-0.0413283
0.230053
0.158779
0.446548
-0.670389
-0.574803
0.580916
-0.357106
-0.811388
-0.198488
-0.821172
-0.979951
0.162767
-0.731969
-0.376891
-0.52196
0.704083
0.273788
0.276483
0.33504
-0.41818
-0.119229
-0.169571
-0.0455209
0.973616
0.42527
0.0879237
-0.465014
0.432984
0.511864
0.855478
0.0445501
0.374137
0.00782947
-0.916129
0.599238
0.511354
0.189739
-0.93667
0.408357
0.117815
-0.714563
0.230156
0.0998812
-0.833843
0.827453
0.501607
0.0604374
0.242684
0.52899
-0.211289
0.0526306
-0.386574
0.956615
0.0162994
0.490318
0.332634
0.235002
0.261444
0.314389
0.450502
-0.253434
-0.265143
0.937155
-0.0526328
0.851551
0.475668
-0.447834
-0.349773
0.0863821
0.943548
0.500621
0.535627
0.00035047
0.796674
-0.120403
-0.974737
-0.123316
-0.897037
-0.840585
-0.244928
0.780555
0.547022
-0.343695
-0.886629
-0.117145
-0.25721
-0.1408
-0.17177
-0.381468
-0.022804
-0.36401
-0.260059
-0.0409648
-0.0528138
0.695217
0.498903
-0.516208
0.140299
0.412141
0.571821
-0.0464152
-0.370423
0.662322
0.427245
0.766819
0.487356
0.338415
0.0460623
-0.708384
0.696155
0.253642
0.849986
-0.361229
0.0437137
0.729329
-0.175895
-0.932304
0.241648
0.810362
-0.551845
0.401831
0.56145
0.605164
-0.310252
0.486146
-0.168583
0.317229
-0.451937
-0.14007
0.938685
-0.0026883
0.293879
-0.0569402
0.319137
-0.14499
0.19392
0.121418
0.8876
-0.944564
0.21708
-0.947479
-0.278955
-0.255362
-0.322534
0.516455
0.20576
0.0933597
-0.915564
-0.261599
-0.465873
0.413125
-0.131259
0.565813
0.233475
-0.633827
0.627469
-0.265342
0.798726
-0.876915
-0.476162
0.834355
-0.181079
-0.419545
0.730851
-0.708964
0.653168
0.764183
-0.535126
0.240493
-0.464664
-0.688878
-0.128395
0.859245
0.308163
-0.0869138
-0.117166
0.148448
-0.0730699
0.855998
0.0111723
-0.0980861
-0.528668
-0.302828
0.66452
-0.316226
-0.0162405
-0.557847
0.0745433
0.331414
-0.11426
-0.614784
0.357999
0.769501
-0.167522
0.0964695
0.142616
-0.606995
0.582275
-0.50837
0.35029
0.532235
0.659304
-0.331316
0.374719
-0.309647
-0.611278
0.685986
0.357981
-0.473731
-0.411844
0.65326
-0.239916
0.951864
0.0616177
0.278142
0.44356
0.330796
0.0906158
0.8476
-0.0133158
0.347944
0.89226
-0.951093
-0.299696
-0.578224
0.328324
0.41894
-0.841793
0.151435
0.96284
-0.633435
-0.744868
0.368391
0.366776
0.21787
0.577423
0.049545
-0.670461
-0.633301
-0.240091
0.210271
-0.907618
-0.0496567
0.426075
0.117338
0.468477
-0.165502
0.583826
-0.784805
0.500808
-0.509997
-0.709628
0.0329511
-0.103997
0.0824381
-0.168121
0.418727
0.580233
-0.114514
0.473292
-0.340799
0.110317
-0.609674
-0.502407
-0.556747
0.52149
0.80578
0.55302
-0.176396
0.719061
-0.569483
-0.809397
-0.575135
-0.128211
0.639515
0.507945
-0.0774278
-0.0362087
0.687212
0.353128
-0.543074
0.3019
0.00567523
0.960006
0.722913
-0.502478
0.474531
0.10802
-0.238076
0.431359
-0.121178
-0.00885889
-0.160004
-0.186855
-0.103015
-0.0594624
0.26706
0.899434
0.529607
0.252762
-0.0292072
-0.271681
-0.748561
0.211039
-0.672943
-0.686699
-0.749719
0.306585
0.731488
0.276686
-0.291372
0.496854
-0.0741073
0.808596
0.495294
-0.144971
0.451555
-0.751541
0.028227
-0.361088
0.437074
-0.424339
-0.0919396
0.493559
-0.240609
-0.793958
0.0389711
0.885393
-0.0684359
0.289469
0.609068
-0.622046
0.127346
0.157631
0.577083
-0.6651
0.439433
0.796692
0.499845
-0.783448
0.405494
0.188757
-0.346388
0.666621
0.331721
-0.89983
-0.360377
-0.744799
-0.693933
0.466227
-0.485571
-0.613364
0.200875
-0.0947809
0.58637
-0.291878
0.0200276
0.653604
0.534995
0.397701
-0.30201
0.735098
-0.00411689
0.266521
-0.17786
-0.0516635
-0.705268
0.618282
0.765706
-0.584509
0.319607
-0.020435
-0.286956
0.307125
-0.207508
-0.0661964
-0.264084
-0.092213
0.75645
-0.268934
0.603917
-0.215288
0.170077
-0.731756
0.420577
0.239502
-0.600384
0.0527268
-0.00608203
0.477879
0.420583
-0.651778
0.374224
-0.156929
-0.65015
0.526218
0.64214
0.383407
0.861285
0.246611
-0.316643
0.131198
0.288126
0.165598
-0.157414
0.719479
0.583994
-0.29097
0.416541
0.0361306
-0.167328
-0.641935
-0.807533
0.347115
0.0665934
0.814754
-0.105724
-0.23376
0.138239
0.892367
-0.19837
-0.0432998
-0.8121
-0.46369
-0.226515
0.155184
-0.181621
-0.168016
-0.0603833
-0.0837579
-0.127058
0.555868
-0.0195585
0.752364
0.00480984
0.600759
0.587758
0.768049
-0.0879088
-0.870998
0.129751
0.458692
0.39785
0.389338
-0.150373
0.92341
-0.320121
-0.268602
0.1396
-0.030595
-0.410439
0.678178
0.123978
-0.429115
-0.433923
-0.490843
0.322254
0.288888
-0.696917
-0.115504
-0.557495
0.519517
-0.948632
-0.220026
0.710869
-0.517989
0.806876
0.315075
0.43058
0.781653
0.780292
-0.210646
-0.89212
-0.198887
0.581442
-0.0525566
0.0856794
0.898733
-0.402527
-0.298137
-0.113571
-0.726386
0.379537
0.508703
-0.758957
0.256997
0.598684
0.0808172
0.172674
-0.30508
-0.172637
-0.79996
-0.20718
0.912401
0.169398
0.437871
-0.518688
0.215866
0.520946
0.785305
-0.585265
-0.0195867
0.228732
-0.0546518
-0.492523
-0.199143
0.415009
0.741781
0.527086
-0.702044
-0.721631
0.542601
-0.0818647
-0.941915
0.0656451
-0.957956
0.69383
0.191272
-0.776809
0.326603
0.158027
0.215619
0.877349
-0.29184
-0.281673
0.342023
0.533295
-0.239664
0.566267
-0.420398
0.293876
0.0323968
-0.463066
-0.332382
-0.2149
-0.728215
0.703719
0.345385
0.655489
-0.63928
-0.39095
-0.917511
0.862679
0.0584718
-0.211574
0.0942924
-0.312007
-0.863978
-0.436174
-0.494603
0.306801
-0.470526
-0.120929
0.956219
0.481212
0.690774
0.797218
0.193219
-0.754744
0.197897
-0.129554
0.336506
-0.332695
0.130359
-0.619954
0.203654
-0.0707721
-0.351002
0.830783
-0.342714
0.4236
0.708562
0.335847
0.278403
-0.482057
0.642048
0.274046
-0.948266
-0.0353595
-0.177877
0.785456
-0.385411
-0.663814
-0.403979
0.0460264
-0.44393
0.811176
0.514222
0.520748
-0.303898
-0.689309
-0.044458
-0.448437
-0.074607
0.518537
-0.508043
-0.0924371
0.207625
0.0541603
-0.341144
0.919682
-0.0391503
0.494236
0.614113
0.118723
-0.765007
0.962702
-0.0151337
0.411583
0.27106
0.920104
-0.0284494
0.714145
0.58341
-0.396532
-0.145363
0.0654673
-0.747848
0.176857
0.635558
0.73559
-0.229552
0.308801
-0.472498
0.254361
0.948015
-0.963755
0.132
-0.458715
0.243511
-0.108065
0.604438
-0.201158
0.787283
-0.267193
-0.821853
-0.258807
-0.378928
-0.257441
-0.422105
-0.0265429
-0.689862
0.314572
0.0666137
0.696525
0.254887
-0.633815
0.627195
-0.0492999
-0.451574
-0.141436
0.912236
0.00798984
0.727274
0.621124
0.576305
-0.71774
-0.219529
-0.0556074
0.912961
-0.108238
-0.147639
0.874913
0.159578
-0.104207
0.365126
-0.489857
-0.744281
0.0515742
-0.994634
-0.294083
-0.386419
-0.649103
0.28726
0.203235
-0.252252
-0.73284
-0.00177886
-0.428964
0.558111
0.94453
0.327236
-0.614496
0.676883
0.647563
0.759942
-0.347766
-0.300944
-0.078862
-0.0941148
0.926289
0.263078
0.443621
-0.26062
0.0205616
-0.746214
-0.047158
-0.77777
0.757519
0.436299
-0.428925
-0.211952
0.200271
0.740416
-0.475669
-0.333851
0.0835988
-0.470147
0.503865
0.128375
0.825454
0.560831
0.511794
-0.0860732
-0.757273
0.13776
0.718973
0.604366
-0.145443
0.524196
0.285609
-0.782052
-0.735356
0.0321547
0.0236976
-0.254227
0.0227265
-0.636467
0.440173
-0.640031
-0.381074
0.441204
-0.0142849
0.312294
-0.0907082
0.884428
0.0643841
-0.649045
0.809532
0.0109061
-0.055445
-0.747161
0.65243
0.524396
-0.320733
0.0943987
0.878017
0.0457742
-0.0566803
-0.997698
-0.311081
0.240598
0.668395
0.653113
0.596247
-0.465989
0.36993
-0.608599
0.296148
0.714516
-0.0736964
0.495274
-0.0721782
0.955934
0.835901
-0.0870813
-0.69568
0.0106176
0.725133
0.293204
-0.231243
-0.277338
-0.233272
-0.771794
-0.375494
-0.252715
-0.458546
0.227423
-0.219251
0.204748
0.756523
-0.564334
0.0271543
-0.0647429
-0.152905
0.8444
-0.960615
-0.202131
0.141992
-0.575986
-0.459752
-0.870498
0.362989
-0.21021
-0.0416807
-0.278822
0.624517
0.342942
-0.918928
-0.00555519
-0.153794
0.325764
-0.439641
0.342909
-0.602238
-0.354182
-0.906924
0.35328
0.11979
-0.707212
0.0858928
0.662466
-0.480044
-0.666913
-0.294486
0.046117
-0.505252
0.517531
0.406808
-0.802693
0.159258
0.531984
0.122729
0.538053
-0.765325
-0.479472
0.92335
0.0981075
-0.708714
-0.657209
0.340113
-0.164192
-0.146406
0.264996
-0.132264
-0.734721
-0.166958
0.44175
-0.411217
0.12808
-0.354325
0.21859
0.361396
0.0857243
0.227991
-0.034238
0.00363397
0.50922
0.0276193
-0.426086
0.845452
0.0202617
-0.898738
-0.0777723
-0.553214
0.123333
-0.359917
0.7641
-0.516083
-0.206762
-0.227023
-0.0756625
-0.153435
0.978161
-0.101494
0.864
0.816052
-0.572432
-0.129146
0.163679
0.525214
0.696293
0.822055
-0.0959362
-0.650959
-0.360687
-0.875371
-0.138315
0.429055
-0.68749
-0.210697
0.541071
-0.32803
0.418248
-0.151408
-0.202772
-0.341087
0.849452
-0.80703
-0.0225658
0.394122
0.368477
-0.0805424
-0.80593
-0.784919
-0.328874
-0.0409267
-0.0406125
0.401756
-0.440402
-0.0339134
-0.698156
-0.855936
-0.45597
0.700426
0.52472
0.755639
-0.363646
0.607345
-0.189047
-0.440256
-0.0213889
-0.0778681
0.974089
0.198501
0.407476
-0.147276
0.278437
-0.601156
0.791969
0.57926
0.112675
-0.10015
-0.184274
-0.302427
-0.724693
-0.198298
0.568561
0.853152
-0.182354
0.227644
-0.852681
0.418282
0.269694
0.0339714
-0.575742
0.282798
-0.952053
-0.679929
-0.272205
-0.250678
-0.564613
0.680288
-0.260623
-0.222082
0.175332
0.127385
0.503296
-0.775501
-0.529723
-0.0943363
-0.390678
0.356654
-0.800174
0.0793353
0.978538
0.401224
0.106022
0.511256
0.0909263
0.117105
0.307228
0.391224
-0.471839
0.492018
-0.575711
-0.301387
-0.88428
0.460837
-0.284151
0.599576
0.349958
-0.383924
-0.261301
0.57886
-0.0466445
0.492059
0.4536
-0.614233
-0.0713146
-0.0458509
0.175968
-0.139181
0.358282
-0.0610254
-0.706439
0.78277
0.155363
0.0596743
0.942259
0.796459
0.53951
0.139987
0.795874
0.923531
-0.119863
-0.585414
-0.0123264
-0.547461
-0.407443
0.179037
-0.819134
-0.731093
-0.251212
0.0383222
0.586308
-0.138996
-0.350423
0.472702
0.762162
0.840219
-0.265652
0.312126
-0.12602
-0.463432
-0.812694
0.777307
0.519211
0.28422
0.809793
-0.0244946
0.81502
0.901635
-0.236255
-0.631182
0.561969
-0.336341
-0.169172
0.0432366
0.0401361
0.647555
-0.396239
-0.532088
-0.588655
-0.249117
-0.895376
-0.187616
0.895903
-0.42799
0.468348
-0.717465
-0.290682
-0.224868
0.335316
0.112175
-0.287536
-0.787461
-0.442921
0.160101
-0.266478
0.0415762
-0.0630791
0.265916
0.197764
-0.0659888
0.00735424
-0.450275
-0.657655
0.387085
-0.914485
-0.237573
-0.285832
0.818327
0.366706
0.192037
0.110965
0.221074
-0.637141
-0.208005
0.28812
0.00643225
-0.764846
0.233766
-0.69748
0.393917
-0.156145
0.146409
-0.0386958
-0.210485
-0.721419
-0.566277
0.00438093
0.531654
-0.83158
-0.709946
-0.278412
0.312113
0.790008
0.0655483
-0.412493
-0.320361
0.46647
-0.324317
-0.164948
-0.420005
0.600083
-0.823443
0.059924
-0.693859
-0.0735512
0.377358
0.0121322
0.6132
0.419618
0.743272
-0.277817
0.0204059
0.217573
-0.291124
0.7226
-0.734732
-0.517199
-0.48255
-0.153294
0.311043
-0.542644
0.525972
-0.800656
-0.514921
0.020886
-0.627145
-0.410691
-0.563985
-0.422621
0.0297182
0.629377
-0.430392
0.173946
0.194832
0.455142
0.220825
-0.243765
0.35346
0.729473
0.116417
0.346548
-0.196035
0.518276
-0.96246
-0.15263
-0.576822
-0.708149
-0.341825
-0.622021
-0.584481
0.25562
-0.832442
0.333382
-0.658151
-0.237799
-0.373523
-0.18781
-0.0880671
-0.474667
-0.642262
-0.536952
0.257839
-0.345322
0.209729
-0.682785
-0.909469
-0.18885
0.427569
0.207187
0.340029
0.324541
-0.277012
0.147498
-0.660377
-0.214229
-0.238863
0.959297
0.774624
0.574678
0.0389442
0.342029
0.156725
0.252297
-0.0662617
-0.473027
0.478727
0.58975
-0.511399
-0.253754
-0.217227
0.606001
0.608001
0.539177
-0.514462
0.0872788
0.441033
-0.199535
0.807536
0.31104
0.825502
0.205922
-0.10585
-0.441852
-0.081148
0.252207
0.451742
-0.0636375
-0.374677
-0.386642
0.592564
0.465922
0.507709
-0.00517531
-0.761873
-0.439873
-0.525632
0.801537
-0.188179
0.903941
-0.369863
-0.110651
0.724744
-0.164086
0.54812
0.602294
0.632399
0.76014
0.660449
0.510033
0.290777
0.934914
-0.212551
-0.48926
0.715387
-0.138517
-0.729345
0.263026
-0.497534
-0.832059
0.153913
0.546929
0.11198
-0.332925
-0.0974417
0.150967
-0.741364
0.195461
-0.224314
-0.446532
-0.704205
0.225003
-0.888949
0.0165301
0.0634248
-0.731755
0.318457
0.46066
-0.340541
0.511547
-0.460545
0.389192
0.460282
0.00350408
-0.506731
-0.278115
0.738661
0.602291
-0.062573
0.279968
-0.188022
-0.0256285
-0.19494
-0.72623
-0.431759
0.352488
-0.119056
-0.218536
-0.431635
-0.191759
-0.468223
0.0385898
0.52922
0.166448
0.906444
0.149434
-0.560928
0.161324
-0.316921
0.767061
0.328239
0.565476
0.347046
-0.0975178
0.469704
-0.0147668
-0.647441
0.431807
-0.345223
-0.543533
0.0789892
-0.469555
-0.144617
-0.714184
-0.386809
-0.490056
0.410938
0.00144808
-0.544981
0.0844685
0.554024
0.31401
0.0338705
-0.861768
0.649773
-0.352656
-0.209678
0.120664
-0.299759
-0.553526
0.501785
0.283018
0.0136125
0.607938
0.720829
0.558289
-0.202846
0.688162
-0.287004
0.229383
-0.226898
-0.883492
-0.127356
0.179835
0.863225
0.0219453
-0.551157
0.495502
-0.359025
0.0367051
0.572325
0.674698
0.108791
0.276706
0.72503
0.68654
-0.580594
0.444134
-0.0780282
-0.959188
0.464754
-0.000864304
0.716748
-0.527735
0.0563863
0.681422
-0.586288
-0.240751
0.133728
0.926112
-0.398342
-0.115525
-0.643259
0.716768
-0.39819
0.486275
-0.727026
0.242936
-0.169048
0.850934
-0.819873
-0.0468394
0.74342
0.211697
0.972074
0.164158
-0.280713
0.613888
-0.0353733
-0.410366
0.142681
-0.355001
-0.572352
-0.678145
0.53709
-0.638245
-0.327086
-0.363699
