0
0
0.426973
-0.256855
-0.0623388
-0.402095
-0.0541084
-0.684612
0.041618
0.923812
0.632158
0.0843309
-0.615459
-0.962012
-0.379874
0.781478
-0.18509
-0.320439
0.292361
0.123578
-0.726751
-0.725008
-0.195936
0.245175
0.327016
0.0960461
-0.176433
0.542193
0.218662
-0.884574
-0.377449
0.381719
0.634988
-0.564227
0.426291
-0.28352
0.538008
0.243865
0.085701
0.105135
-0.225979
0.0803897
0.752699
0.858366
-0.359402
0.635681
0.46868
0.0434904
-0.68055
0.67222
-0.142078
-0.816876
0.421621
0.15225
-0.253936
-0.0536962
0.647577
-0.21201
0.289189
0.0977766
0.522345
-0.940345
-0.733493
-0.536779
-0.914429
-0.292734
-0.955214
0.439878
0.990591
0.693052
0.652398
-0.094607
-0.100068
-0.421482
-0.917213
0.946665
0.145518
-0.982452
-0.500958
-0.381585
-0.296554
0.387942
-0.472626
0.972227
0.0389939
-0.926864
-0.689532
-0.974576
0.994005
-0.0370094
-0.201365
-0.00941769
-0.401512
-0.11114
0.675082
0.00776534
-0.401924
0.812772
0.680189
0.994764
-0.44955
0.696946
0.831558
-0.953454
0.484118
0.340761
-0.47005
-0.0175023
-0.965569
0.815209
0.948006
0.660515
-0.340677
0.46112
0.994069
-0.978519
0.341332
-0.772042
-0.245224
0.754884
0.33803
0.196028
-0.338295
0.166343
0.791313
0.888287
0.46503
-0.923466
-0.0763673
0.603923
0.500896
-0.216838
-0.448694
0.0280218
-0.908276
-0.573574
-0.364677
-0.751636
-0.751953
-0.331197
-0.304578
-0.6201
0.938278
-0.599791
-0.0657582
-0.330248
0.37178
0.531686
0.582009
0.767972
0.844461
0.149504
-0.87913
0.371632
0.793354
0.935609
0.686685
0.511611
-0.333854
-0.22978
0.803313
0.555348
-0.702725
0.694137
0.557606
0.201407
-0.199115
-0.915405
-0.101915
-0.510597
0.472648
-0.292647
-0.590693
0.305064
0.0355514
-0.847914
0.0724
-0.0807892
-0.404768
-0.626344
0.513491
0.910669
0.967383
-0.562763
-0.0684392
0.277767
0.126354
0.300886
0.312974
-0.496472
0.0811592
0.870348
-0.419387
-0.431002
0.599328
0.481973
-0.280343
-0.193552
0.137006
-0.21262
0.930991
0.764767
-0.00659477
-0.247168
0.79155
0.675292
0.746307
-0.0769973
0.74815
0.164534
0.952493
0.625517
0.0942759
0.326152
0.883908
0.835984
0.460146
0.882747
-0.404675
0.338903
-0.181904
0.0148373
0.708051
-0.680931
0.364481
-0.358029
-0.143547
-0.00137871
0.125076
0.651643
-0.793702
0.482243
-0.482031
0.799662
0.682304
-0.921506
0.19256
0.241774
-0.146144
0.653821
-0.929341
-0.925194
0.266901
-0.0487347
-0.596849
0.795151
0.479626
0.11042
0.570278
-0.263877
0.53012
-0.55091
0.341086
-0.608697
-0.0346756
-0.983502
-0.813206
0.667333
0.547263
0.578072
0.411402
0.840955
0.348976
-0.417493
0.84617
0.317309
-0.752417
0.344053
0.333992
0.868376
-0.601029
0.461289
-0.374353
0.607119
0.208324
-0.774815
-0.101745
-0.668739
-0.586216
-0.424456
-0.447335
-0.184973
0.18828
0.798343
0.623858
0.699501
0.00877361
-0.364882
-0.43516
0.766869
-0.938081
-0.360199
0.874177
-0.828991
0.642135
-0.159778
0.69923
-0.0129078
-0.444864
0.329091
0.533964
0.660513
-0.170026
-0.436856
0.0681227
-0.27215
-0.823754
0.824679
0.943664
0.766924
-0.718915
-0.246973
-0.53607
0.774486
-0.760564
0.118162
-0.546781
-0.055193
0.00828153
-0.841206
-0.320835
0.38525
0.394651
0.223213
0.699929
0.466932
0.684001
-0.0503663
-0.578935
0.714571
-0.786367
-0.328286
0.000840581
0.974057
0.684791
-0.201165
0.79533
0.29104
0.512974
-0.404796
-0.733429
0.217789
-0.104849
-0.930678
0.469763
0.482669
-0.0875571
0.831209
0.768817
0.908664
-0.0919545
0.639524
-0.936623
-0.377902
0.186574
0.0625679
0.472817
0.101321
-0.998447
0.74313
-0.049942
-0.705249
0.0373365
0.0470458
-0.708434
-0.706291
0.241784
-0.110241
0.602704
0.232145
0.403362
0.849782
0.789196
-0.326451
0.392226
0.456284
-0.00129452
-0.114814
-0.628051
-0.309823
0.0687951
-0.996921
0.733724
-0.215828
0.821134
-0.736216
-0.0236422
-0.156229
0.235296
-0.259293
0.971348
-0.421404
-0.31471
0.688602
-0.590126
-0.727717
-0.807664
0.071752
-0.630223
-0.0857792
0.670567
-0.787949
0.287705
0.959033
-0.128383
-0.18798
-0.594109
-0.348064
0.56466
-0.871947
0.579749
-0.756861
-0.400203
0.243499
0.502577
-0.99857
0.467695
0.933595
-0.552497
0.559698
0.214491
0.488223
0.802299
0.471429
-0.184213
-0.53078
-0.238845
0.116073
0.234214
-0.223492
-0.169687
-0.743364
-0.732474
-0.424721
0.779139
-0.92411
-0.0476139
0.743759
0.360611
0.462828
0.922359
-0.318954
0.409471
-0.594116
0.116386
-0.478857
-0.680101
0.187812
0.935585
0.475918
-0.368508
-0.827846
-0.342155
0.713735
0.414014
-0.627205
0.88409
0.423512
-0.361546
0.932403
-0.359578
-0.812757
0.0353027
0.75969
-0.410641
0.767293
0.753757
0.417646
0.502721
-0.369591
0.481086
0.759563
-0.523978
-0.183802
0.33315
0.0884081
-0.928434
0.533328
0.0909017
-0.536741
-0.346764
-0.889478
-0.992729
0.99867
-0.621038
0.273846
-0.584299
-0.436487
0.253924
-0.398153
-0.801579
-0.82378
-0.277512
-0.198078
0.345169
-0.129425
-0.31814
0.665069
-0.587861
0.589234
0.0387807
0.417586
0.485215
-0.765643
-0.442675
0.849459
0.0744035
0.0459426
0.297404
0.919688
0.449538
-0.233717
-0.161704
-0.226227
0.425956
-0.38193
-0.367995
0.96845
-0.619783
-0.575917
-0.235006
0.398627
0.89056
-0.988318
-0.889979
0.94071
-0.269938
0.195803
-0.383373
-0.420509
-0.896445
-0.849962
0.698646
-0.927713
-0.302804
0.266596
-0.668546
-0.583059
-0.0560778
0.385005
0.489529
-0.819188
-0.6077
0.0167681
0.27262
-0.80121
0.98447
0.190394
0.387434
0.195372
0.190125
-0.6067
0.843723
-0.791754
-0.439111
0.675773
0.442449
-0.0090799
-0.571467
-0.512983
0.254137
-0.691374
-0.674657
0.902631
0.30301
0.178597
0.795988
-0.823729
-0.844881
-0.91552
-0.420651
0.849804
0.0221659
-0.545437
-0.436385
-0.96763
0.940382
-0.339111
-0.354211
-0.373117
-0.591199
0.198582
-0.801968
0.245079
0.319668
0.464847
-0.356388
-0.43674
-0.714984
0.762586
0.0925284
0.958949
0.0532215
0.0500029
-0.851925
-0.761996
0.958814
0.238367
0.424384
0.361746
-0.965971
0.657712
0.286773
-0.875319
0.968788
0.00356383
0.947278
-0.740312
0.721778
0.245886
0.685753
-0.632578
-0.284943
-0.444816
-0.357277
-0.341993
0.863812
-0.279122
0.0246623
-0.815418
0.413974
-0.912859
-0.271022
0.541684
-0.774849
0.82244
0.446454
-0.605705
-0.53856
0.669405
0.359983
-0.576267
0.975969
-0.845863
-0.061266
0.590967
-0.438531
-0.551234
0.669389
0.514774
0.333275
0.810645
0.579463
0.924671
0.291086
-0.0359834
0.501357
0.551018
-0.464088
-0.265229
0.769859
-0.391953
0.0443693
-0.99813
0.79492
-0.209588
-0.064573
0.806329
-0.0405604
0.305828
-0.271537
0.29767
-0.960495
-0.23598
-0.96999
-0.223789
0.588345
-0.502189
0.516555
-0.300831
-0.369791
-0.0567107
-0.172235
0.295826
0.352156
0.632311
-0.172273
0.473401
0.0867103
0.47629
-0.907369
-0.149807
-0.595555
-0.288984
-0.228224
0.208196
0.438487
0.983671
-0.650076
-0.478263
0.77406
0.809004
-0.880765
-0.949836
-0.2522
-0.757844
-0.690559
0.63869
0.104426
-0.604322
0.439209
-0.978879
0.280041
0.514932
-0.979376
0.0255301
0.285705
0.932174
0.438338
0.890907
-0.766171
-0.9715
-0.6567
-0.417326
0.542363
0.260033
0.778534
-0.536352
-0.517158
-0.371026
-0.576222
-0.906803
0.171775
-0.251902
-0.09702
-0.959329
-0.596674
0.699614
0.906838
0.322773
-0.551741
-0.0329519
0.745283
0.968777
-0.218366
-0.473424
-0.759483
-0.362247
0.213891
0.752753
-0.869741
-0.331024
-0.108105
-0.857682
-0.997083
0.0686686
-0.332474
-0.567032
0.308695
-0.0746212
-0.235837
0.368564
-0.379604
-0.440734
-0.803854
0.565985
0.686456
-0.76194
-0.492053
0.783631
0.959447
-0.571244
0.651973
0.946918
0.424855
-0.304151
-0.0582301
0.446574
0.831432
-0.426693
0.985113
-0.376431
0.931672
-0.758941
0.71592
0.799692
0.0789257
0.886094
0.788229
0.0940251
0.878104
0.376303
-0.957184
-0.00035371
0.946545
-0.599611
-0.525538
0.410781
-0.0172806
-0.837089
-0.653838
0.426973
0.72774
0.20811
-0.815002
0.973272
0.98707
-0.914627
-0.202516
-0.682171
-0.780284
-0.481968
-0.163655
0.757016
0.020992
-0.671504
0.508243
-0.610136
0.863277
0.0558931
-0.282011
0.419734
-0.845365
0.516089
-0.432258
0.540418
0.44018
-0.65708
0.601901
-0.291923
-0.564235
-0.0726752
0.244216
-0.806599
0.967932
-0.543218
-0.50573
0.842537
0.468266
0.585433
0.87621
-0.12088
-0.801412
0.0814606
0.718041
-0.732146
0.795278
-0.415682
-0.203493
-0.0219882
-0.92706
0.200721
0.262703
0.958373
-0.80382
-0.231302
0.781237
-0.893804
-0.226085
-0.37998
0.647413
-0.592619
-0.288273
0.978592
-0.470173
0.73095
0.304139
0.695471
0.747481
-0.928436
0.823769
-0.30969
0.507079
0.217348
-0.521958
-0.138951
0.800471
0.301797
-0.0586114
0.274407
-0.971171
0.0759656
-0.78951
0.374508
0.789333
0.837806
-0.751227
0.310834
0.410431
-0.276102
0.287828
0.093022
0.284304
0.149946
-0.668541
-0.310263
-0.80606
-0.460073
-0.967771
-0.0766356
0.715104
-0.706944
0.361846
-0.18689
0.399422
-0.521402
0.691781
0.711029
-0.880943
0.260135
0.123012
-0.440745
0.289299
0.458186
-0.321912
0.669811
0.33969
0.0827744
0.209899
0.131493
0.12366
0.474227
-0.276217
-0.813931
0.237318
-0.214918
-0.0569931
0.569605
-0.212824
0.954424
-0.871038
-0.67777
-0.0815644
0.444267
0.952768
0.0064894
0.126834
-0.00558181
-0.353762
0.0523185
0.361385
-0.403974
0.62083
-0.301253
0.903428
-0.749267
0.508582
0.521061
-0.86948
0.763738
0.335327
-0.707908
-0.355709
-0.554946
-0.11955
0.28684
-0.271733
-0.131222
0.434913
-0.395628
-0.967793
0.0224438
0.237351
-0.69408
-0.836896
-0.618569
0.0455875
0.244785
-0.221744
0.330227
0.622551
-0.460103
-0.246856
-0.603641
-0.831711
-0.834495
-0.36126
0.920588
0.0335397
-0.569596
0.292494
0.537561
-0.0127062
-0.073638
-0.275302
0.737249
0.746318
-0.574242
0.352245
-0.515238
-0.45885
0.150873
0.613752
-0.0848384
-0.258211
0.970766
0.841072
-0.914718
-0.436488
-0.628127
0.81986
0.63424
0.531368
-0.758101
0.91808
-0.843017
0.367406
0.852509
0.218912
0.500157
-0.265838
-0.80845
0.665552
-0.849852
-0.434987
-0.69626
0.370919
0.205283
-0.773593
0.428095
0.684025
0.000235088
0.527597
0.879863
0.141873
-0.571836
0.140519
-0.688994
-0.131978
-0.905961
-0.639068
-0.151161
0.0764778
0.946387
0.518989
-0.712365
-0.369531
0.857893
0.0299592
0.104642
0.5821
-0.728169
-0.351301
-0.117046
-0.875258
-0.0609231
0.370302
0.174314
-0.678242
-0.655679
0.53472
0.99939
-0.049924
0.213919
-0.371238
0.663755
0.663306
0.510409
-0.894059
-0.946233
-0.572893
0.413106
-0.618034
0.264155
0.297854
-0.238122
0.797325
0.344992
-0.739017
-0.00935912
0.260661
0.0750212
0.18061
-0.928728
-0.436421
-0.578947
0.417229
0.321569
-0.466281
0.529608
-0.167229
-0.913865
-0.768905
0.782273
0.167889
-0.29699
-0.833333
0.440222
0.628068
0.29093
-0.37504
-0.453292
-0.938793
-0.449576
0.249796
-0.637308
-0.850233
-0.685897
0.489291
-0.999432
-0.225679
-0.428694
-0.683497
-0.170697
0.819025
-0.0648989
-0.487267
-0.503357
-0.434738
-0.747691
0.971824
-0.274366
-0.569181
-0.625175
0.22462
-0.535405
0.85452
0.0152976
0.45796
0.810574
-0.364071
0.493491
0.652124
-0.778765
-0.322989
0.534593
0.0508842
0.722097
0.234127
0.0762667
0.247947
-0.974849
0.685664
-0.0638906
0.280225
-0.153693
-0.749193
-0.553992
-0.071446
0.736294
0.296227
-0.723068
0.291183
-0.569754
0.183957
0.358411
-0.628522
-0.84881
0.0345728
0.64377
-0.486976
-0.928262
0.461118
-0.737669
0.53668
-0.181139
-0.205641
0.661069
-0.269519
-0.265119
-0.724136
0.894517
0.75111
0.97958
0.643817
0.024047
-0.273963
-0.142758
-0.184424
0.470406
0.737
0.28043
0.823766
0.658189
-0.353456
0.0935213
0.236797
0.411804
0.467352
0.438015
0.967562
0.542969
0.0924983
0.0772684
-0.234948
-0.102217
0.860214
-0.714581
-0.326385
0.965147
-0.895985
-0.843035
0.700814
-0.220432
0.381469
-0.827741
0.583297
-0.922098
-0.986902
0.962134
-0.318199
-0.792097
0.664258
-0.758449
0.732857
-0.940939
-0.476217
-0.575486
0.650552
-0.168765
-0.568142
0.816243
-0.456038
0.580024
0.265471
0.747325
-0.127805
0.267123
0.879862
0.292406
0.469903
-0.308336
0.650741
-0.197931
-0.170339
-0.949434
0.362956
0.994203
0.765272
0.663066
-0.649718
0.0434267
-0.63629
-0.0925659
0.170703
0.603559
-0.332073
-0.832462
-0.680212
0.525875
-0.538217
0.285379
0.583605
-0.888933
-0.781386
-0.526436
0.871408
-0.944105
0.0116523
0.953911
-0.0632882
0.809686
0.501442
-0.789294
-0.871176
-0.917424
-0.877475
0.114282
0.62205
-0.166051
0.409351
-0.00166769
0.986428
-0.999921
0.134714
-0.561509
0.883866
0.433859
-0.0439489
-0.394348
0.0109317
-0.431916
0.942681
-0.126831
0.873298
0.963469
-0.923781
0.62564
-0.0131521
-0.0979698
0.834004
0.284543
-0.259274
-0.259637
0.0749272
0.57632
-0.681241
0.267163
-0.44837
-0.84691
0.628836
0.203498
-0.572563
-0.722461
0.653111
-0.499228
-0.82232
0.506254
0.98489
0.302175
-0.852458
-0.646671
-0.116731
-0.205317
0.0392626
0.491864
-0.526592
0.0672265
-0.739407
-0.556286
0.615833
-0.752053
0.249488
-0.367412
0.365462
0.318566
0.803043
-0.500135
0.677005
-0.782023
0.662099
-0.946068
0.837429
0.908745
-0.882477
0.411736
0.995749
-0.456837
-0.301255
-0.513891
-0.396921
0.802803
-0.378207
0.239866
0.593095
0.477157
-0.383918
0.839968
0.912535
-0.341025
0.681725
0.550468
0.699306
-0.377726
-0.953142
0.791016
0.209912
0.0128749
-0.700039
0.948409
-0.540009
0.136936
-0.685259
0.0224074
-0.0571259
0.671892
0.27844
-0.872521
0.910971
-0.695046
0.738635
-0.438662
0.597928
-0.59464
-0.668665
-0.413097
0.305093
0.728571
0.523499
-0.602413
0.306337
0.316998
-0.184862
-0.609236
-0.967846
-0.213834
0.138215
0.950902
-0.66477
-0.979858
0.844574
0.798929
-0.979857
0.0726188
-0.0996208
0.117989
0.799616
0.42294
0.860485
-0.0232203
-0.606192
0.348036
-0.687414
-0.222253
-0.547194
0.330902
0.986473
-0.819
-0.557053
-0.724132
0.922649
0.458942
0.650007
0.680708
-0.16028
-0.0565692
-0.583409
0.879015
-0.894289
-0.294002
0.0580113
0.0308918
-0.0115722
-0.97991
-0.00852327
-0.197033
-0.663429
-0.207327
-0.251666
0.656932
-0.446346
-0.226098
0.344226
-0.488143
0.880101
-0.0672951
-0.380626
0.806567
0.164118
-0.0103321
0.069341
0.263794
0.0526334
-0.0858658
-0.0441994
-0.0879143
-0.27358
-0.184605
0.700004
-0.714067
-0.520795
-0.178199
0.717172
0.149286
-0.45445
-0.641188
0.906533
-0.913914
0.87066
-0.0284343
-0.044171
0.364215
0.214666
0.939748
-0.0276057
-0.35834
0.999245
-0.330949
0.160017
-0.650569
-0.812937
-0.716461
0.624936
0.590995
-0.700505
-0.997663
-0.570386
0.692252
0.547866
-0.837231
0.274415
-0.380212
-0.332821
-0.849415
-0.0792784
-0.476862
0.683355
-0.605288
-0.156576
-0.207879
0.787632
-0.940004
-0.0292126
-0.269922
0.60188
0.0526937
0.980702
-0.385149
0.596986
-0.776228
-0.573444
-0.801572
0.177072
-0.32488
0.835991
-0.410909
-0.0472995
-0.315547
0.907903
-0.372235
0.545772
0.702931
0.223923
0.44157
-0.205285
0.594348
-0.0856213
0.362459
-0.030148
0.245266
0.215691
0.729055
-0.725362
0.233826
0.524369
0.198869
-0.310022
0.838528
-0.169538
0.900037
0.806252
-0.461628
-0.667737
0.601651
0.588248
0.46352
-0.638375
-0.160114
-0.344282
-0.0987843
0.795855
-0.981265
0.357948
0.149825
0.798467
0.509159
0.876249
-0.98536
-0.198948
0.547164
0.275271
0.59896
-0.247287
0.945613
-0.927765
0.718112
-0.515522
0.630018
-0.900127
-0.495387
0.315835
-0.167724
-0.512681
-0.0184442
0.286664
0.905589
0.338739
-0.224487
0.722949
-0.178405
0.689642
-0.0525119
-0.248281
0.634898
0.362185
-0.228611
-0.743334
0.782603
0.331778
0.589808
-0.103856
-0.149192
-0.324776
0.877896
-0.754165
0.881347
0.977555
0.55831
0.253632
0.963646
-0.183739
0.229748
0.269395
-0.815362
0.886093
-0.768252
-0.367429
0.0223618
0.957538
0.895907
0.0158741
0.00708033
0.922038
-0.00902831
-0.902949
-0.965985
-0.426748
-0.0285718
0.55406
0.334991
-0.961173
-0.536461
-0.210048
0.306709
0.704341
0.157109
0.546359
0.849648
-0.625284
-0.1269
-0.318141
-0.382747
0.550465
0.0906899
0.818784
0.620841
-0.265113
0.119027
-0.204946
-0.480409
-0.841322
0.303559
-0.874202
-0.475287
0.115844
0.69882
0.190202
-0.0167365
0.206996
-0.31504
-0.67586
0.250629
0.575807
-0.861443
0.414245
-0.938553
-0.591476
0.919374
-0.771894
0.77432
-0.0535539
-0.927736
-0.779614
-0.159653
-0.158541
0.595064
-0.0900639
0.908652
-0.169856
-0.0786212
0.115357
-0.121385
-0.400265
-0.826198
0.874471
0.660927
-0.884387
0.735053
-0.22966
0.575206
-0.0867309
-0.440095
-0.885926
-3.38536e-05
0.64386
0.23165
0.701956
-0.646255
0.983919
0.486844
0.929348
-0.364986
0.721494
-0.778487
-0.695616
0.631424
-0.180974
-0.434331
0.300146
-0.948275
0.457339
-0.942695
0.52573
0.606707
-0.0118256
0.615555
-0.0788229
-0.286016
-0.972186
-0.366995
0.0456481
0.0948766
0.954775
-0.51127
-0.764395
-0.35801
0.523766
-0.963617
-0.323819
0.588292
-0.243878
-0.219927
0.881424
-0.949864
-0.203734
-0.33865
0.986036
-0.326866
-0.79547
0.691994
-0.964714
-0.0709664
0.953448
-0.137889
-0.230995
0.244593
0.794238
-0.958753
0.024153
-0.962624
0.141163
-0.605415
-0.450259
0.630469
0.657315
-0.295192
0.902111
0.00183637
-0.557986
0.89438
0.599308
0.916651
0.0663342
0.929783
0.456861
-0.851303
0.451759
-0.244265
0.555688
0.181495
-0.813683
0.416965
0.0623064
-0.703156
0.477402
-0.61604
0.363663
0.51451
0.0273329
-0.926285
0.173992
0.911614
0.744569
0.123114
0.677719
-0.0656983
0.582245
-0.129469
-0.709207
0.879446
0.534564
-0.273871
-0.0140165
-0.821335
0.625611
-0.883702
0.446914
-0.767005
0.0882393
0.966306
-0.582699
-0.751103
0.888482
-0.0571428
0.960241
-0.0751796
0.0179982
0.15236
0.992776
-0.566578
-0.800052
-0.867189
0.679604
-0.981865
-0.897087
-0.102989
-0.665269
-0.166171
-0.735164
0.0814556
0.0844917
-0.278836
0.93836
-0.0770786
-0.516329
0.88172
-0.0569563
-0.48895
-0.944707
0.512466
0.158533
0.465606
-0.18479
0.204565
-0.582075
0.27756
-0.366201
-0.865996
0.929305
0.548903
0.291369
0.956755
-0.412249
0.337456
-0.71424
-0.439689
-0.616791
-0.910816
-0.487935
0.0833096
0.778397
0.657689
-2.07974e-05
0.743753
0.965963
-0.18298
-0.276525
-0.303554
-0.753018
-0.569622
0.265834
-0.000185978
0.238284
-0.164919
0.984654
0.279565
-0.327213
0.493798
0.645316
-0.711073
-0.23997
0.523378
0.518051
0.636239
0.215396
0.969764
0.339031
0.939988
0.683451
0.0573553
0.14501
-0.724813
-0.454453
0.33395
-0.107057
-0.739737
0.41497
-0.40928
0.0262237
-0.0188172
-0.956683
0.105656
-0.46592
0.275762
0.700099
0.723585
0.625786
-0.733913
0.541766
-0.694658
-0.903664
0.408754
0.733306
-0.395372
0.0311891
0.856154
0.840032
0.321852
-0.241603
0.282736
-0.502605
0.0462212
-0.638398
-0.733588
0.665742
0.541916
0.101848
-0.760506
-0.927172
0.628069
-0.882013
0.645689
-0.024752
0.485122
-0.302561
-0.177168
-0.832529
0.894429
-0.0967821
0.981353
0.242801
0.78479
0.0160746
-0.669961
0.14182
0.462843
-0.489182
0.0608706
-0.499761
-0.0474559
-0.986692
-0.820074
0.593823
-0.946337
-0.611205
-0.254168
0.417142
-0.201975
-0.369173
0.845908
0.260248
-0.494207
0.193475
0.382803
0.547313
-0.989566
0.88673
0.0713344
0.437808
-0.0829331
-0.988063
0.395999
-0.0915319
-0.0907358
-0.0635715
-0.151859
0.818442
-0.552502
0.414909
0.905424
-0.0715038
-0.899839
0.210505
-0.597323
0.00663216
-0.0496359
0.980502
-0.216373
0.959223
0.578225
0.919287
0.242657
-0.0425414
0.512416
-0.0350841
-0.157858
-0.870304
0.0591513
0.795735
0.517864
-0.308469
0.155615
-0.455301
0.299059
-0.777623
0.954567
0.981749
-0.677611
0.594656
-0.147791
0.242441
0.95011
0.170638
-0.114529
0.379107
0.971004
0.939856
0.266166
0.166306
-0.599499
0.143972
-0.719011
-0.567274
-0.731301
0.723508
0.578981
-0.455577
-0.223599
-0.942199
0.407112
-0.136202
-0.437939
0.467936
0.681495
-0.377676
0.3341
0.505337
-0.873133
-0.115102
0.825897
-0.153311
0.339785
-0.335427
0.310878
0.380665
0.923896
0.911575
-0.283559
0.306014
-0.145244
