0
0
-0.209281
0.0420513
0.926247
0.277326
0.459194
-0.379882
-0.442332
0.059339
-0.0624911
-0.175991
-0.504785
0.5748
-0.0381508
-0.761059
-0.663739
-0.578123
0.806701
-0.232083
-0.0266582
0.856615
-0.431415
-0.161327
-0.723038
0.658314
0.477868
-0.457553
-0.308221
-0.717965
0.57458
-0.291587
0.0253287
0.13929
0.0222083
-0.668887
0.181675
0.937683
0.294444
0.516764
0.502774
0.0683552
-0.0647181
0.371305
0.312133
-0.214168
-0.151851
-0.93527
-0.452034
-0.282074
-0.146495
-0.752843
-0.708531
-0.154715
-0.00228554
0.807493
0.301302
0.807415
0.253709
-0.0920518
0.395728
-0.142459
0.15937
0.00403602
-0.0435557
0.514196
0.00955589
0.38489
-0.0404542
0.238409
0.39417
0.366207
-0.236373
-0.953027
0.467223
-0.573895
-0.41218
-0.847109
0.948687
-0.00989903
-0.376107
-0.0482806
-0.403657
0.904329
-0.478224
-0.250532
-0.173115
-0.0536672
-0.305857
-0.232045
-0.574902
0.759533
0.115017
-0.773504
-0.644384
0.0726385
0.509648
0.4286
-0.461298
-0.519662
0.279196
-0.0890889
0.505248
-0.372427
-0.61172
-0.317931
-0.547185
-0.10375
-0.935477
-0.101022
0.411685
0.378018
-0.648836
0.654092
0.277505
-0.544842
0.888555
0.4566
0.039426
0.407164
-0.585157
-0.080083
0.308773
-0.249938
0.881239
0.200976
-0.657575
0.308332
-0.715497
-0.638759
-0.718842
0.051992
0.753469
0.474511
0.563602
-0.236916
-0.00670967
-0.797004
0.494006
0.227767
-0.528421
0.0223758
-0.523305
-0.116863
0.430298
-0.0856556
0.502406
0.180055
0.446382
0.597143
0.619519
-0.254762
0.371625
-0.748378
0.329131
-0.631165
0.259644
0.541406
0.138549
0.0838055
0.338567
0.76376
0.512138
0.688385
-0.31955
-0.513664
0.848349
0.164699
-0.412496
0.253319
-0.445757
0.535877
0.180705
0.751409
-0.238927
0.513084
-0.194469
0.404701
-0.44586
0.527633
-0.481534
0.733811
-0.263373
-0.166512
0.110976
0.414837
0.342149
0.417378
-0.125511
0.22059
-0.335727
0.583966
-0.87202
0.172666
0.158473
-0.34338
-0.51929
0.710533
-0.865288
-0.47633
0.158324
-0.69546
-0.55882
0.025841
0.631673
0.340055
0.66504
-0.685263
-0.61939
0.145561
0.49638
0.112675
-0.472407
-0.351436
0.505256
0.426129
-0.607711
0.452994
0.618966
-0.165235
0.377355
0.81835
-0.791882
0.580241
-0.361822
0.123041
-0.540254
0.271518
0.201727
-0.641537
0.660833
0.363265
0.316134
-0.556579
0.458498
0.556844
0.132875
0.513141
0.361617
-0.267124
-0.288138
0.295133
0.528804
-0.0399842
-0.322501
-0.890781
0.0707286
-0.55688
-0.824004
-0.259038
-0.554171
0.798354
-0.388999
-0.382807
0.806461
0.588479
-0.767592
-0.29196
0.828254
-0.164325
-0.276467
-0.327293
-0.829436
-0.424335
-0.689038
-0.321273
0.19585
0.677478
0.00265723
-0.0491942
-0.389516
0.356185
0.129307
-0.752844
-0.788181
-0.240313
0.287579
-0.272246
0.576318
0.762489
0.118675
-0.394138
0.146983
0.458291
-0.698604
-0.332084
-0.125308
0.690391
0.452881
0.600569
0.52412
0.0768535
0.224533
-0.147741
0.677865
-0.409489
-0.227434
-0.334072
-0.0356981
0.393512
0.427409
-0.308725
-0.823463
0.0589167
0.332684
0.942436
-0.422673
0.148987
0.447257
-0.521798
-0.224955
-0.972123
0.756728
-0.462324
0.296708
-0.082305
0.346876
-0.0712646
-0.384898
0.589061
-0.0568816
-0.016451
0.131699
0.734348
0.722135
-0.247917
-0.319181
-0.285164
-0.0687629
-0.455206
-0.453647
-0.0997437
-0.245579
-0.278106
0.0188216
0.314428
0.383439
0.226726
-0.267276
0.0353881
-0.135132
-0.606452
0.88608
0.429312
0.74374
-0.32603
0.552756
-0.449571
0.119395
-0.231329
0.837781
0.466108
0.310182
-0.768424
-0.209622
0.35783
-0.0270388
0.859591
-0.494828
0.772355
0.331714
-0.609386
-0.0407807
0.300504
-0.619357
-0.640919
0.050462
-0.99572
-0.600784
-0.790545
0.317811
-0.698917
0.921579
-0.313075
0.0768466
0.329436
0.891622
-0.347767
0.612781
0.7421
-0.441017
-0.306686
0.290092
0.953486
-0.283357
-0.792611
-0.166845
-0.769903
-0.173041
0.83778
-0.679169
-0.181725
0.892786
-0.224969
-0.256876
-0.676286
-0.555038
-0.390482
0.370162
-0.667682
-0.524002
-0.398678
-0.256649
0.435117
0.111403
0.969619
-0.3601
0.759885
0.427567
0.53936
-0.938038
0.0173432
-0.731102
0.273172
-0.429468
0.728193
-0.390156
0.867215
0.180567
0.157715
0.492427
-0.550494
0.0103428
-0.162753
-0.749209
-0.294668
0.161883
-0.18497
0.342686
-0.879657
-0.471955
-0.721141
0.789717
0.572019
0.01183
-0.0432902
0.422313
0.509048
0.319951
0.842736
0.146619
-0.0986325
-0.327346
-0.170173
0.38405
-0.315698
-0.556907
0.443196
0.160177
-0.00319046
-0.508112
-0.666462
0.692739
-0.686333
-0.73482
0.41673
-0.293545
-0.854524
-0.857715
-0.33748
0.00394182
0.112106
-0.914276
0.106283
0.0633577
-0.0947582
-0.0862593
0.646126
0.0313451
-0.684228
0.526595
0.252305
0.847921
-0.113011
-0.344746
-0.196268
-0.0696549
0.135547
0.12475
-0.284108
0.635068
-0.527968
-0.370362
-0.122579
-0.474323
-0.841957
0.941266
0.0675241
0.357846
0.276916
0.500039
0.371608
-0.381517
0.714685
-0.344602
-0.291644
-0.0678044
-0.915338
-0.192254
0.216028
0.54399
0.156989
0.871674
-0.364797
-0.326623
-0.615391
0.530729
0.245658
0.461687
-0.71619
-0.693779
-0.436493
-0.362001
-0.266465
-0.482741
0.389765
-0.0350343
0.760829
-0.321002
0.350213
-0.588853
-0.624257
0.51676
0.684357
-0.0791469
-0.664587
-0.0496805
-0.303279
0.653491
-0.558428
0.182685
0.412245
0.0966016
-0.84227
0.506857
0.459918
0.515154
0.748384
0.119066
-0.717063
-0.434345
0.0530054
-0.228054
0.306902
-0.325208
-0.50279
-0.145371
-0.196122
0.218222
0.572046
-0.625052
0.54905
0.25284
-0.118261
0.696028
-0.228708
0.743208
-0.283015
-0.422728
0.0807746
0.146025
0.467824
-0.281037
0.67315
-0.563357
0.785911
-0.0152734
-0.489581
0.75195
-0.224742
-0.199673
-0.624558
-0.362307
0.913616
-0.403254
-0.487668
0.351119
-0.0241843
-0.523659
-0.699026
0.337616
0.383475
0.616663
-0.25785
0.334394
-0.468953
0.613498
-0.544828
-0.486085
0.367428
-0.0471684
0.72545
0.287808
-0.138042
-0.379263
0.204758
-0.452767
-0.17477
0.275937
0.447362
-0.0591584
-0.0387281
0.851087
-0.289024
-0.338864
-0.235749
-0.167226
-0.596266
-0.0436287
-0.126343
0.0142748
-0.548082
-0.58028
0.320075
-0.555824
0.218929
-0.210422
-0.510009
-0.953172
-0.0492468
0.0505071
-0.373781
-0.804828
-0.020559
0.429911
-0.719247
-0.535283
0.685697
0.349518
-0.417097
0.294452
-0.723961
-0.74452
-0.51488
0.234127
-0.515301
-0.250649
0.630018
-0.208628
0.533667
-0.838262
0.314356
0.792121
0.286548
-0.388125
0.318837
-0.223347
0.0449921
0.139727
0.822121
0.00626971
0.698641
-0.225604
0.313596
-0.701449
0.0290791
-0.101026
-0.108766
0.543799
0.41626
0.739928
0.371156
-0.108255
-0.884176
0.424137
0.332169
0.320166
0.672971
0.092834
0.256948
-0.845739
0.131604
-0.693652
-0.44899
-0.107563
0.866282
-0.497002
0.399546
-0.746577
0.212716
-0.34432
-0.0803031
-0.529294
0.788251
0.654533
-0.526847
0.926393
0.216567
0.279644
0.229252
-0.821568
0.353744
0.0154859
0.361827
0.888674
0.263748
0.255298
0.956036
-0.185288
-0.714102
0.0678463
-0.0566851
-0.0105099
0.237718
0.907737
0.401722
0.216789
0.564529
-0.03789
0.371823
-0.0765006
0.0079054
0.640059
0.181067
0.403299
0.469233
0.982282
-0.128912
0.213127
0.809595
0.273449
0.715571
-0.512375
-0.0835154
-0.158069
-0.79596
0.924872
-0.226935
0.0365307
-0.65568
0.371251
0.540673
-0.529359
0.189399
-0.560222
-0.114033
-0.601548
-0.219197
-0.168088
-0.0718309
-0.196978
0.376033
-0.107234
0.696785
-0.373809
0.28097
0.372488
0.330325
-0.727832
-0.147663
0.542687
0.5959
0.412561
0.703181
0.473007
0.327672
0.657996
-0.381684
-0.529348
-0.351121
0.762051
-0.068047
0.771228
0.287903
0.681945
-0.0321558
0.41384
0.206369
-0.55749
0.108438
0.968136
0.237669
-0.525573
0.269703
-0.0532687
0.53096
0.142869
0.75848
-0.104959
-0.577405
0.815074
-0.390694
0.660397
0.156218
-0.687178
0.174559
-0.76449
-0.475364
0.175723
-0.780147
-0.711421
-0.67831
-0.834527
0.174883
-0.349443
-0.813974
-0.289339
-0.147763
0.331208
0.682824
-0.664057
0.634599
-0.00641743
-0.7738
0.295505
-0.686678
-0.757586
0.469639
-0.182915
0.318618
0.208474
-0.549042
-0.53498
0.349562
-0.441463
-0.478017
0.0788911
-0.220714
-0.90621
-0.386559
0.171926
0.735149
-0.204587
0.0773778
0.774709
0.0146414
0.0294848
-0.127133
0.590262
0.786381
-0.825557
0.548511
-0.428982
0.405687
-0.0189854
0.213397
-0.0226734
0.269903
0.334177
-0.75856
0.307071
0.549708
0.0147155
0.124748
0.107718
-0.752166
-0.607011
0.359594
0.453146
-0.855864
0.421292
-0.578461
-0.44299
0.730478
0.137212
0.156386
-0.256146
-0.333696
-0.0654553
0.124369
-0.477082
-0.330162
-0.698858
0.241587
0.697993
0.453896
-0.732891
0.266582
-0.390951
0.310132
-0.640294
-0.440629
-0.682216
0.0775898
0.594025
-0.671875
0.344386
0.634238
-0.229596
-0.206509
0.607771
0.696716
0.938135
-0.0810412
-0.152478
0.0264209
0.634192
0.191754
-0.530502
-0.260493
0.510791
0.0176633
0.00156596
0.751127
0.0397714
0.80329
-0.623202
0.621472
-0.11651
-0.299571
0.148645
0.3618
0.200478
0.973076
0.63042
-0.524007
0.486661
0.229192
-0.878816
-0.427161
0.735426
0.255667
0.106677
-0.898593
0.870103
0.376061
-0.860297
-0.432723
0.0387126
-0.450705
0.309351
-0.923944
-0.498136
-0.865832
0.33431
-0.0213351
0.864514
-0.100285
-0.484589
-0.104724
0.372629
0.311701
0.500219
-0.170136
0.143272
-0.129434
-0.132699
0.426315
0.0159257
0.8287
0.657401
0.650495
-0.572794
0.577125
0.706559
0.285495
0.71181
-0.317921
-0.149981
-0.373966
-0.683317
0.48083
0.247932
0.870337
0.155832
0.340232
-0.684186
-0.145728
0.499248
0.405536
0.094953
-0.685012
-0.0911236
-0.578824
0.536556
-0.0457933
-0.410566
0.576976
0.49198
-0.780122
0.0774969
-0.900477
0.479301
-0.186026
0.0546877
-0.190187
0.108325
-0.197898
0.146833
0.681594
-0.572822
0.751858
-0.0312806
0.835655
-0.448293
0.642623
0.0545953
0.943901
0.857986
-0.134608
0.0682808
-0.462659
0.298314
0.168314
-0.810937
-0.0980301
0.0421549
0.758608
0.533103
-0.341729
-0.195942
-0.82954
-0.929101
0.170374
0.916981
-0.0441015
-0.385507
0.922146
-0.878502
0.297218
-0.581054
0.52336
0.284619
-0.666913
-0.538973
0.127235
0.3604
-0.672497
0.715358
-0.353136
-0.398633
0.725586
0.392499
0.389818
0.517054
0.731207
-0.403704
0.194967
-0.128295
0.787322
-0.396109
0.185679
-0.868932
0.342869
0.238222
0.182306
0.377273
0.215392
-0.0027147
0.812905
0.569614
0.547808
0.29752
-0.756145
0.422488
0.361977
-0.277136
-0.687123
0.830551
-0.407767
-0.436711
-0.673586
0.613627
-0.670614
-0.0452803
0.730527
0.66003
0.0851442
0.544586
-0.230235
0.276178
-0.481882
-0.731498
0.222455
-0.595548
-0.504555
0.198354
0.203152
-0.0309053
0.406519
-0.195361
0.908573
-0.131028
0.382492
0.887047
0.164693
-0.133474
0.502535
0.413451
0.476821
-0.145129
0.966534
-0.477938
-0.223752
0.653582
-0.458418
0.100361
-0.236855
-0.30879
-0.457023
-0.181075
-0.933393
-0.608224
0.441274
-0.364396
0.650634
0.0491618
-0.673804
-0.130827
-0.952394
0.285729
-0.523761
-0.350562
0.327952
-0.180292
-0.248214
0.235373
-0.721157
-0.0791095
0.70435
-0.0162517
0.0903725
-0.0971911
0.642485
-0.77189
-0.445653
0.461905
-0.542351
-0.310513
0.418777
-0.523186
0.725956
-0.177852
0.549046
-0.0556682
0.0466764
-0.342543
0.08513
0.33005
0.759112
0.485067
-0.0528555
-0.543975
0.0964229
0.750058
-0.381131
0.466261
0.679726
0.438838
0.521334
-0.574189
0.796084
-0.75379
0.58784
0.480566
-0.303548
0.201984
0.0833721
0.176827
-0.00922133
0.490093
-0.34131
-0.0777765
0.473045
0.407049
-0.156036
-0.205412
-0.861612
0.711546
-0.512588
-0.882905
0.458823
0.52621
0.773868
-0.409641
-0.860629
0.294283
0.831516
-0.882615
-0.15246
0.637846
-0.694695
-0.663424
-0.134969
-0.545604
-0.0145691
0.143355
0.463428
-0.0461696
-0.355906
-0.698649
-0.361152
-0.496122
-0.311297
0.166232
-0.678381
0.694052
-0.0900347
0.812692
0.153488
0.24617
0.12486
0.486933
0.388115
-0.715297
0.414531
0.684121
-0.640487
0.765369
-0.642443
0.767303
-0.159142
-0.547256
-0.696945
0.111475
-0.11193
0.588393
-0.188168
0.446608
0.848596
0.0740846
-0.78093
0.69089
-0.704427
-0.238348
-0.504611
-0.526702
-0.226141
0.149566
-0.392813
-0.665042
-0.437528
0.0246935
-0.179511
-0.871545
0.290853
0.717246
0.150301
-0.463757
-0.332045
-0.180333
-0.549839
0.627638
-0.627423
0.962571
0.173902
-0.324203
0.907559
-0.239604
-0.758556
0.542865
0.0226095
0.133879
0.630258
0.608192
-0.32598
-0.00579752
-0.094214
0.0537679
-0.269255
-0.238821
0.291319
-0.0710048
0.454686
-0.11734
0.59813
-0.718956
-0.457882
-0.879335
-0.459849
-0.422731
0.739542
0.664167
0.116236
-0.714365
-0.191203
0.649086
0.556091
0.0159398
-0.650617
-0.390159
0.521758
0.410433
0.828083
-0.954382
-0.120802
0.218304
0.700209
0.22863
0.110992
0.549662
0.588913
0.467068
-0.795068
0.414982
0.524249
0.594866
-0.613046
0.318424
0.593009
-0.524605
-0.619861
0.300181
-0.121296
0.13608
0.631281
-0.244327
0.771077
-0.635233
0.0273708
0.893932
0.39049
0.777972
0.584682
0.0994431
0.374557
-0.105503
-0.734369
0.642865
0.632867
0.227307
0.846547
0.76113
-0.154043
0.134647
0.716896
-0.49757
0.106313
0.32261
-0.860683
-0.776425
0.581934
0.473881
0.852812
-0.272083
-0.180432
0.797886
0.425487
-0.426297
0.0376302
0.255448
-0.458239
0.812866
-0.303545
0.350562
-0.180773
-0.155187
0.0165382
-0.0541685
-0.102958
-0.561197
-0.0723879
0.375933
0.768911
0.949684
0.156551
0.0870178
0.306912
0.769269
0.0456429
0.412122
0.667483
-0.636797
0.575341
-0.893646
0.219202
-0.422953
-0.100313
0.917032
0.222992
-0.00879956
0.424405
-0.573709
-0.466103
-0.685305
0.352523
0.0940054
-0.165107
0.440231
-0.572691
0.843559
0.0137686
0.760377
-0.347184
-0.109603
-0.686606
-0.138963
-0.698815
0.117969
0.641545
0.655314
-0.531405
0.38894
-0.637579
0.324184
-0.298379
-0.00164728
-0.285538
-0.342032
-0.284624
-0.246153
0.312054
0.727745
-0.492779
0.185907
0.1009
-0.323566
0.651694
-0.242686
-0.601237
-0.0136703
-0.000641027
-0.749187
0.247388
0.395057
0.458681
0.110375
-0.422679
0.146062
-0.710778
-0.199617
0.498699
0.139735
-0.30854
0.732442
0.505883
-0.314516
0.831351
0.782411
0.492828
0.991528
-0.0315896
-0.340129
-0.402981
-0.908864
-0.0470388
-0.880149
0.0464245
0.203645
-0.084609
-0.116199
-0.975687
0.378669
-0.759276
0.806315
0.00858951
-0.529389
0.387641
0.191038
0.97004
-0.0936029
-0.788501
-0.410125
-0.627109
0.225183
0.279637
-0.475479
0.398917
-0.0526466
0.649099
0.550953
0.457092
-0.584235
0.680452
0.96009
0.131373
0.694301
0.0601325
-0.971384
-0.142118
0.0444682
0.422833
-0.0792865
-0.820717
0.750431
-0.537785
-0.617144
0.223946
0.207537
-0.840116
-0.204949
0.178614
-0.461379
0.120715
-0.511688
0.373718
0.618271
0.454391
0.88455
-0.285937
0.126668
0.518976
-0.63969
-0.235448
0.609166
-0.518877
-0.3116
0.11958
-0.553287
-0.687576
-0.81949
-0.554979
-0.143026
0.43084
-0.327836
0.44077
-0.26026
0.442597
0.585623
-0.265029
-0.161826
-0.263124
-0.341297
-0.568196
-0.885129
-0.304413
-0.0752784
-0.74569
0.427627
-0.260274
-0.468416
0.0647834
-0.369314
0.140489
0.0525073
0.467524
0.444101
0.30986
0.79529
0.0823208
-0.110093
-0.485662
-0.379623
-0.546251
0.178689
-0.406289
-0.0269928
0.612531
-0.361044
-0.522774
-0.0637536
-0.222385
-0.239631
0.133716
-0.310653
0.588555
-0.942337
-0.241234
-0.409664
-0.60564
-0.333124
0.291536
0.952012
-0.218964
-0.944257
-0.160952
0.0178558
-0.000619413
-0.349246
0.240398
0.262593
0.18023
-0.0361278
0.681795
0.661128
0.62551
0.47581
0.471983
0.530265
0.463022
0.293756
0.949531
0.796637
0.238306
-0.163151
0.656484
0.386167
-0.666731
-0.303493
0.881068
0.411952
-0.840816
0.37497
-0.412344
0.38921
-0.298535
-0.143481
0.83619
-0.0271115
0.126363
0.477166
-0.330277
-0.0622674
0.0931245
-0.264841
0.0388831
-0.441088
0.536744
-0.1863
-0.0132152
-0.707058
0.663139
0.0213727
0.675876
0.394031
-0.518789
0.168461
-0.907899
0.301162
0.781045
-0.767149
0.520108
0.191815
0.390592
-0.18215
-0.582934
0.0700899
0.820363
-0.027707
0.0582071
-0.896113
0.0014111
-0.781775
-0.362825
-0.732044
-0.394063
-0.582967
-0.445777
-0.0976786
0.189907
0.746969
0.41527
-0.258951
0.632775
-0.937561
-0.0121064
-0.248098
-0.0331124
-0.563028
-0.359273
0.774543
0.131341
-0.000515094
-0.895631
-0.467246
-0.633113
0.911434
-0.370162
0.676337
-0.611683
-0.212431
0.536792
-0.679994
0.205572
0.0756028
-0.205128
-0.689767
-0.20176
0.581422
-0.354124
-0.128237
0.2716
0.477172
-0.563247
-0.524908
-0.507019
-0.674208
-0.677991
0.0321155
0.69796
0.444373
0.351578
-0.159809
0.533587
-0.85301
0.515009
-0.69713
-0.41039
0.410595
-0.366628
-0.530606
-0.731311
0.435428
0.466038
0.245414
-0.228577
-0.138892
-0.06452
-0.80322
-0.1773
0.908611
0.205038
0.635529
0.20815
-0.436727
0.752809
0.817329
-0.0955714
-0.0905731
-0.127072
-0.460897
-0.215223
-0.0784853
-0.574091
0.406674
0.462413
-0.847832
0.101597
-0.612762
0.514432
-0.120545
-0.935005
-0.509096
0.637533
0.0999455
0.0949612
0.196558
0.209316
0.723748
0.435789
0.0344997
0.289626
-0.641143
0.403184
-0.111343
0.706403
0.0369159
-0.531607
-0.113752
-0.345019
-0.31141
0.655408
0.971968
-0.136238
0.0898807
-0.781887
0.0412837
0.564128
0.565141
-0.202105
-0.533569
0.655132
-0.402331
-0.0100469
0.271641
-0.415353
-0.217389
0.866109
0.0682142
-0.177491
-0.422407
0.623347
0.203732
-0.468104
0.652134
0.124845
-0.299222
0.0422099
-0.555036
-0.450252
0.556278
0.311161
-0.116239
0.748537
0.141503
0.15293
0.710615
0.236667
0.18915
-0.590979
-0.0121247
0.0910965
-0.979851
-0.0645619
-0.609366
-0.0573718
-0.558167
0.179248
-0.116693
-0.353081
0.389024
0.307031
0.686864
0.212956
0.35606
-0.551375
-0.576055
0.456075
-0.902691
-0.118664
0.00888377
0.916064
-0.12902
-0.454495
0.00586945
0.280343
-0.736419
0.323583
0.21088
-0.309637
-0.634041
-0.1518
-0.166332
-0.0147545
0.696497
0.436001
0.0179254
-0.762514
0.321656
0.0723536
0.529878
0.5839
0.647884
0.305096
-0.489653
0.591177
0.353691
0.872553
0.120662
0.0619136
0.695043
-0.0992009
0.404297
-0.853252
0.724241
-0.509753
-0.0173311
0.733576
-0.408923
0.025967
-0.500752
0.385037
-0.219667
-0.638397
0.317158
-0.567083
0.587183
-0.735498
-0.115382
0.300587
-0.381647
-0.0117168
0.481917
0.312623
-0.235334
0.72874
-0.329375
0.128653
-0.075444
0.255948
0.348027
0.694845
-0.567298
0.0331634
-0.258084
0.346242
0.817273
0.0145063
0.419995
0.87066
0.231958
-0.255488
0.836066
0.361359
-0.136641
-0.514808
0.680546
-0.484409
0.355069
0.309447
-0.564935
-0.708316
0.0696746
-0.395413
-0.804008
0.161831
0.278031
0.792083
-0.892624
0.44672
0.033747
-0.352226
-0.753227
0.593086
0.799401
-0.32518
0.188086
-0.868098
-0.568191
-0.664342
0.206156
-0.961492
0.0701718
-0.938778
0.0921983
0.36786
-0.74473
0.610033
0.443358
0.272979
-0.191606
0.892539
-0.0052082
-0.146333
0.514194
0.531949
0.684034
-0.21048
0.32399
0.25649
-0.149029
-0.21153
-0.357864
0.261375
-0.793323
0.458823
0.438996
-0.140094
-0.267486
-0.359194
-0.660295
0.153613
-0.236753
-0.909751
0.248688
0.471695
-0.695076
-0.060264
0.516324
0.675143
0.550877
0.0627922
0.431798
0.295469
0.158842
-0.552964
-0.773016
-0.0765953
0.7548
0.13073
-0.140619
0.686581
-0.371118
-0.911708
-0.451119
-0.31371
0.382302
0.660206
0.904916
0.375127
0.190191
0.798277
-0.421093
-0.257389
-0.104465
-0.746824
-0.0201081
0.131373
0.559294
0.0155406
-0.813817
-0.299064
-0.295151
0.201542
-0.482034
0.770389
0.20908
0.787785
0.351625
0.628793
-0.986676
-0.147758
0.821853
-0.115636
-0.141216
-0.579661
0.497055
-0.297819
0.83278
-0.0691559
0.604948
0.576824
0.57904
-0.735492
0.291389
0.413694
0.575762
0.730666
-0.292195
0.445689
0.0225134
0.862423
-0.635592
0.726802
0.140496
0.245905
-0.444805
0.726297
0.171986
-0.192258
0.0546807
0.373098
-0.175116
0.428273
0.791657
0.127171
0.358665
-0.357047
0.0940478
0.537267
