0
0
-0.816285
-0.264468
0.280534
0.391335
-0.519028
-0.807756
-0.179011
0.0998343
-0.852618
0.561482
0.622977
0.790837
0.468398
-0.0442609
-0.450571
-0.482419
-0.752361
-0.731966
-0.168548
0.884203
-0.847831
0.769659
-0.370309
-0.788328
-0.0921587
-0.532724
0.600401
-0.817294
-0.821289
-0.588716
-0.867364
-0.473518
0.671645
-0.742278
-0.0767544
0.194101
-0.902072
-0.37968
0.726759
-0.795926
-0.148663
0.407949
0.36462
0.487073
-0.819571
0.812683
0.94883
-0.980371
0.639273
-0.0940835
-0.229006
0.891872
-0.85234
-0.480719
0.565337
-0.198353
-0.912491
-0.308151
-0.202628
-0.417211
-0.540615
-0.440204
-0.589497
0.660137
-0.394403
-0.869049
0.278176
0.523856
-0.985769
0.390676
-0.5345
0.565907
-0.892845
0.879933
0.0142448
-0.115352
0.995937
-0.604829
-0.922401
-0.587925
0.695484
0.474085
-0.815598
-0.572364
-0.225101
-0.339147
-0.112854
0.458713
-0.684876
-0.993971
-0.803208
0.653203
-0.984159
-0.385574
-0.517583
0.774589
0.0256414
0.548916
0.868267
-0.969465
0.243186
0.223929
-0.477602
-0.89705
-0.362205
-0.887311
0.587721
-0.459371
-0.107091
0.45328
-0.0858654
0.70033
-0.770759
-0.11275
0.298668
0.553613
-0.216733
-0.40088
0.564769
0.393274
0.880368
-0.829257
-0.893146
-0.0561942
-0.703974
0.354069
0.781068
0.0106126
-0.591618
0.392351
-0.382277
-0.804582
-0.883195
0.0957185
-0.339203
0.975853
-0.89298
0.678305
-0.791199
0.338753
0.774248
-0.183548
-0.266983
0.795314
-0.881289
0.823576
-0.175789
0.15466
-0.161069
-0.759786
0.344083
0.79433
-0.939782
-0.673587
0.0519385
0.778811
0.208274
-0.121395
-0.528787
-0.0220677
0.993588
-0.825624
-0.322759
0.368186
0.0576235
-0.730276
0.361994
-0.84576
0.859877
0.195545
-0.191516
-0.622038
-0.670659
0.604363
-0.218463
0.394247
0.955292
-0.0773871
0.915193
0.629778
-0.980929
-0.312728
-0.419506
-0.241044
0.450929
0.1011
0.970368
0.267006
-0.11241
0.0353646
-0.057939
-0.173721
0.208335
0.484539
0.370519
0.923899
0.874954
-0.585679
0.901833
-0.683294
0.125607
0.420287
-0.189372
0.103521
0.767099
-0.398566
-0.39217
0.703203
0.409052
-0.424909
-0.380552
-0.256911
-0.366713
-0.129464
-0.786207
-0.787873
-0.235562
-0.0996406
0.647116
-0.990399
-0.164853
-0.228416
-0.354811
0.752372
0.905637
0.185125
0.514736
-0.769424
-0.534867
0.712898
-0.986812
-0.482216
-0.619396
-0.587724
-0.490722
-0.0954884
0.800589
0.998194
-0.391506
0.389577
-0.417315
-0.855273
-0.960362
0.0992928
-0.40153
-0.653282
0.642421
-0.604509
0.639187
-0.393571
0.85806
0.197506
-0.640327
0.541333
-0.652897
-0.880655
0.409733
-0.754867
-0.685481
0.736443
-0.620649
-0.324914
-0.331451
-0.259658
-0.697258
0.134973
0.668292
-0.0978034
0.421702
0.0314924
-0.316753
-0.694799
0.0209031
0.255427
-0.497665
-0.149145
0.863152
-0.282104
-0.0105127
-0.687564
-0.706827
-0.926364
-0.543679
0.199099
-0.43396
-0.901156
-0.481345
0.584258
0.964763
-0.308342
-0.351438
0.714699
-0.723039
0.70791
-0.928969
-0.0834736
-0.306397
0.266032
0.0601803
-0.110544
-0.448617
-0.39115
0.632943
-0.194899
-0.332446
-0.543247
-0.97645
-0.495204
-0.381615
-0.646196
-0.976509
0.0793824
0.881179
0.925579
-0.41168
0.773443
-0.912023
-0.308766
0.54793
0.594277
-0.756151
-0.384988
-0.195489
-0.910691
-0.238504
0.107897
-0.602344
-0.0282409
0.651621
-0.532664
0.781914
-0.847988
0.122035
-0.236999
-0.387779
-0.906819
-0.337367
0.655873
0.357541
0.823986
0.701404
-0.966305
-0.698069
-0.777877
-0.131308
0.170042
-0.667522
-0.53577
-0.0835535
0.858801
-0.455791
-0.630673
0.768435
0.0645659
-0.429757
0.102513
-0.19073
-0.296753
0.448821
-0.298557
-0.378623
0.470933
0.423477
0.358288
0.512366
0.273491
0.54848
0.674702
-0.308028
-0.806001
0.992606
-0.569248
0.502232
0.489626
-0.309308
0.0925867
0.00950361
-0.727581
0.782588
-0.25808
-0.0128561
0.502709
-0.358311
0.348095
-0.53663
-0.353671
0.901731
0.371542
-0.059856
-0.415494
0.737013
0.403036
0.884497
0.60487
-0.922446
0.34959
-0.159792
0.901535
-0.249518
0.511771
-0.494294
0.189694
-0.16722
0.929103
-0.964971
0.58413
-0.879169
0.85959
0.252974
-0.84191
0.884477
0.393531
-0.871781
0.677538
0.158897
-0.852488
0.111981
-0.839107
-0.405409
0.870742
0.650601
-0.482
-0.767974
-0.39302
0.962008
0.397386
0.0487417
-0.0758685
-0.380301
0.211557
0.0814062
0.484144
-0.609464
0.624586
0.458615
-0.0765199
-0.0624321
-0.29552
-0.635374
0.334967
0.236211
0.223581
-0.690609
-0.509077
0.356522
-0.391843
-0.467526
-0.695552
-0.915029
0.531365
-0.415302
-0.217441
-0.419783
-0.7903
0.722014
0.176931
-0.552438
0.897277
0.287316
0.102857
-0.555454
0.726516
-0.100185
0.285926
0.908325
-0.425996
0.915459
-0.439147
0.292579
0.11113
0.229767
0.884701
0.299512
-0.16481
-0.989671
-0.130616
-0.97949
0.00381698
-0.89915
-0.580517
0.579283
-0.31075
0.99236
0.0438937
-0.255653
0.349652
0.502821
0.267598
0.54126
-0.611124
-0.580046
-0.00348111
0.607944
0.493621
-0.946438
-0.874719
0.70446
-0.35112
-0.253844
0.705214
-0.816357
0.817042
0.591969
-0.440651
0.527897
0.843378
-0.51771
-0.530383
-0.885214
0.481353
-0.899316
-0.718387
0.249316
-0.484462
-0.46772
-0.454742
-0.795181
0.991857
-0.312368
0.297975
-0.5598
0.677891
-0.655729
-0.101258
0.508099
0.822691
0.919752
-0.503743
0.925782
0.439715
0.750755
-0.67526
0.0302701
-0.407756
0.248369
0.0800049
-0.746043
0.764193
0.664838
-0.333192
-0.250607
0.316401
-0.248959
0.297598
0.946781
-0.664226
-0.904678
0.463316
-0.331998
0.823093
0.234575
0.126244
-0.175991
0.0395465
0.818167
0.0199523
0.467593
0.0808415
0.36344
-0.241171
0.15375
0.851933
-0.0109772
0.661155
-0.210221
-0.906544
0.83013
-0.727021
0.36141
-0.398136
-0.170389
-0.928777
0.989701
-0.602119
0.0636313
-0.321017
-0.0385041
-0.120769
-0.0311277
0.101578
-0.155213
0.426607
-0.0420041
0.177395
-0.872327
0.944968
0.415268
-0.750821
-0.0324696
-0.623653
0.765543
0.611889
0.0146256
-0.984729
0.183353
-0.820719
0.803373
0.961443
0.0219504
-0.346307
-0.332647
0.15136
-0.731223
0.0619356
0.745618
-0.845902
-0.683804
-0.297828
0.808744
0.247679
-0.716211
0.369553
-0.634313
-0.552494
-0.301492
-0.753635
0.853888
0.0175219
-0.995356
0.819861
0.114689
-0.645383
0.0238324
0.264663
-0.352603
-0.471005
0.440589
0.0647278
-0.304863
0.182945
0.0452816
-0.224518
-0.872016
-0.718996
-0.827395
0.942831
0.911206
0.416325
-0.756014
-0.73902
-0.613019
-0.094225
0.552189
-0.621226
-0.853829
0.55149
-0.467844
0.456779
0.535818
0.700317
-0.770136
-0.859964
-0.615186
-0.0596317
0.457966
-0.16279
0.645111
0.345517
0.328736
-0.899631
-0.241147
-0.398567
-0.596408
0.706686
0.448398
0.648938
-0.251139
-0.166206
0.810464
0.939928
-0.293617
0.484551
0.606953
0.213015
0.923961
-0.593621
0.773484
-0.931393
0.524128
0.0875082
-0.321849
0.997286
0.973785
-0.86653
0.735153
0.0376208
0.936723
0.0775696
-0.805678
-0.449784
-0.909517
0.426026
-0.397877
0.421478
-0.203515
-0.192387
-0.0370306
-0.988586
0.213258
-0.521513
0.853277
0.502169
-0.952738
-0.811938
0.292784
-0.319237
-0.484918
0.563311
-0.485809
-0.77654
0.523013
0.0470757
0.346015
0.393615
0.056406
0.0695404
0.470639
-0.196425
-0.324467
0.660444
0.65414
0.21507
-0.769263
-0.714593
-0.47254
0.246619
-0.229217
0.457364
-0.919647
0.829322
0.707904
-0.408669
0.433787
0.735994
-0.127229
-0.900275
0.374369
0.0344279
0.443764
-0.0881844
-0.74423
-0.934914
-0.707311
0.407436
-0.428905
-0.828124
-0.674633
0.439072
0.317864
-0.635479
-0.0523587
-0.222644
-0.361406
-0.237907
-0.566739
-0.820444
-0.24564
-0.0715448
0.755523
-0.217221
-0.285962
0.669648
0.77695
0.0416547
-0.199756
-0.378482
-0.478109
0.873004
-0.597596
-0.0956486
-0.455346
-0.420917
0.927278
-0.681737
-0.091732
0.586167
0.993166
-0.987364
0.00783046
-0.372431
0.716645
-0.09283
0.723631
-0.970454
0.071206
-0.592626
0.355158
-0.604442
0.412021
-0.533421
-0.18586
0.655303
-0.611396
-0.83109
0.356039
-0.385999
-0.299453
-0.574509
-0.0841709
-0.426035
0.695751
-0.348663
-0.805689
-0.994106
-0.595653
-0.702061
0.899496
0.181126
-0.534314
-0.966891
0.851287
0.904149
-0.218305
-0.517387
0.771849
0.0528966
0.953156
-0.827786
0.281228
-0.725503
-0.694032
0.372675
0.416735
0.437609
-0.266385
0.259102
0.801761
0.193814
-0.00976967
0.333799
-0.591938
0.479936
-0.346458
0.99719
-0.426241
0.229262
0.108314
0.962894
0.974127
0.676328
-0.0363873
0.905592
0.188091
0.10219
0.165274
0.149194
0.106845
0.991385
-0.630599
-0.305714
0.742235
0.634193
0.354263
0.31918
-0.966553
0.562766
-0.366923
-0.180783
0.198161
0.428827
0.206579
-0.123357
0.659095
-0.160252
0.624019
-0.476636
-0.947366
-0.144522
-0.030999
0.580924
0.470626
-0.736492
0.284113
-0.301582
-0.891088
-0.217905
0.431228
0.637902
0.829311
0.636055
0.363848
-0.754924
-0.443478
-0.783772
0.0949873
-0.343676
-0.0926043
-0.708695
-0.372732
-0.282875
0.867952
0.334541
0.805999
0.94142
-0.901059
0.308933
-0.641678
-0.846661
0.0684036
-0.337904
-0.236087
0.233579
0.0668723
0.0200795
0.394783
-0.0820711
-0.299849
-0.479345
0.258461
0.466507
-0.739539
-0.441404
0.327027
-0.839886
-0.763753
0.193616
-0.47315
-0.69496
-0.567741
-0.464225
0.667288
-0.0448805
0.931544
0.133278
0.591501
-0.207273
-0.289526
-0.479939
-0.625173
0.793632
0.32322
-0.450024
-0.407624
0.262891
-0.0359061
-0.121452
-0.601599
0.776196
-0.12459
-0.90524
0.584653
0.902369
0.299791
0.103947
-0.154723
0.215871
0.481008
-0.423283
0.737656
-0.991868
-0.650144
0.379772
0.225631
-0.119267
0.193957
-0.041202
-0.868274
0.964699
0.810416
0.0305977
-0.418877
0.298473
0.119409
0.28931
0.0710667
0.500585
-0.699316
-0.268859
0.98541
0.973559
0.138546
-0.0650233
0.655361
0.20935
-0.830937
0.674845
0.956945
-0.158246
0.702029
-0.325952
-0.0218808
-0.439961
-0.959965
-0.807523
0.101903
-0.0370617
-0.654202
-0.821598
-0.503947
-0.511667
-0.875353
-0.0138843
0.225732
-0.630306
-0.516917
-0.956631
0.450033
-0.696438
-0.964706
-0.240246
-0.496616
0.872364
-0.432511
-0.832418
-0.281436
-0.610502
-0.49446
0.890256
-0.956136
-0.394129
-0.530186
-0.386189
0.402099
0.53788
0.601056
0.693529
-0.852361
0.731754
0.153305
0.620961
0.64639
-0.104945
0.0105089
0.588815
-0.47017
-0.17149
-0.649407
-0.353952
-0.981565
-0.49695
0.140354
0.408393
0.173431
0.867977
0.324451
0.824289
-0.977992
0.280021
0.620631
-0.955959
0.680132
0.323338
-0.271765
0.927513
-0.828461
0.575667
0.862659
-0.541799
-0.344839
0.425086
-0.4035
0.926471
0.0989448
0.931429
0.0127403
-0.813047
-0.503841
-0.734528
0.85906
0.859002
0.231305
-0.116323
-0.92245
-0.823116
0.686298
0.836447
-0.0978526
0.448506
0.168428
0.87825
0.53393
0.815601
0.0466011
0.498695
0.0993954
-0.677163
0.807665
-0.35356
0.856647
0.661765
-0.194
0.856852
0.576793
0.452767
0.416204
-0.479844
0.456734
0.850715
0.396315
0.952594
0.378553
-0.905497
0.649751
-0.533764
-0.380651
-0.876711
-0.858391
0.423543
0.0206732
-0.81821
0.694402
-0.183181
0.100147
-0.491901
0.857139
-0.295255
0.483413
0.229279
-0.886411
0.311458
0.166183
-0.644587
-0.603521
-0.619779
0.146127
0.59877
0.457551
-0.179204
-0.614444
-0.159587
-0.767225
0.815911
0.211144
0.602673
0.524263
-0.356564
0.976288
0.241825
-0.576719
-0.0016422
0.334805
-0.27061
-0.992236
-0.599832
0.585298
-0.805773
0.556511
-0.320926
-0.328297
0.465036
-0.0426004
0.227173
0.663341
-0.954626
-0.720805
0.108006
0.714998
0.999334
0.140216
-0.75209
-0.994542
-0.634796
0.488764
0.767591
0.0739485
-0.932101
0.698612
-0.34977
0.127398
-0.608216
-0.793867
-0.0191541
-0.554688
-0.392706
0.133039
0.360985
-0.882318
0.253548
-0.795602
0.836776
0.842106
-0.854194
-0.100213
-0.243503
0.238691
0.806581
-0.0551799
0.699486
-0.738833
0.313437
-0.175388
-0.319228
-0.379754
-0.845728
-0.484742
0.370744
-0.435835
-0.378627
0.54889
0.0740209
0.562237
0.807405
-0.828679
-0.180747
-0.256315
-0.188421
-0.338051
0.587522
-0.190383
0.942236
0.679855
0.245348
-0.492909
0.52275
0.578375
0.898474
-0.289627
0.807016
-0.150125
-0.0577872
0.843439
-0.682469
0.894106
0.858101
-0.420185
0.065098
-0.163584
-0.151478
0.407406
0.480258
0.444055
-0.861035
0.538601
0.305435
0.342282
0.905459
-0.183385
0.514111
0.48516
-0.286916
0.861613
-0.889107
-0.614746
-0.53144
0.161939
-0.0846179
-0.19795
0.791562
-0.672471
-0.9908
0.804337
0.956522
-0.129823
0.218348
-0.0801959
-0.135553
-0.449517
-0.185673
0.495497
0.786398
-0.538631
-0.196255
-0.620302
-0.349375
-0.688908
0.981183
-0.131661
0.323724
-0.0714836
-0.860101
0.976492
-0.282268
-0.666537
-0.744045
0.0462315
0.735036
-0.895077
-0.724305
-0.0142801
0.437474
-0.984687
-0.460255
-0.820701
-0.195847
-0.804042
0.725481
0.0957182
-0.36427
0.71681
0.648835
-0.946743
-0.149165
0.452356
0.476618
-0.571325
-0.425385
0.019982
-0.486776
-0.14949
0.0796081
-0.137232
0.298853
-0.846739
0.447428
-0.844965
-0.0855808
0.904312
-0.196236
-0.685658
-0.386857
0.737309
-0.721699
0.800283
0.793763
-0.897984
-0.91699
0.576261
-0.971517
-0.467026
-0.779598
0.558069
-0.749181
0.5021
-0.26918
-0.527041
0.847007
0.654463
0.969393
0.278572
-0.731488
-0.407751
-0.444592
0.140865
0.343307
-0.499349
-0.453953
-0.292702
0.919908
0.531806
0.814055
0.153512
0.287486
0.937676
-0.904364
-0.981314
0.0665086
0.0769388
0.588866
-0.573806
-0.498786
-0.143402
-0.0657254
-0.0149364
0.493135
-0.769501
0.371074
0.144863
-0.745329
0.141867
-0.613048
-0.890359
0.381553
0.531221
0.480228
0.571881
0.305529
0.135126
0.353373
0.880179
0.247349
-0.268939
-0.0984615
-0.0234019
-0.981436
0.87693
0.691195
-0.490741
-0.352507
0.865358
-0.6031
-0.0645193
0.393018
-0.654321
-0.863365
0.513285
0.373581
-0.815329
0.98339
0.623094
-0.876308
-0.356079
0.952768
0.0479258
-0.172774
0.80754
0.524105
0.627997
-0.254343
-0.756517
0.0146975
0.276234
-0.810065
-0.714654
-0.0134013
0.687744
-0.614612
-0.485199
-0.790247
-0.882263
0.626604
-0.626371
-0.946082
0.978755
0.378711
0.009315
-0.383852
0.875904
-0.300798
0.641925
0.522379
-0.818466
0.886266
0.678547
-0.243235
-0.753104
0.0156932
0.555108
-0.999345
-0.602748
0.121835
0.571301
0.227383
-0.900143
0.304238
0.453067
-0.0343747
-0.662773
-0.823461
0.306685
0.99471
-0.514139
0.491342
0.872403
0.636074
0.161068
0.456698
0.906818
-0.38733
-0.199033
0.983852
0.264166
-0.85844
-0.652941
-0.326216
-0.1215
-0.791897
0.353102
-0.36022
-0.812598
0.312983
-0.983211
-0.394583
-0.774481
0.0230489
0.444524
0.491974
-0.199772
0.230693
0.408196
0.0389674
0.117717
-0.158583
-0.652908
-0.473096
-0.255218
0.160345
0.645173
-0.616521
-0.461718
0.379799
0.354614
-0.650331
0.125388
0.432728
0.898564
-0.644397
-0.462125
0.704849
-0.732789
0.358543
0.895094
0.325653
-0.0448041
0.827028
-0.695374
0.0943655
-0.515977
0.15998
0.257067
-0.215435
-0.0740499
-0.950629
-0.00375665
-0.88634
-0.0714749
0.81438
0.2754
-0.0997079
-0.903825
0.14947
-0.216441
-0.459352
0.528534
-0.549376
-0.954604
-0.642784
-0.258312
0.263313
0.362636
0.289072
0.401161
-0.593999
-0.193237
0.24368
0.572356
-0.874638
-0.244893
-0.199097
0.897229
-0.596358
-0.511918
-0.717958
-0.165109
0.857126
-0.68035
-0.706256
-0.749223
-0.0846516
-0.81225
-0.835842
-0.304899
-0.43586
-0.688078
0.590087
0.691261
0.946206
0.997704
0.104068
-0.528611
-0.633968
-0.709212
-0.155503
-0.566841
0.136463
0.108048
-0.0539525
0.848814
-0.737527
-0.919186
-0.291022
-0.449394
-0.906218
-0.379453
-0.0342074
-0.727607
0.140003
0.977649
-0.989768
0.261013
0.603633
0.853471
-0.315424
-0.425353
-0.871337
0.243461
-0.232987
0.786121
-0.900567
-0.680392
-0.654209
0.455985
0.794932
-0.826552
-0.117688
-0.804803
-0.995943
-0.745063
-0.900975
-0.201208
-0.564946
-0.283213
0.805402
0.0377303
-0.359651
0.805372
-0.1025
0.391039
-0.648636
0.865059
-0.301323
0.561061
-0.497744
-0.426795
-0.773567
0.409397
0.577745
0.511601
-0.997084
0.934762
-0.00502551
-0.862085
0.961925
-0.0994767
-0.101293
-0.0850619
0.855586
-0.408809
-0.489794
0.999515
-0.139181
-0.473739
-0.2864
-0.382569
0.799974
0.898267
-0.482821
-0.656135
0.809249
-0.590798
0.865841
-0.935702
0.361442
0.640805
-0.200585
0.81435
-0.891495
0.00976639
0.680765
-0.901574
-0.606956
0.801936
0.3486
-0.208871
0.482227
-0.26996
0.657133
-0.499331
0.205364
-0.265027
0.677833
0.582965
-0.454161
-0.577822
-0.336516
0.530217
0.057193
-0.400265
0.215568
-0.312351
-0.281413
-0.988595
0.369598
0.785865
0.8782
-0.84719
-0.507183
0.749675
0.584433
-0.692221
0.974613
0.0385651
0.686015
0.265561
0.986075
0.329783
-0.566645
-0.353794
-0.190561
0.28231
-0.894068
-0.703667
-0.294074
0.11945
0.757617
0.545089
-0.0120854
0.215797
0.55649
-0.249732
0.607874
-0.91233
0.151695
0.695566
0.329808
-0.932622
0.351197
0.0927162
0.906855
-0.378046
-0.19851
-0.342859
0.849659
0.404925
0.274216
0.443609
0.242886
-0.238692
0.784822
0.0718374
-0.382048
-0.60952
-0.457923
-0.22133
0.0191913
-0.609124
-0.536217
-0.812556
0.653938
-0.616854
0.951035
0.264355
-0.469144
-0.717098
0.703781
0.759001
0.815381
-0.224118
-0.0779269
0.283664
-0.219374
-0.0835672
0.219103
0.475641
0.258106
-0.840714
-0.667073
0.980071
0.0183987
0.566879
-0.697349
0.791857
-0.459923
-0.159469
-0.111826
0.336185
-0.44167
0.964498
0.717224
-0.353787
-0.49104
-0.0800183
-0.385077
0.875359
-0.267963
-0.26667
-0.630481
0.174775
-0.123673
0.555099
0.752719
0.935905
-0.188225
-0.728782
-0.0332174
0.359638
-0.548757
0.267648
0.496381
-0.253355
-0.10545
-0.750015
0.978906
0.252047
0.728905
-0.521308
0.96544
0.502972
-0.0984012
-0.468952
-0.968412
-0.0878207
0.907196
0.811616
-0.676438
0.769625
0.35785
-0.0715907
-0.0856239
-0.523622
-0.940685
0.0895308
-0.906065
-0.578511
-0.835652
-0.710705
-0.563307
-0.942216
-0.115078
0.578275
0.585163
0.24119
0.296373
0.729617
-0.792969
0.215335
0.518022
-0.666471
0.163653
0.107969
0.968373
0.713275
-0.430497
-0.0272349
0.315105
-0.970544
0.763178
-0.0508567
-0.905171
0.411744
-0.0941983
-0.893219
0.898338
-0.015618
0.823572
0.157851
0.72916
0.100807
-0.215007
0.186838
0.594575
-0.0233814
0.714447
0.964144
0.502091
0.121256
0.0369746
0.76727
0.978611
0.834653
-0.443364
-0.773116
0.537184
0.166066
-0.686996
-0.415079
-0.320859
-0.167515
-0.00590123
0.74119
0.785125
0.231904
-0.974747
0.911991
0.0592539
0.240108
-0.612403
-0.905301
0.219607
0.770329
0.744304
-0.736108
-0.769123
0.557794
0.0662662
-0.79663
-0.870141
0.323774
-0.924798
0.651825
0.339508
0.431211
-0.700049
-0.683206
-0.54675
0.977675
-0.391063
-0.107772
-0.295316
-0.959598
-0.841807
0.727068
-0.847285
-0.177205
-0.62882
0.261383
0.315001
0.402079
0.427917
-0.612122
0.725023
0.510923
0.705932
0.0791727
-0.188438
-0.0999942
-0.610472
0.590011
-0.362386
-0.852395
0.711862
-0.280297
0.98891
-0.537749
-0.610021
-0.752474
0.942786
-0.572017
-0.747941
0.765873
0.585411
0.048362
0.881794
0.93299
0.379158
-0.849115
0.604247
-0.959552
-0.317111
0.10484
0.934862
-0.532199
0.407774
0.26752
0.19061
0.365481
0.892128
-0.381023
-0.422175
-0.377972
0.100808
-0.302546
-0.263482
0.972527
0.967429
-0.858208
0.397339
0.527608
0.821032
0.02555
-0.907036
-0.0509006
-0.505506
-0.152645
0.925309
0.202655
0.833798
-0.422986
0.92977
0.671261
0.752299
0.107747
-0.269803
-0.646241
0.504581
0.035433
-0.604279
-0.103246
0.913357
-0.456789
-0.111513
0.978337
0.359808
0.519407
0.429663
0.0580032
0.262636
0.440901
0.120406
-0.122183
-0.471782
0.076239
0.986455
0.707935
-0.393325
0.967934
0.634416
0.226569
0.16738
0.386618
-0.555543
0.426455
0.1071
0.867281
-0.353239
0.0695549
0.0516615
0.903838
-0.729329
0.441492
0.497118
0.00771716
-0.951628
-0.688657
-0.738213
0.529958
-0.121895
-0.776661
-0.935155
0.717784
-0.24673
0.993775
-0.0351577
-0.357333
-0.668237
-0.361194
-0.404138
-0.431485
0.669804
