0
0
0.0049411
-0.81162
-0.595638
0.577082
-0.666159
0.125607
0.962285
0.207151
0.467787
0.505974
-0.713253
0.0248989
-0.477422
-0.726726
-0.354172
0.667601
0.070551
-0.371096
-0.766576
0.290494
-0.271886
0.687027
-0.706985
0.450083
-0.423911
-0.558114
0.436063
-0.599191
0.230896
0.896701
0.387814
0.0176772
-0.226983
0.543402
0.0482119
-0.538316
0.137507
0.320243
0.1359
0.92117
-0.040012
0.357236
-0.643029
0.643803
0.0365679
0.063691
0.0733677
0.367805
0.638969
0.63021
-0.704424
0.568694
0.347122
0.176572
0.00809394
0.531892
0.111862
0.978958
0.590642
-0.677184
-0.636396
0.187135
0.928474
0.0806543
-0.00750103
0.997535
0.733948
-0.601945
-0.686302
-0.647034
-0.398936
-0.472532
0.382725
-0.410088
-0.165078
0.300649
-0.902594
-0.279749
-0.274082
-0.57434
-0.851215
-0.143219
0.470629
0.475466
0.036154
-0.612075
0.348995
0.259706
0.0278346
-0.733963
0.0372157
-0.0475567
-0.113342
-0.18934
-0.416301
0.878831
-0.138537
-0.488771
-0.222734
0.701135
-0.532343
-0.0928375
0.5798
0.201976
0.237727
-0.783261
-0.511397
-0.16172
0.140145
0.638487
0.605662
-0.169093
0.224715
-0.737464
0.886396
0.265801
0.307753
0.0840641
0.474292
-0.856629
0.485545
-0.233704
-0.5405
-0.0920034
-0.409556
-0.597144
-0.953454
0.198771
-0.964778
0.0205629
0.0236202
0.566876
0.904072
0.356578
0.736217
-0.0906628
0.0525032
0.544332
-0.0525498
-0.985629
-0.939962
0.105164
0.694991
-0.097189
-0.187852
0.781727
-0.720634
0.55572
-0.541349
-0.36674
-0.471904
-0.334474
0.164003
0.0370512
-0.468259
6.6869e-06
-0.328805
0.482366
0.25555
-0.533523
0.0148336
-0.676861
-0.975744
0.213478
0.144664
0.865851
0.828148
-0.0883021
0.850035
-0.0785673
0.0707409
0.167488
0.372445
-0.608936
-0.71576
-0.0165538
0.568287
-0.0897079
0.537156
-0.659832
0.992233
0.100238
-0.704502
-0.182613
0.231919
-0.741465
0.613355
0.355003
0.507011
-0.243427
-0.556834
-0.374712
-0.954895
-0.292178
0.615777
0.424214
0.69499
-0.214086
0.457512
-0.863236
-0.237948
-0.735058
0.0272362
0.415838
-0.840053
0.387456
-0.254342
0.647467
-0.155281
-0.77852
0.259277
-0.308072
-0.455453
-0.0550859
-0.278629
0.175161
0.309085
0.0807279
0.836943
-0.2309
0.251309
-0.148147
0.411619
0.559801
-0.750311
0.0108773
0.909546
0.29562
-0.52652
0.159074
0.307221
-0.879649
-0.715586
-0.508382
-0.280462
0.517958
-0.486015
-0.841219
-0.0810839
-0.422194
0.879248
-0.201769
-0.0723606
0.48871
0.585473
-0.656887
-0.424533
0.185343
-0.321217
-0.0865548
-0.00257764
-0.96772
-0.342341
0.21272
-0.16473
0.278683
0.372538
0.218346
0.160836
0.399231
-0.561668
0.816149
-0.240921
0.238991
0.379351
0.15336
0.589126
-0.497791
0.244645
0.885087
0.474429
0.52071
-0.325898
0.842304
0.387244
-0.725854
0.317925
-0.700099
0.825353
-0.0676907
0.539452
-0.151457
-0.768372
-0.412584
-0.138439
-0.816118
0.516217
-0.84162
0.909311
0.340587
-0.0460456
0.771955
0.0966407
-0.488307
0.554387
0.669285
-0.631874
-0.37684
0.656675
-0.0928614
-0.108859
-0.674432
-0.384979
-0.0715908
0.0943
0.0595735
0.0265451
-0.988762
0.436754
-0.865594
0.36389
0.0743902
0.367496
-0.762188
0.0429254
0.0210669
-0.0761803
0.947447
0.365121
0.178092
0.0332676
0.580653
0.470214
-0.277973
-0.365391
-0.626077
0.573524
-0.304027
-0.166296
0.958295
0.939396
0.00719722
-0.402226
0.798675
-0.75318
0.413112
-0.236446
-0.860771
-0.819066
0.0716999
0.0788971
-0.465299
-0.263974
-0.0649771
0.478089
-0.695826
0.351049
0.64687
-0.50938
-0.138678
-0.622529
0.681389
0.789584
-0.533085
0.571516
0.640261
-0.235189
0.174747
-0.207784
-0.0803487
0.4505
0.0461725
0.740401
0.40583
0.660712
-0.691996
0.328489
-0.643226
-0.574241
0.814425
-0.385393
-0.80982
0.233464
-0.368896
-0.985142
-0.143353
-0.263833
0.30134
0.651584
-0.26459
0.0744103
-0.28128
-0.607547
-0.02629
-0.0779739
-0.337935
-0.622252
-0.504432
-0.431276
-0.744801
-0.781778
-0.428377
-0.654732
0.178756
-0.51669
-0.666701
-0.171132
0.391209
0.13601
0.931926
-0.360303
-0.221449
-0.214573
0.584122
-0.380772
0.424042
-0.938914
0.272386
0.570377
0.703742
-0.281701
-0.19599
0.0744914
-0.21767
0.123414
0.0907976
-0.44242
0.851274
0.0817272
-0.724053
0.939213
0.187738
0.138283
0.837374
-0.133314
0.340141
0.0476773
-0.915913
-0.208958
-0.0900423
-0.014699
-0.516256
0.35363
-0.294489
-0.63463
0.721384
0.602113
-0.0074244
0.00616672
-0.400537
0.49557
0.661814
0.433622
0.263464
0.0817562
0.706236
0.71366
0.637191
0.0377272
0.998044
-0.659858
-0.320769
-0.136675
-0.706138
0.287294
0.731795
0.0183579
0.973397
-0.419008
-0.110239
-0.461167
-0.0705555
-0.593724
0.386494
0.826019
0.487841
-0.038599
0.581052
0.305646
0.526466
0.582665
0.558903
-0.0181139
-0.901586
0.151405
0.533021
-0.733567
-0.310177
-0.872871
-0.197145
0.304602
0.918617
-0.016353
0.40545
0.377987
-0.394139
-0.432751
0.461461
0.940739
-0.332794
-0.395878
0.180754
0.111875
-0.337278
-0.840746
-0.142426
0.23275
0.215471
-0.0254114
0.348223
0.599139
0.0322838
0.637914
-0.251625
0.394051
0.637565
-0.853036
0.252795
-0.58753
0.33874
0.0634902
0.153908
0.876834
-0.185137
0.708069
0.441985
-0.45745
-0.0189009
0.36794
0.234233
0.0994057
0.949792
-0.658779
-0.539167
0.716637
0.0799878
0.0396814
-0.566821
-0.661836
0.212907
-0.833643
-0.155765
-0.0420662
0.819079
-0.406954
-0.621414
0.188234
0.940272
-0.153179
0.822235
-0.978
-0.127609
0.662561
0.448677
-0.185893
-0.627276
0.073912
0.828908
-0.678978
-0.643885
0.0834979
-0.829478
-0.767786
0.622791
0.130008
-0.092854
0.547984
-0.582651
0.496624
0.297827
0.436761
-0.863716
-0.523151
-0.451416
0.781556
0.164444
-0.313712
-0.512418
0.610836
-0.251033
-0.875663
-0.457091
-0.405058
0.832224
0.796843
0.0744385
0.737458
0.329296
0.43295
-0.75611
-0.632874
-0.685727
0.505564
0.599554
0.416257
-0.437574
-0.105996
0.782809
0.692025
-0.0452255
-0.200678
-0.596307
-0.491952
-0.176639
0.854671
0.511789
0.779185
-0.48476
0.223612
-0.345771
-0.344281
-0.0323573
-0.33384
0.798092
0.09855
-0.0320139
-0.857598
0.216324
-0.278488
0.126875
0.234613
0.42947
-0.401198
-0.889742
0.195882
0.6572
-0.834544
0.522565
-0.452689
0.454517
0.407445
-0.815517
0.798104
-0.393687
0.438669
-0.191853
-0.982155
0.151584
-0.17668
-0.100779
0.52179
0.714514
0.428932
-0.361471
0.889597
0.115314
0.22727
-0.291719
-0.37484
0.240054
-0.626404
-0.486555
0.439761
0.0875076
0.522318
-0.788817
-0.477411
-0.65704
0.224231
-0.534291
0.498979
0.206994
-0.632097
-0.488615
0.186252
0.65072
0.497017
0.80656
0.34085
0.391562
0.598556
-0.511199
-0.382997
-0.0399448
-0.323594
-0.783603
-0.713288
0.407559
-0.128807
-0.264537
-0.104366
0.436393
-0.667046
-0.00221128
-0.188277
-0.794443
0.265851
-0.00255497
0.398045
0.449462
0.478316
0.225815
0.309019
0.390622
0.050339
0.599642
0.0779579
-0.895936
0.645792
0.546529
-0.488966
-0.445119
0.0974122
-0.455796
-0.0554381
-0.158056
-0.0539919
0.314594
-0.795558
-0.193759
0.349666
0.163203
-0.632662
0.261302
-0.409053
-0.630729
-0.764125
0.271906
-0.216982
0.180843
0.313174
-0.68867
-0.242966
-0.602686
0.17461
-0.687432
-0.138896
-0.332607
0.2776
-0.941269
0.464753
-0.0888887
0.180187
0.0353831
0.00540732
0.440649
0.719029
-0.152452
0.720933
-0.469552
-0.193839
-0.349814
0.125529
-0.515835
-0.00387675
0.00714485
-0.615238
-0.189461
-0.328879
-0.213609
0.565055
0.455507
0.485289
0.840578
-0.741103
0.0788576
0.0765966
-0.965392
-0.179001
0.396204
-0.297272
0.947236
0.571344
-0.506949
-0.285552
-0.394795
-0.688582
0.622274
0.841162
0.516695
0.254978
-0.0856121
-0.269957
0.821519
0.216315
-0.240935
-0.836032
-0.260678
0.577584
0.371315
0.927445
0.116122
-0.626746
0.333249
0.116288
-0.154036
0.834186
0.142856
-0.698695
-0.325884
-0.144404
0.604632
-0.660871
-0.551588
-0.0753639
0.532552
0.616983
-0.344182
-0.128473
-0.83187
-0.302718
0.644594
0.443549
-0.492954
-0.949885
-0.044747
0.626529
0.494484
0.920492
-0.288495
0.239584
0.470711
-0.6839
0.350842
0.395589
-0.455438
-0.799786
-0.168051
-0.131715
0.148211
0.381199
0.653684
-0.593313
-0.281724
-0.92069
-0.234911
-0.200124
0.379126
0.0764658
-0.521332
-0.36524
0.379029
0.398928
-0.753422
0.013028
-0.268361
-0.632859
0.258983
0.82822
-0.182837
-0.427354
0.828316
0.341767
-0.209317
-0.261929
0.45944
0.161545
0.494758
0.300444
-0.755308
0.143639
0.605352
-0.408937
-0.875348
0.111765
-0.856636
0.551958
-0.828597
-0.717387
0.526811
0.768999
-0.237186
0.555104
0.196926
-0.75746
-0.0804616
0.909058
0.282831
-0.809642
0.152357
-0.389543
-0.725439
0.191589
0.192144
-0.33438
-0.13635
-0.208876
-0.807465
0.316606
-0.623316
-0.378344
-0.833064
0.0357659
0.98885
0.858733
-0.242584
0.0500484
0.599539
0.32525
-0.464013
-0.273394
-0.0804323
-0.0692826
0.963412
0.205995
-0.284875
-0.884415
-0.171531
0.635543
0.694592
-0.195143
0.350793
0.685813
0.301145
0.250797
-0.486226
-0.432348
-0.840706
0.535298
0.161237
-0.512029
-0.59392
0.799614
0.36007
0.583143
-0.29923
-0.139937
0.32876
-0.489997
-0.32985
-0.92377
0.0463706
0.324765
-0.192792
0.847789
-0.432195
0.447686
0.000727322
-0.438777
0.110125
-0.636851
-0.680026
0.241586
-0.365192
-0.327141
0.896853
-0.109925
0.860704
-0.713932
0.163889
-0.310444
-0.655285
-0.230272
0.159082
-0.156655
0.461421
0.827205
0.357364
0.136431
0.865394
0.0466822
-0.606367
0.0114309
0.376903
-0.00374783
0.213429
0.570793
0.539611
0.405005
-0.875821
0.482188
-0.74002
-0.116923
0.124856
-0.12386
0.864608
-0.500887
-0.607998
-0.32071
0.435005
-0.175025
-0.288735
0.413591
0.514175
-0.378783
-0.593824
-0.567954
0.374461
-0.430358
0.162985
-0.182565
0.63609
0.741552
-0.295374
0.31692
0.0585405
0.28082
0.530075
0.271627
-0.228795
-0.827856
0.0797686
0.780867
0.00559587
-0.940161
0.0405926
0.083399
-0.162259
-0.540503
-0.163468
0.134096
0.791632
0.554758
-0.676342
0.351194
0.750472
-0.624054
0.330513
0.837624
0.335403
0.586784
0.364079
0.327855
-0.59176
0.487235
-0.226789
0.0370995
0.648725
-0.247659
0.103567
-0.415678
0.836898
0.587149
-0.780473
0.12036
-0.664589
0.313314
0.560352
-0.663919
0.494713
0.6588
0.724289
0.61786
0.238397
0.902985
-0.257938
0.81829
-0.197368
-0.692081
-0.471356
0.441974
-0.555226
-0.808017
0.413813
-0.078005
-0.803921
-0.5724
0.784067
0.624778
0.212957
0.129373
0.191678
-0.0812626
0.314731
0.252867
0.0153622
0.799429
-0.427604
-0.640561
0.435071
-0.62675
0.40949
-0.789006
0.0666582
0.908155
0.287238
-0.378145
-0.125338
0.496
0.520285
-0.550417
0.675449
0.438076
0.328559
-0.824558
0.180816
-0.0456022
0.358426
-0.386055
0.17573
0.915184
0.229527
0.892262
0.0781082
-0.654911
0.119339
-0.535812
0.786898
0.640547
0.131051
-0.360578
-0.749362
0.39441
0.26231
0.439695
0.873604
0.660502
0.376475
-0.253745
0.396259
-0.641668
-0.555676
0.135411
0.569176
-0.545453
-0.653525
0.456284
0.282118
-0.678377
0.548984
0.477552
0.0269779
0.496116
-0.592177
-0.314991
0.0739076
-0.752547
-0.519886
-0.0688707
0.221988
-0.248965
0.419148
-0.0113249
-0.442006
-0.39036
-0.169175
0.113199
0.320212
-0.7671
0.447861
0.209921
-0.238769
-0.024583
0.556292
0.415396
0.165838
-0.645109
-0.539878
-0.330651
0.436194
0.421051
-0.426874
-0.124127
0.733492
-0.692712
-0.248879
0.923842
-0.0592219
0.43987
0.636118
0.337393
-0.155319
0.292838
-0.635124
-0.0749939
-0.0920242
-0.257148
0.678054
0.836148
-0.248589
0.648124
0.294763
0.0118556
-0.0592676
0.426957
0.236568
0.914623
0.243951
0.49254
0.338891
0.278517
-0.142591
-0.0835536
-0.096479
-0.10136
-0.144298
0.673507
0.163234
0.318813
0.915085
-0.468796
0.499781
0.165248
0.220393
0.310716
-0.188014
0.348641
0.658466
-0.568542
-0.0640381
0.626802
0.591795
0.399482
-0.462737
0.599576
0.447618
-0.534272
0.0896938
-0.0746529
0.12557
-0.870795
0.215066
0.338065
0.663608
-0.132097
0.877602
-0.335045
0.465962
-0.714995
0.145064
0.688643
0.110148
0.117301
-0.914122
0.609022
-0.181477
-0.210624
0.208351
0.353414
-0.776685
0.886833
-0.222112
-0.136233
0.161119
-0.342596
0.607225
-0.536859
-0.422174
-0.616146
0.129032
-0.866495
0.148071
0.757722
0.0762375
0.861322
0.12123
-0.889046
0.0216663
0.303186
0.34014
-0.164637
-0.663712
0.306892
0.118885
-0.0987185
-0.256268
-0.0349027
-0.119285
-0.604093
0.257133
-0.724275
0.485905
-0.828453
-0.440866
-0.277772
0.516135
0.73092
0.320892
0.477025
0.613905
0.239664
-0.000601518
0.321869
0.670373
0.804347
-0.128783
0.5462
-0.0569167
0.342906
0.0623383
-0.0721509
0.362623
0.382097
-0.190093
-0.946249
-0.175764
0.232681
0.804934
-0.38021
-0.62548
-0.5512
0.0757396
0.450208
-0.441219
0.616983
0.292299
-0.0972334
0.791728
0.74005
-0.0448483
0.0880868
-0.0806089
0.726138
-0.600082
0.892732
-0.178103
0.837278
-0.0944493
-0.538138
-0.225849
-0.890487
0.0952463
0.344841
-0.431402
0.790282
0.177535
-0.899363
-0.263016
0.488866
-0.481946
0.338111
0.907112
0.338514
-0.792665
-0.474598
-0.390029
-0.72814
-0.445357
-0.783871
0.556462
0.526662
-0.264016
0.186828
-0.606357
-0.476302
-0.85556
-0.021006
-0.0490689
-0.460161
0.313793
-0.226461
0.12386
-0.132208
-0.570289
-0.743747
-0.123869
-0.237484
0.0306917
0.35162
-0.0352716
0.565193
0.16438
-0.972743
-0.0176459
0.102305
-0.521794
-0.716258
-0.0228716
-0.106624
0.818913
0.656251
0.630309
0.647955
0.605132
-0.126926
0.0898544
0.112726
0.020149
0.848791
-0.141805
-0.813622
-0.458771
-0.203642
0.582663
-0.409749
-0.292618
-0.597085
0.328964
0.125806
0.893002
0.324529
0.389365
-0.863904
0.432401
-0.304493
-0.0337032
0.0177043
-0.528992
-0.421994
0.744376
-0.695168
-0.71132
-0.68552
0.589815
0.693252
-0.229804
-0.314687
-0.717597
-0.509604
0.780051
0.553818
0.761109
-0.191357
0.291471
-0.521275
0.511844
-0.22944
-0.0672871
-0.631933
0.0600504
-0.652592
0.750432
-0.63343
-0.770281
-0.93184
-0.0272601
0.172016
0.321199
-0.375395
-0.584983
0.335415
0.214312
0.630145
0.139743
-0.0238894
0.229773
-0.545117
0.837845
0.422828
0.161698
0.376011
-0.590897
-0.272133
0.56105
0.502133
0.301108
-0.641088
0.540873
0.461385
-0.613333
-0.371576
-0.220342
0.590618
-0.274763
0.575871
-0.148603
-0.0517852
-0.28656
0.241258
0.339868
0.749752
0.579858
-0.678522
0.569511
-0.427495
0.12051
-0.843601
0.248625
0.448433
-0.421915
-0.345806
-0.925697
-0.693742
-0.510046
-0.218136
0.0996002
0.801858
-0.293647
0.28585
-0.0510249
0.231681
0.493641
0.669587
0.073321
-0.904845
-0.216026
-0.149872
-0.789589
-0.266128
-0.22711
-0.720751
-0.648851
0.722172
0.26424
-0.480266
-0.634653
-0.324194
-0.824807
0.882982
-0.0152948
-0.584841
0.66502
0.492215
-0.0134285
0.164237
-0.908663
0.183312
0.532162
-0.207097
-0.63327
0.778988
0.502953
-0.11905
0.377183
-0.239206
-0.723778
-0.646819
0.280589
-0.55676
0.510104
-0.542008
-0.443491
-0.237775
0.92686
0.71093
0.0862525
-0.338887
0.178573
0.734055
-0.455998
-0.759004
-0.386432
0.050935
-0.0333868
0.3491
-0.478988
0.466202
0.0100587
0.765817
-0.601456
0.0743053
-0.770924
0.0400319
0.15949
-0.653916
-0.707028
0.475086
0.441949
-0.113121
-0.58112
0.448521
-0.846964
-0.228197
-0.66984
-0.633499
-0.497174
-0.482934
0.175423
0.0644198
-0.993248
-0.11753
-0.109633
0.332838
0.940604
-0.437777
-0.838528
-0.752158
-0.620514
-0.39449
-0.668987
0.604889
-0.672689
0.303755
0.385891
0.352228
-0.0632028
0.440103
0.2427
-0.489608
0.579733
0.595165
-0.132128
0.419838
-0.810857
-0.231106
0.602028
-0.0291773
0.893226
0.762473
-0.105971
-0.511217
0.813146
0.419863
0.737713
0.339741
-0.426991
0.320216
-0.524116
-0.630087
-0.100858
-0.0549057
-0.209281
0.140336
-0.501968
-0.234748
0.0673353
-0.200707
0.141053
-0.241911
-0.0633624
-0.272644
-0.189421
-0.160676
-0.408864
0.840853
-0.311532
0.452585
0.371611
0.434973
0.430448
-0.619869
-0.622853
-0.401392
0.00626795
0.0026262
0.258708
0.300268
-0.554162
-0.248658
-0.775515
0.483132
0.34193
-0.159391
-0.0471088
-0.0895464
-0.816323
0.370485
0.701447
0.476962
0.576109
0.865044
-0.216944
-0.264052
-0.351252
0.780611
-0.357803
0.747617
-0.0903078
0.740209
0.0551551
-0.792072
-0.100862
-0.125297
0.710472
0.899225
0.352512
-0.612854
-0.293533
0.00543576
0.150752
-0.0141129
-0.484896
0.195367
-0.826775
0.179287
0.721868
0.658259
0.0327178
-0.355024
-0.0619465
-0.739379
0.274997
-0.0458968
-0.0413706
0.763239
-0.405508
-0.438226
0.749058
-0.811005
0.10744
-0.382436
0.161086
-0.125333
-0.675907
-0.184183
-0.576342
0.561987
0.545104
-0.237651
0.736489
0.377932
-0.238116
0.469182
0.55111
0.420865
-0.0579946
-0.546008
-0.490406
0.105941
0.495299
0.905589
0.0575529
-0.256524
-0.67312
0.0212171
0.373188
-0.0899635
-0.540908
0.663257
-0.0460909
0.697136
0.278313
-0.92039
0.313503
-0.808142
0.155575
-0.291679
0.105636
-0.151727
0.432125
-0.710438
0.358935
0.672437
-0.0302919
-0.185867
0.835974
0.591846
-0.334338
0.499824
0.627897
0.0319141
-0.705672
0.958215
0.0666089
-0.410973
-0.77529
-0.379672
-0.411868
0.57001
-0.54352
-0.244992
-0.134386
-0.588043
0.485377
0.258999
0.212273
-0.624141
-0.374992
-0.281114
0.74026
-0.217171
0.192839
-0.507865
0.667709
-0.136652
0.565746
0.196009
-0.426815
-0.120777
-0.578788
0.477675
0.742446
0.410155
0.116852
-0.682598
0.719312
-0.146127
-0.569563
0.148351
-0.84843
0.778712
-0.209345
0.342053
-0.544075
-0.262858
-0.154554
-0.0126386
0.210298
0.260162
0.227804
-0.121405
0.174258
-0.375023
0.305792
-0.460346
-0.619221
-0.829519
-0.0208123
0.248616
0.227995
-0.13565
0.0188875
-0.0188593
0.603341
-0.382371
0.321125
0.621492
0.347624
0.437305
-0.229626
-0.0253577
-0.273085
0.855944
-0.29194
-0.141747
-0.567882
-0.256044
-0.553386
-0.0714914
-0.0697836
0.050794
-0.761913
0.522413
-0.028378
-0.123735
-0.174092
-0.540667
0.11402
0.518572
0.73649
-0.155605
-0.000115954
-0.280536
0.0583508
-0.230785
-0.432888
-0.465234
0.503403
0.353109
0.778806
0.778922
-0.0946799
0.153031
-0.438381
-0.0258757
0.975828
0.155821
-0.30799
0.301961
0.787233
0.295947
0.492978
0.552437
-0.0239376
0.407753
-0.872234
-0.208737
-0.391729
-0.22432
0.759996
0.194121
0.381402
-0.0954583
0.451046
-0.321953
-0.656572
0.657537
0.291791
0.212307
0.880982
0.823473
0.263458
0.70961
-0.194935
-0.869755
-0.0362435
0.130231
0.91578
-0.254863
0.742289
0.546664
-0.71262
-0.635693
0.191353
0.552018
0.612177
0.37112
-0.886242
0.661148
0.580264
0.568909
-0.768736
0.742848
-0.137405
-0.500403
0.536626
-0.371213
0.599072
-0.298843
-0.607435
0.544944
-0.299468
0.623864
-0.254953
-0.590916
0.271206
0.962961
-0.0565232
-0.0399132
-0.570302
-0.755388
0.349841
-0.475049
-0.0796291
0.0376575
-0.198594
-0.3223
-0.362511
-0.518808
0.751828
-0.776611
-0.121252
0.295732
-0.134111
0.332705
-0.608563
0.526667
0.319559
-0.101003
0.168967
0.14354
-0.664417
-0.858285
-0.343666
-0.952229
-0.191616
-0.511175
0.761751
-0.747522
0.205211
-0.192369
0.732677
-0.137043
-0.621527
-0.751928
0.494215
-0.844599
-0.322627
-0.281855
0.0641346
0.91087
-0.226971
-0.219573
-0.376666
-0.684509
0.617357
0.473494
0.536593
-0.0977333
-0.743761
0.651408
0.660153
0.694755
0.174417
0.545089
0.475214
-0.229319
0.927867
-0.462708
0.871998
-0.292358
0.467548
0.18309
0.734475
0.6562
0.250502
-0.041207
0.345788
0.80016
0.224533
-0.032884
-0.163153
-0.157726
0.0854371
-0.0868471
0.194329
-0.193126
-0.375043
-0.809842
0.450944
0.903116
-0.204571
0.860804
0.124692
0.0655906
-0.555886
-0.525682
0.389948
0.146332
0.259608
-0.298101
0.204133
0.741922
0.654307
-0.421846
-0.723881
-0.076158
0.329051
0.0490612
0.853451
0.374826
0.32699
0.0760354
0.732322
-0.525825
-0.12408
0.78237
0.392131
0.1955
0.0564772
0.222851
-0.618456
-0.350778
0.0378505
-0.161931
0.64185
-0.0339815
-0.398021
0.454498
-0.130653
-0.827017
0.116338
0.415224
-0.307754
0.184357
-0.172085
0.116387
0.615341
