0
0
-0.261759
-0.230195
-0.513992
0.989719
0.490193
0.913022
0.301517
-0.307578
-0.993576
-0.0488901
-0.348883
0.75071
0.977449
-0.966753
0.839369
0.689551
-0.535345
0.919974
0.227081
0.35041
0.613351
-0.463874
0.256642
0.496871
-0.211288
0.0411596
-0.0653326
0.75941
0.485605
-0.24578
-0.104175
0.322548
0.131093
-0.0438048
-0.0504005
-0.641073
-0.728845
-0.615232
0.607812
0.700162
0.941172
-0.679724
0.666529
-0.879034
0.283994
-0.720778
-0.878935
-0.293811
0.885381
0.880725
-0.630254
0.747319
0.695794
0.732321
0.35377
0.771431
-0.0264616
0.184195
0.0040408
-0.971604
0.332665
-0.191398
-0.870351
0.500618
-0.126004
0.796908
-0.154405
0.927338
0.730939
-0.173021
0.953745
0.0142836
-0.0343613
0.680507
-0.831754
0.772099
-0.222317
0.0613447
-0.582993
0.672642
-0.211019
-0.828376
-0.272033
-0.237784
0.457948
-0.286296
0.49426
-0.108301
0.312613
0.111238
-0.475779
0.738901
0.0920017
-0.405432
-0.179811
-0.541142
0.286332
0.569787
0.318844
-0.264443
-0.579603
0.21807
-0.194127
0.542136
-0.942603
0.227283
-0.168274
-0.987894
-0.747486
0.0300444
-0.50821
-0.393003
0.512799
0.139631
0.511283
-0.0857033
-0.149188
-0.195998
-0.334434
-0.877108
0.935259
0.984665
0.764227
-0.365946
-0.195256
-0.431968
-0.617222
-0.0373515
0.262143
0.610441
0.346688
-0.0504864
-0.939907
0.209077
-0.400133
-0.455677
-0.602993
0.0103553
-0.665658
-0.316386
0.992585
0.202465
-0.339029
0.915076
-0.0702364
-0.315794
0.737451
0.484397
0.752629
-0.876582
-0.733365
-0.258235
0.435858
-0.0304606
-0.407989
-0.763698
0.529557
0.322788
0.180742
-0.365561
-0.487688
-0.893808
-0.63441
0.649399
-0.147854
0.529905
-0.251231
0.914824
0.53104
0.765536
-0.934698
0.03111
-0.257238
-0.952109
-0.0308005
0.563548
0.866145
0.676044
0.47764
-0.0235629
0.190395
0.711501
0.845116
0.0270981
0.287908
-0.0355347
-0.0336759
0.811889
0.692962
0.857638
0.671476
-0.622164
0.603511
-0.249927
-0.210811
0.634016
0.0494481
-0.708338
0.52551
-0.0320054
-0.993359
0.344268
0.115844
0.565323
-0.644815
-0.38512
0.349786
-0.40496
-0.226683
-0.292598
0.626266
-0.418082
-0.379547
-0.355778
-0.373872
-0.721738
0.434909
0.547063
-0.870088
-0.096947
-0.0852768
-0.506553
0.98294
-0.11795
-0.161508
-0.324426
-0.240721
0.95984
0.190121
0.457075
-0.792707
-0.190376
0.994351
-0.320474
0.73407
-0.879952
-0.14324
-0.873721
-0.476355
-0.177825
0.270729
0.381332
0.927716
0.289429
-0.822248
0.900045
0.244558
0.290696
-0.585521
0.999124
-0.62845
-0.558776
-0.296656
0.82503
-0.261847
-0.768615
0.669762
0.206006
-0.337189
0.253432
0.411809
0.605028
-0.0234643
0.66147
-0.839518
0.291679
-0.897904
0.801434
0.87599
-0.597927
0.145071
-0.78815
0.908496
0.433826
0.653569
0.389971
0.543079
-0.35745
0.12378
0.42759
-0.268003
-0.273471
-0.00276842
0.752552
0.34785
0.0505113
0.62915
0.753528
0.629651
0.59471
0.902135
-0.963737
0.384543
0.188018
0.0356298
0.766898
-0.673501
0.653342
-0.507856
0.113033
-0.0667995
-0.514226
-0.243464
0.163007
-0.706684
0.528062
0.0171126
-0.716915
-0.984921
-0.944908
0.0244686
-0.491605
-0.619787
0.411785
0.62015
0.592732
-0.380043
0.611232
0.0398271
-0.295479
0.972898
-0.974219
0.263179
-0.224321
0.0456638
-0.762836
0.142736
0.858864
-0.564562
0.767688
-0.581272
0.0721162
0.754445
-0.871724
0.586959
-0.606834
-0.459411
-0.161804
-0.430926
0.2517
-0.569033
0.407393
-0.258386
-0.741798
-0.269416
-0.461388
0.910448
0.996639
0.331192
-0.953934
-0.160346
-0.923325
0.21709
-0.304821
0.410838
0.580806
0.577561
0.543838
0.338501
0.526112
0.87436
-0.964516
0.868696
-0.341347
-0.254191
-0.194187
0.76817
-0.435549
0.35813
0.966837
0.513371
0.566764
0.53441
0.674695
-0.729416
-0.967989
0.851804
0.291308
-0.283141
0.158493
-0.8713
0.581908
0.213642
-0.983592
0.196579
-0.263441
-0.764986
0.278773
0.34864
-0.313088
0.69823
0.378425
-0.318189
-0.386218
-0.923859
0.185304
-0.364738
-0.230334
0.217639
0.684783
0.598604
0.472473
-0.873154
0.335057
0.532877
-0.196029
0.292503
-0.674104
0.632139
-0.449749
0.285429
-0.0104775
-0.206804
0.0880492
-0.637806
0.0526532
0.596032
0.0329276
0.642113
-0.772228
0.736361
0.232742
0.639796
0.275712
-0.526709
-0.316645
0.830824
-0.433984
-0.35646
-0.81589
0.497056
-0.998563
0.792885
-0.753174
-0.214489
0.709704
-0.43485
0.682429
0.126546
0.399339
-0.950559
0.0656329
-0.755039
-0.225581
0.565309
0.412027
-0.818389
-0.380428
0.131071
0.71243
0.896735
0.420346
-0.516005
-0.823509
-0.61857
-0.427896
0.568132
0.870102
0.767789
0.617655
-0.235588
-0.118645
0.265389
-0.468706
-0.481769
-0.519067
0.290305
0.230331
-0.0215753
-0.790583
-0.936694
0.410467
-0.277535
0.292937
0.682254
-0.0107948
0.690586
-0.540018
0.939518
-0.020158
0.494367
-0.258882
-0.734047
0.435868
0.187855
-0.608578
-0.125932
0.30805
-0.025033
0.044671
-0.984619
-0.0804636
-0.450851
-0.361171
-0.280127
-0.68949
-0.108326
0.826939
-0.0756612
-0.876068
-0.0187415
0.440377
0.551441
-0.629469
0.967397
0.247479
0.48051
0.357077
0.417198
-0.600391
0.926814
0.890835
-0.751335
-0.242361
0.799781
-0.611451
-0.285948
0.949204
0.909269
0.191175
-0.839595
-0.839145
0.27029
0.583882
0.14109
-0.222043
-0.51623
0.131976
0.896221
0.884626
0.973259
-0.180861
0.947809
-0.825544
0.443533
-0.769175
-0.0499483
0.766363
0.275495
-0.994545
-0.523902
0.790381
0.684817
-0.958545
0.853924
0.170738
-0.520436
-0.188967
0.125535
0.239408
-0.721763
-0.412194
0.149846
0.205008
-0.161564
-0.160603
-0.424167
-0.468487
0.425538
0.191542
0.651125
-0.777546
-0.751667
-0.521296
-0.911977
0.367244
0.656271
-0.829008
0.651816
0.400192
0.0686797
-0.181182
-0.528081
0.794193
-0.938064
0.813616
-0.591589
0.792417
-0.605069
-0.155078
0.681854
0.907158
-0.243186
0.839782
0.901955
0.591269
-0.0683265
-0.757295
0.126662
-0.601965
-0.374746
0.0961298
0.543663
0.469011
0.393471
-0.229019
-0.342898
-0.391381
0.203474
0.430994
-0.474133
-0.401571
0.39449
-0.980971
-0.955207
0.255263
-0.694754
0.865269
-0.559225
0.381692
0.487747
0.559245
-0.503345
-0.56323
0.578685
0.451664
0.773435
-0.612326
-0.725631
-0.240012
0.757434
0.652641
0.0217651
0.408468
-0.281761
-0.0351151
-0.89755
0.211963
-0.369736
-0.574341
0.256773
0.891165
-0.879087
-0.615029
0.079963
0.229095
-0.317689
0.0404982
0.262792
-0.543795
-0.2652
-0.914753
-0.0517009
0.179387
0.861042
0.675351
0.0739779
0.830358
0.556817
-0.978986
0.336876
-0.387921
-0.784763
-0.549167
-0.0895993
-0.687822
-0.37895
0.0605329
-0.944534
0.400688
-0.00333687
0.00925286
-0.309601
0.783467
-0.0458817
0.176807
0.405339
-0.0491658
-0.148786
-0.966991
0.0475772
0.655744
-0.706245
-0.250781
0.46874
0.221162
-0.183399
-0.429428
0.789608
0.820755
-0.501856
-0.169786
0.212466
-0.41466
0.325534
-0.0346881
0.229944
0.290251
0.276143
0.132153
-0.25897
-0.65993
-0.344286
0.621639
0.275457
0.35162
-0.026936
-0.706744
-0.44021
-0.37612
0.481464
-0.803821
0.998933
-0.773047
-0.376943
0.279362
-0.701465
0.826651
0.0843488
0.264166
-0.186857
0.354278
0.936214
0.145132
0.395692
-0.0134263
-0.0330248
0.684431
0.257895
0.0295593
0.131578
0.822919
-0.763513
-0.297646
0.0469566
-0.286902
0.369101
-0.320491
0.847815
0.391284
0.327018
0.136481
-0.623494
0.78699
-0.400017
-0.839516
-0.384852
0.737487
-0.724073
-0.428958
-0.116309
-0.972983
-0.353255
-0.193342
-0.638375
-0.0840462
0.543781
-0.0506054
-0.288949
-0.516707
0.763438
-0.16072
0.531472
-0.639207
0.781572
-0.00552233
0.59796
-0.927987
0.316093
-0.610094
0.201273
0.41665
-0.392705
-0.752931
0.28432
0.386887
0.900148
-0.208957
-0.0507984
0.149746
-0.934757
0.522141
0.884882
0.376234
-0.18954
0.963174
-0.781184
-0.187349
0.232277
-0.204916
0.621972
0.246884
-0.240371
0.133907
0.566697
-0.320314
0.40028
0.404556
0.261128
-0.28609
0.0895351
-0.872737
-0.0523463
-0.021067
-0.53183
0.868956
-0.41933
-0.0831017
0.0692274
-0.428506
-0.310682
0.650513
-0.970141
-0.154446
-0.579663
0.435332
0.684627
-0.108731
0.894993
0.275691
-0.455741
-0.0571145
0.326696
-0.504856
-0.725501
-0.55533
0.314654
-0.403755
-0.227187
0.0460785
-0.14652
-0.618045
0.333392
0.344907
-0.673657
0.851472
0.747309
-0.780496
0.0341371
-0.577458
-0.838965
-0.129341
0.0990981
-0.718378
-0.141626
-0.948506
0.574351
-0.703786
-0.445544
0.694617
-0.726697
0.997524
0.564213
-0.75346
-0.0701206
0.239696
-0.817515
-0.118233
-0.545604
-0.326814
0.507944
0.235511
-0.127561
0.517486
-0.750194
0.499341
-0.616401
-0.848681
0.976678
0.0345294
0.599693
-0.511135
0.898195
0.859972
0.114843
0.804435
0.877254
0.90765
0.599409
-0.398077
-0.998271
0.126687
-0.780849
-0.524972
0.112514
0.613597
-0.267917
0.892988
0.607043
0.955686
0.265731
-0.045122
0.529369
0.846034
0.512601
0.279267
0.645371
-0.227314
0.873778
-0.561441
0.324831
0.763642
-0.389009
0.0991261
0.753966
-0.468372
0.0467789
0.366441
0.335007
0.551887
-0.415158
0.923091
0.202373
-0.0338534
-0.942504
0.040838
0.942454
0.915267
0.852267
-0.360496
0.395641
-0.223432
0.888991
-0.921688
-0.167556
0.139196
-0.115876
-0.742965
0.247778
0.504094
0.0733536
0.280387
0.888837
0.287712
0.576138
-0.50808
-0.551912
-0.754412
-0.48202
0.0697433
0.0694687
-0.896354
0.47349
0.00324954
0.519486
0.964704
-0.379741
-0.70705
0.8619
0.696556
-0.571516
0.882421
-0.852702
-0.37135
0.360053
-0.986367
-0.389487
-0.68529
-0.616739
-0.431614
0.634009
0.297277
0.701806
-0.736432
-0.688869
-0.135254
0.583667
-0.586021
0.896727
0.997805
-0.958999
-0.849777
-0.566493
0.582637
0.901459
-0.0424446
0.970299
0.0647616
-0.032884
-0.736565
0.872362
-0.0117902
0.0372713
0.801508
0.67585
-0.0203514
-0.821379
0.46842
0.646764
-0.973151
-0.879194
0.998904
0.629557
0.472959
0.265544
-0.696179
-0.900119
0.461031
0.964936
-0.30856
0.489707
-0.467378
0.0913469
-0.928108
-0.560298
-0.889375
-0.957785
-0.735825
-0.288257
-0.647966
-0.551516
0.87127
0.619018
-0.832031
0.311817
-0.734225
0.119608
0.289344
0.711853
0.0339003
-0.228636
-0.175253
0.872658
-0.950405
0.881456
0.931353
-0.796275
-0.376342
0.132583
0.0299358
-0.376959
-0.66336
-0.356517
0.547776
-0.165246
0.769224
-0.249085
0.562614
0.445634
-0.186405
0.43289
0.736607
0.968825
-0.748562
-0.907849
0.758502
0.0347481
0.856194
0.512184
0.714571
0.497256
0.0888748
0.66468
-0.0973297
-0.337229
-0.265834
-0.814498
-0.779497
0.537171
0.220105
-0.858234
0.828517
-0.794314
0.112143
0.329779
-0.612469
0.729436
0.929766
-0.776073
0.71399
0.929923
-0.856761
0.231113
0.021802
-0.97739
0.00572699
0.865314
-0.5909
0.0386787
0.720834
-0.351936
-0.429241
-0.0416251
0.853767
0.962998
0.706545
0.350244
-0.708592
0.561086
0.444897
0.580131
0.82502
-0.00808245
-0.923632
-0.683813
-0.618402
-0.339869
-0.577649
0.26151
0.167523
-0.00967932
0.717901
0.14895
0.533939
-0.894669
-0.208532
0.481255
0.578151
-0.0901202
-0.0558421
0.19615
-0.862979
-0.485571
-0.105551
-0.576686
0.861973
0.667959
-0.344887
0.601349
-0.998431
0.981031
-0.12928
-0.268197
0.405865
0.465916
0.132163
0.0230074
-0.478318
0.0757436
0.0767942
-0.648993
0.802019
0.253774
0.153207
0.0342571
-0.791594
0.633749
0.0419787
-0.594432
-0.381231
-0.458216
0.0215374
-0.934175
-0.681699
-0.369661
-0.574747
0.158929
-0.790166
-0.813345
-0.829816
-0.838007
0.818952
-0.90193
0.355139
0.584442
0.0557573
0.901247
0.143918
-0.262089
-0.331503
0.428954
-0.203436
-0.456967
-0.443321
-0.315706
-0.108378
0.612931
-0.463114
0.700906
0.920741
0.503847
0.908442
-0.156063
0.180883
0.664604
-0.976886
0.692475
-0.970302
0.600531
0.396509
0.18805
-0.813164
-0.0908
0.92289
-0.664573
-0.90029
-0.685798
-0.922346
-0.75385
-0.442398
-0.319495
0.814093
0.129628
-0.723067
0.0377321
-0.389328
-0.886232
-0.141376
-0.617873
0.0166296
0.258386
0.846991
0.690885
0.946132
-0.793614
0.897936
-0.235984
0.500232
0.660982
0.318765
0.87009
-0.503007
0.03068
-0.543908
0.965583
0.960275
0.428276
-0.0553834
0.763943
-0.307804
0.129365
-0.548121
0.378165
0.749124
0.384067
0.320724
0.948425
0.153401
-0.0770282
-0.337179
0.950484
-0.175329
-0.858705
0.691498
-0.619838
0.437341
-0.0419414
-0.669624
0.820619
0.15591
-0.994261
0.205762
-0.293422
-0.287919
0.733163
0.594735
-0.832911
0.875969
-0.77929
0.306818
0.766357
0.287271
0.417683
0.535757
-0.390617
0.36633
-0.78362
-0.590913
0.94161
0.912739
-0.84148
0.678315
-0.598575
-0.460965
-0.956982
-0.706464
0.146753
0.319789
-0.895196
-0.693594
-0.870891
-0.421348
0.550728
-0.552452
0.71444
-0.769853
-0.313427
-0.178074
0.239761
-0.27778
-0.598947
-0.969619
-0.677067
0.138975
0.891099
-0.324055
0.804175
0.115077
0.847676
-0.943582
0.315534
-0.805012
-0.0903312
0.770067
0.305184
-0.652665
0.518974
0.0508636
0.568123
0.965949
-0.937935
-0.354973
-0.638409
0.338972
0.00911376
0.363274
0.171306
-0.746637
-0.267341
-0.973179
-0.141931
-0.372543
-0.634634
-0.605272
0.42343
0.980207
0.59966
0.0859616
-0.55419
0.852022
0.923039
-0.082775
0.136242
-0.173772
-0.965431
0.816403
0.379354
0.173258
0.248978
0.174637
-0.916185
-0.411558
-0.0157262
0.3671
-0.804651
-0.337493
0.3289
-0.950179
0.947966
0.589603
0.848269
-0.865895
-0.0150238
-0.93029
-0.216966
0.29848
0.155042
0.386309
-0.0782445
-0.785038
-0.358712
0.722306
-0.958594
0.203819
-0.631752
0.207824
-0.748439
0.63295
0.0346154
0.202414
-0.310982
0.276506
-0.510543
-0.02882
0.198436
-0.824043
0.243134
0.784609
-0.398648
0.033217
0.277919
-0.981023
0.00842342
0.375145
-0.0114775
-0.134386
0.042352
0.890416
-0.0648874
0.644011
0.412824
-0.73004
0.317965
0.135192
0.38554
0.70076
0.288678
-0.897732
-0.160871
0.11271
-0.955664
0.000714779
0.524368
-0.037168
0.567934
0.315102
0.102715
-0.173907
0.313287
0.919503
0.0257727
-0.910014
-0.55325
0.963905
-0.517122
-0.22438
0.220065
0.546528
-0.094187
-0.927928
-0.691762
-0.798513
-0.978221
0.548851
0.645593
0.653989
-0.274798
0.796698
0.117422
0.39784
0.750663
0.131554
-0.541228
0.504054
-0.0572
-0.768599
0.953354
0.714179
0.224983
0.799051
0.355889
0.921267
0.405201
-0.36094
-0.75239
-0.0966715
-0.618165
0.536936
-0.399511
0.300078
0.166565
-0.690734
0.671098
-0.0858784
-0.483926
0.510833
0.820589
-0.687993
-0.909741
0.603256
-0.166379
0.349771
-0.284987
-0.513254
0.538628
0.418309
-0.920894
0.999739
-0.369022
-0.253726
-0.452903
-0.322442
-0.783608
0.241604
0.0573685
0.983292
-0.116045
0.0737937
-0.393474
-0.474596
0.617238
0.987965
0.277511
-0.156973
-0.712232
0.427211
0.812743
0.68942
0.745232
0.889921
-0.726744
-0.42208
0.325699
0.722589
-0.126003
-0.0745713
0.986601
-0.782987
0.463467
0.397064
-0.837504
-0.237691
-0.920065
-0.668236
0.723808
-0.144149
0.912551
-0.145059
-0.915466
0.617246
0.724996
-0.855952
0.99808
-0.42889
-0.305355
-0.339708
-0.959158
-0.97645
-0.0810015
0.0180454
-0.677502
0.786116
0.765967
0.942754
0.0390644
-0.180903
-0.44284
0.811477
0.0698016
-0.68128
-0.0429756
0.992394
-0.767225
0.287533
-0.221556
0.293101
-0.646317
0.193756
-0.0804758
0.221943
-0.235403
-0.845852
-0.909241
-0.423651
0.817971
0.397557
0.502116
-0.090807
-0.14008
0.730935
-0.88142
-0.269035
-0.679897
-0.879975
-0.81202
0.515098
-0.170111
-0.219899
0.475941
-0.00803662
0.497467
0.987207
0.46965
-0.712021
-0.00185398
-0.560704
0.681671
0.0110739
-0.742667
0.956927
-0.875797
-0.734678
0.379424
0.719274
-0.177881
-0.573216
-0.302835
-0.868854
0.362082
-0.922596
0.281332
-0.319711
-0.306767
0.922398
-0.0465775
0.491326
0.771742
-0.0579342
0.569803
-0.783289
0.706429
0.83669
0.161277
-0.149841
-0.514404
-0.256819
-0.937789
-0.238987
-0.171487
0.477954
0.115317
-0.959373
-0.744799
-0.85102
-0.99731
0.361548
-0.516952
0.766356
0.978614
0.515809
0.300534
-0.614124
0.776289
-0.093796
0.489043
0.00860727
-0.143815
0.666409
-0.634322
-0.617358
-0.398806
0.685096
-0.312916
-0.443545
-0.226822
0.177153
-0.551355
-0.287219
0.623731
-0.732378
-0.0911148
0.815258
0.86418
-0.982681
-0.021781
-0.97879
0.215255
-0.24813
-0.84377
-0.98079
0.174999
-0.72693
0.250709
0.522624
0.636472
-0.0812941
-0.865699
-0.133502
0.551112
0.752851
0.356076
0.759595
-0.648503
0.335715
0.264777
-0.66251
0.706068
0.946805
0.671941
0.505207
-0.178981
-0.784377
-0.136654
-0.0999919
0.657071
-0.829672
-0.596586
-0.173066
0.807244
0.342889
-0.760792
-0.235951
0.495298
-0.789542
0.641307
0.687063
-0.00810685
0.470136
0.206653
0.76877
-0.909337
0.984431
-0.753647
0.865487
-0.655667
0.388963
0.727886
0.378504
-0.287621
-0.12718
-0.402387
-0.292222
-0.581063
0.405564
0.865717
0.618593
0.493864
-0.0881151
-0.574413
0.760001
0.987768
0.0185052
0.0881639
0.692043
-0.619683
-0.512393
-0.0572343
-0.262315
-0.59777
-0.270254
0.0485349
-0.841951
0.634933
-0.181127
-0.346022
-0.785282
-0.887873
-0.381679
-0.645205
0.966072
0.47146
-0.563756
-0.535181
0.9668
0.264175
0.293024
0.671939
0.894784
-0.0496738
0.711022
0.638829
-0.820864
0.275632
0.0912959
0.959899
-0.501125
-0.227366
-0.195856
0.668911
0.2443
-0.192277
0.561377
0.193551
-0.723732
-0.333048
0.367519
-0.612428
0.955648
0.778858
0.727263
-0.766934
-0.369332
-0.0982122
-0.488756
0.507763
-0.419407
0.516714
0.471621
-0.178913
0.688263
-0.710693
-0.885032
-0.0321445
-0.427662
-0.16288
-0.197698
0.0332415
-0.896876
-0.984458
0.964899
0.082498
0.529532
0.867379
-0.289591
0.519899
0.891351
0.771466
0.772672
0.850618
-0.78416
-0.300562
-0.166758
0.75208
-0.15474
0.863494
0.386104
-0.141979
0.647832
-0.375284
0.503249
-0.719989
0.736197
0.436905
-0.854259
0.415919
-0.284765
0.658497
-0.570354
-0.917214
-0.683534
-0.834214
-0.451751
-0.0656777
-0.543374
-0.17443
-0.478745
0.347668
-0.552668
-0.866414
0.139526
0.156162
0.216887
-0.488456
-0.722952
0.0751131
-0.408434
0.109019
0.318847
-0.68575
-0.585012
-0.519882
0.210349
-0.392609
0.503567
0.397482
-0.490272
-0.0667027
-0.785271
-0.216332
0.277099
0.651105
0.172566
0.293232
-0.0787809
0.0725862
-0.449078
0.687001
0.134023
-0.342813
-0.179784
0.784461
0.313008
0.982311
0.280825
0.931504
-0.0094606
-0.923128
-0.781525
-0.903499
-0.974799
0.580436
0.240294
-0.164722
0.746328
-0.488679
0.789257
-0.138335
0.602613
0.967365
-0.448922
-0.324382
0.244852
-0.382897
0.0317492
0.27019
-0.170806
-0.182675
0.992797
-0.735196
0.752684
0.225046
0.936742
-0.20078
-0.999471
-0.613641
0.974794
-0.0923896
0.889557
0.147821
0.770681
-0.732935
-0.615019
-0.657229
0.0242848
-0.462515
-0.460599
-0.807792
-0.642431
-0.567129
-0.54925
0.0377164
0.356911
-0.751686
-0.604937
-0.948414
0.052307
-0.0874225
0.236435
-0.492143
-0.589741
0.281915
0.793708
0.0618643
-0.287162
-0.469074
-0.221239
0.518453
-0.453104
0.914749
-0.0512101
-0.633168
-0.393557
0.947397
0.951917
-0.431402
-0.848366
0.663408
0.684322
0.553537
-0.838183
-0.08751
0.339234
0.950266
-0.672293
0.11025
0.212553
0.0315073
0.654536
0.318075
-0.514267
-0.832853
-0.555748
-0.476661
-0.657455
0.385293
-0.129249
-0.110562
-0.847684
-0.79372
-0.863418
0.107988
0.160599
-0.414807
0.818009
-0.322122
-0.358548
0.775654
-0.236846
-0.426448
0.897995
0.489672
0.288987
-0.635176
-0.478504
0.491264
0.783707
0.568386
0.876808
0.363508
0.346562
-0.340236
-0.177384
0.413754
-0.526006
-0.171594
0.735812
0.347908
-0.118445
-0.895105
0.471608
0.711373
-0.722389
-0.665253
0.954773
-0.408959
0.349932
0.136241
0.54354
0.808674
0.358091
-0.0897868
-0.493432
-0.858014
0.818708
0.854019
0.45521
0.40599
0.274744
-0.938279
-0.760104
-0.0867807
-0.258545
0.452781
-0.0832436
-0.675938
-0.402458
0.998615
0.812319
0.962014
0.342804
-0.426298
0.923869
-0.557906
-0.993661
0.185908
-0.543605
-0.416685
0.941389
-0.661256
0.384961
-0.470594
0.0079433
-0.49044
-0.776097
-0.683624
-0.0670391
0.381553
0.0331546
