0
0
-0.541682
-0.084964
0.0505232
0.436346
0.705378
-0.934334
0.469685
-0.561222
-0.597085
-0.418899
0.541933
-0.909627
-0.433687
0.201735
-0.933002
-0.978894
0.915526
-0.939372
-0.953726
0.00562726
-0.755048
-0.755613
-0.0957266
0.0476366
-0.203972
0.262293
-0.100445
0.331047
-0.635077
-0.305017
-0.523323
-0.831678
-0.315045
-0.0239491
0.394735
-0.13278
-0.172418
0.983335
0.126752
-0.199754
-0.621241
-0.933147
0.0450964
0.390778
-0.171927
-0.321544
0.818525
-0.578394
0.540523
-0.658639
0.938369
-0.13476
-0.00342617
-0.640094
0.0923992
-0.564315
-0.318133
-0.454299
-0.303859
0.501891
0.353412
0.381744
0.418565
0.778921
-0.486761
0.936818
-0.261874
-0.634345
-0.0375673
-0.598292
0.516272
0.412751
-0.220873
0.985736
-0.0981184
-0.729946
-0.202763
-0.335095
0.705334
0.854005
-0.439746
0.400927
-0.872308
0.857315
0.996042
0.380887
-0.576166
-0.900013
-0.806725
0.600163
-0.782218
0.706302
-0.754158
-0.344352
0.255805
-0.975277
0.439588
-0.91061
0.0226895
-0.813393
0.881013
-0.741822
0.808569
0.302128
0.208236
0.625011
0.282399
0.383163
-0.262397
0.625436
-0.326284
-0.804687
0.461573
-0.169251
0.785035
0.304966
0.109933
-0.776101
0.203484
-0.198804
-0.362228
-0.475971
-0.246336
0.427481
0.363758
0.31097
-0.244395
-0.603621
0.299258
0.353995
0.581225
-0.861963
0.938029
0.617993
0.203984
0.904237
0.343765
-0.804966
-0.671004
-0.204274
0.0302139
0.475106
0.343638
-0.097382
-0.90559
0.553296
-0.345467
-0.392035
0.469103
-0.780154
-0.523992
-0.0628451
0.872684
-0.199846
-0.471811
0.0523382
0.252397
-0.316383
0.847917
0.146257
-0.565398
-0.686566
-0.371723
-0.558898
-0.866085
0.497266
-0.356679
-0.78809
0.596465
-0.452806
-0.561389
-0.952427
0.101027
0.350825
0.799205
0.351755
0.561773
0.774725
-0.382646
-0.85464
0.970861
0.255301
-0.770805
-0.390057
0.312904
-0.0111553
-0.53715
-0.143286
0.145944
-0.393042
-0.0308353
-0.624724
0.861273
-0.112206
0.936421
-0.200003
0.400217
0.893744
-0.468673
-0.72147
0.10494
0.180472
0.900494
0.366033
0.927913
-0.385341
0.0900702
0.603875
-0.70148
-0.76553
-0.650666
0.327747
-0.0520752
0.594454
-0.344941
-0.61644
0.420105
0.293088
0.378674
0.822807
0.0185276
0.996672
-0.381964
-0.0356766
-0.0700143
-0.421398
-0.289831
-0.075531
0.672241
-0.548635
-0.426182
0.409822
0.680028
0.137294
0.147652
0.639015
-0.996724
-0.31085
0.185266
-0.321453
0.484941
-0.326395
0.173563
0.0785202
0.63572
0.190104
-0.358113
0.559851
0.0884074
-0.322456
-0.0848024
0.393975
0.246646
-0.0247806
0.764054
0.534482
-0.757461
0.722824
-0.506101
-0.779534
0.0917569
0.868951
0.52094
0.72775
-0.626678
-0.365374
-0.582855
0.275843
-0.75519
-0.20616
0.950207
-0.472271
-0.098749
0.00320331
0.264154
0.517322
-0.952811
0.928734
0.00494247
-0.269843
0.0458909
-0.417889
-0.779813
-0.378309
0.238157
0.123412
-0.568555
0.331047
0.133712
-0.482651
-0.157399
0.249713
-0.628543
-0.814829
-0.536322
-0.4197
0.830337
0.351088
-0.257797
0.305652
-0.700814
-0.39349
0.85595
0.186944
-0.389676
0.728298
0.720135
0.317996
0.450618
-0.122942
0.604811
-0.942115
0.552745
-0.216514
-0.31173
-0.0765503
-0.634387
-0.553796
-0.165823
-0.604181
0.35152
-0.565241
-0.495056
-0.769508
-0.203427
0.333135
0.578333
0.769357
0.257296
-0.299947
-0.202962
-0.667154
0.0860138
-0.315491
0.542531
0.156809
-0.886622
-0.452105
0.171256
0.494692
-0.545354
0.928055
-0.584908
-0.0686597
0.595824
-0.47813
-0.792128
-0.172206
0.17216
-0.957814
-0.133347
0.0502816
-0.273857
-0.29913
0.895609
0.266719
0.745597
-0.910576
0.531011
-0.8642
-0.210089
0.771641
-0.21601
-0.629208
-0.326728
-0.851101
-0.359135
-0.737453
-0.43816
0.632511
0.8152
-0.531579
0.709705
0.934484
0.274577
0.325808
0.566305
0.788196
0.163688
0.864941
-0.849767
0.251514
0.120464
-0.730474
-0.380674
0.966674
-0.755193
0.491828
-0.087155
0.0721844
-0.311117
0.0140406
-0.952598
0.342799
-0.813851
0.692482
0.829793
0.58492
0.695314
-0.599137
0.928898
-0.499798
0.843416
-0.669456
0.912402
-0.846833
-0.798555
-0.333873
-0.240983
-0.683575
0.526588
0.619789
-0.214692
0.431762
0.00147064
-0.304494
-0.307505
-0.765699
0.170902
-0.610271
-0.155988
-0.119172
0.513862
0.292657
0.798356
-0.844809
-0.1245
-0.467221
-0.457891
-0.791826
0.0681614
-0.215796
-0.734527
-0.467771
0.0849827
-0.498566
0.555352
-0.0538962
0.328071
0.618861
0.609839
-0.827595
-0.891916
0.0174967
0.636097
-0.749189
-0.661266
0.679832
0.570588
-0.504435
0.0916443
0.488204
-0.813285
0.580751
-0.0832588
-0.119164
-0.533275
-0.450094
-0.336839
-0.651404
-0.185613
0.00762846
0.333245
-0.896991
-0.166635
-0.227162
0.577135
0.771907
0.865375
-0.185609
-0.351471
-0.972798
0.877187
-0.956552
-0.22839
-0.3288
0.00697038
-0.924166
-0.760221
0.0857218
-0.405105
-0.810013
0.788652
-0.154305
0.487725
0.872169
0.426802
-0.684899
-0.0965531
0.998604
-0.0424564
0.413722
-0.120031
0.494627
-0.434503
-0.106293
-0.737158
-0.904234
-0.379428
-0.0281153
-0.0359047
-0.754267
-0.156001
-0.118293
-0.597694
0.822596
-0.121798
0.502271
-0.888181
0.0397493
-0.0426973
-0.30213
-0.62806
-0.80914
0.999676
-0.687391
-0.744456
-0.597671
0.931937
-0.843805
-0.331882
0.438621
0.577748
0.869291
-0.80788
-0.828016
0.0359917
0.168966
-0.131172
-0.302039
0.709681
0.390004
-0.0972747
0.987494
0.178955
0.269352
0.0812821
-0.736542
-0.737404
-0.972048
0.480224
-0.304629
0.747393
-0.436576
-0.181319
0.981297
0.523902
-0.553589
-0.66803
-0.799161
0.790787
0.974791
-0.789793
0.813541
-0.915327
-0.90303
-0.604666
-0.0562252
0.426675
-0.847187
0.619801
0.454198
-0.740381
-0.575627
0.947428
-0.03474
-0.106915
-0.245236
-0.186244
-0.667344
0.660583
0.646186
0.92878
-0.25576
0.0636996
-0.533919
0.647715
0.928989
0.931331
-0.322771
-0.90247
-0.461215
0.973796
0.230007
0.0433881
-0.329268
0.990675
0.632276
0.310296
0.451409
0.902804
-0.284281
0.0500375
0.940455
-0.53116
0.76958
0.690455
-0.400701
0.145553
-0.111256
0.965154
0.367829
0.965468
-0.68685
-0.787736
0.331824
0.853034
-0.99908
0.698952
-0.883982
-0.876941
0.580298
0.455269
-0.475649
0.871446
-0.686047
0.248719
-0.550139
0.222581
0.576342
0.0628316
0.584853
-0.426688
-0.638374
-0.160365
0.523821
0.498322
0.774323
0.752524
-0.57848
0.363446
-0.0725773
-0.0737025
0.33229
0.535189
-0.470137
0.468956
-0.38468
0.21639
-0.663037
-0.608604
-0.930031
-0.207617
-0.896631
0.472722
0.807335
-0.586519
-0.0589911
0.774891
-0.956799
-0.181058
0.510498
-0.529974
0.666174
0.557471
-0.364229
-0.610271
-0.793917
-0.68949
-0.0495156
0.452472
0.261806
-0.550094
-0.39104
0.116932
-0.262961
-0.299263
-0.694794
-0.834235
-0.933975
-0.657051
-0.612067
0.729054
-0.215628
0.968421
-0.460155
-0.498164
-0.668967
0.0315558
-0.360821
-0.61356
0.970833
-0.943136
-0.0604443
0.988932
-0.286069
-0.316085
0.689251
-0.199483
-0.536271
0.749132
-0.290537
-0.422292
0.694491
0.498175
0.950274
0.31375
0.887865
-0.367415
0.586634
0.479497
-0.703055
0.869375
0.707511
-0.433091
0.0145357
0.912001
0.623649
-0.818449
-0.527956
0.11299
-0.187112
0.721155
0.658254
-0.0588541
-0.911887
-0.503423
0.149545
-0.539506
0.872789
0.685663
0.727262
-0.288121
-0.790534
-0.928991
0.201668
-0.558837
0.314249
0.355769
-0.0508122
0.986012
-0.640866
0.718429
-0.0880757
-0.457317
-0.259244
-0.508391
0.116761
-0.708001
-0.100563
0.822401
-0.986505
0.779988
-0.924004
-0.0768064
-0.29725
-0.497223
-0.180146
0.495566
0.982988
0.515202
0.777871
-0.498256
0.964478
0.967072
0.435028
0.570016
-0.930871
-0.831844
0.628704
-0.372263
-0.0485329
0.29838
0.840234
0.762171
-0.521506
0.377484
-0.838496
0.0213035
-0.633907
0.776869
0.272591
0.107578
-0.0618177
-0.059313
0.176871
-0.711741
0.161147
0.705234
0.839568
0.547137
0.343143
0.00545598
-0.0323324
0.38825
0.04028
-0.423451
0.107779
0.024135
0.00436309
0.677168
-0.414811
0.265827
-0.528596
0.0433519
-0.572265
-0.636842
0.614567
0.343937
-0.846254
-0.755426
-0.848322
-0.397533
-0.510638
0.249454
-0.673296
0.959032
0.818405
-0.412561
-0.446734
0.760493
-0.900973
0.211319
-0.696986
-0.390306
-0.67953
-0.604936
-0.589977
-0.742431
0.0864337
0.626348
0.0393419
0.740226
0.994829
-0.331745
-0.794328
0.954843
-0.450131
0.89476
-0.632668
0.510107
0.282504
-0.79818
0.454668
-0.762606
0.971449
-0.754492
0.0707666
0.738678
0.170786
0.813825
-0.428288
0.915147
0.485723
-0.837001
0.359288
-0.732114
-0.560415
-0.434166
-0.0958001
-0.63175
-0.668363
-0.244982
-0.101833
0.233744
0.972461
0.112311
0.608138
0.910072
-0.912873
-0.249209
0.429187
0.735311
0.96576
-0.575203
0.326245
-0.190335
0.921966
0.591904
-0.938827
0.13352
0.98981
0.935982
0.887186
0.329142
-0.0988529
0.555606
-0.431516
-0.286997
-0.556216
-0.334973
-0.255018
0.984713
-0.76904
-0.709833
-0.0408341
0.734506
0.903159
-0.154931
-0.399895
0.550923
0.857225
0.747988
0.958523
0.454591
0.811394
0.355177
0.276275
0.496655
-0.608219
-0.549795
0.454902
-0.31335
0.0611218
-0.585403
-0.215335
0.0497719
-0.644319
-0.430492
-0.695288
-0.994923
-0.66437
0.958646
-0.862464
0.144864
0.515679
-0.0157421
0.37956
0.510291
0.562865
-0.937178
-0.184153
0.161013
-0.615748
-0.506878
0.288996
-0.773495
0.315552
-0.191443
0.897821
-0.0429065
0.176494
0.753485
0.0872308
0.238852
0.793753
-0.967266
-0.809166
-0.96377
0.861571
0.197858
0.967553
0.835026
-0.758923
-0.601708
-0.508245
-0.994212
0.0753509
0.131222
0.672116
0.260897
-0.834745
0.577811
-0.65111
-0.670387
0.142522
0.356512
0.0858504
-0.646091
-0.228677
0.731428
0.197251
-0.802641
-0.301082
-0.779804
-0.477662
0.188407
-0.879305
0.359523
0.592831
0.4408
0.101287
-0.541845
-0.597499
0.0271742
-0.432577
0.321953
-0.689514
-0.610612
0.216467
0.179196
-0.759696
-0.792712
0.856056
-0.600837
-0.697442
-0.288394
-0.730203
0.108722
-0.0700394
-0.842834
0.158532
0.214386
0.813036
0.255564
-0.321774
0.489328
-0.946632
-0.572993
-0.727932
-0.00428034
0.842839
0.344893
0.0522886
-0.562525
0.902776
0.505619
0.693007
0.154454
0.500573
-0.947829
-0.675419
-0.443038
0.0433985
0.332556
-0.911347
-0.477213
0.318548
0.165556
0.126957
-0.272792
0.445893
0.804793
0.563879
-0.536184
0.977274
-0.208923
0.720457
-0.458509
0.996073
0.0610786
0.657808
0.629098
0.319843
-0.782331
0.579087
0.612888
0.389351
-0.601483
0.40374
-0.296692
0.228171
-0.873594
-0.675999
0.678786
0.21451
-0.194518
-0.0960222
0.237571
-0.78472
0.864426
-0.749481
-0.885778
-0.0781098
-0.890356
-0.8587
0.960416
-0.404428
0.911191
0.939215
-0.484573
-0.608343
-0.968333
-0.193641
0.60411
-0.982071
0.906613
-0.990622
-0.62345
-0.406579
-0.743749
0.931654
-0.198462
0.417769
0.265573
-0.42066
-0.0975411
0.490734
-0.69626
0.95169
0.0417456
0.830851
-0.0684884
0.640435
-0.6248
0.91194
0.360555
0.93106
-0.0278846
0.562219
0.473278
0.245635
0.487634
0.167608
-0.479196
0.02651
0.79162
-0.681139
0.685689
-0.428719
0.316809
0.093708
-0.691069
0.307356
-0.360336
-0.115584
-0.993759
-0.0924032
-0.902249
0.119557
-0.696017
-0.673374
-0.88248
0.391824
-0.84184
0.857328
0.350228
0.681095
0.78099
-0.677797
0.933734
-0.02208
-0.18847
-0.920538
-0.385892
-0.0637281
0.980557
-0.927997
-0.587189
0.64382
0.526611
-0.552369
-0.814804
0.00498411
0.430266
-0.450985
-0.182727
0.619249
-0.852956
-0.786096
0.538227
-0.805364
0.260882
0.78726
-0.776324
0.0699115
0.525351
0.49287
0.653563
0.788421
0.57524
0.947753
-0.928041
-0.704575
0.19789
-0.79388
-0.556273
0.465625
-0.449933
-0.096387
0.048807
0.833804
0.00374561
0.373437
0.947861
-0.157285
-0.452694
-0.0168141
-0.468895
0.661892
0.381903
0.167153
-0.823005
-0.610343
0.316426
-0.717578
-0.883711
-0.340175
0.57984
0.25627
0.157885
0.859926
-0.310146
-0.436585
-0.943819
0.0297377
0.488221
0.875543
-0.657326
0.283504
0.850465
0.407015
-0.786958
0.994039
-0.401695
0.957788
0.819603
-0.439835
0.835297
-0.474883
-0.0204877
-0.854013
-0.14261
0.709286
-0.164384
-0.82433
0.406702
-0.795211
-0.330032
0.591004
0.834398
0.218099
-0.602033
-0.296345
-0.737622
0.869681
-0.722261
-0.783584
-0.92919
0.816408
0.72874
0.516652
-0.587159
-0.72722
-0.930872
-0.599811
0.691825
0.0265168
0.0437221
0.578737
0.106445
-0.647333
-0.055415
0.4733
0.610275
-0.630723
0.358975
0.201732
0.954206
-0.946427
-0.7694
-0.257523
-0.628896
0.48555
0.123832
-0.281363
0.827823
-0.485475
0.0379023
-0.414295
-0.43106
-0.816938
-0.088581
-0.833148
-0.777859
-0.853587
-0.660141
0.889347
-0.567721
-0.738986
-0.981878
-0.402842
-0.649212
0.776402
-0.257712
-0.703418
-0.744242
-0.739161
-0.889906
-0.150682
0.467918
0.611012
-0.837487
0.776241
-0.912823
0.371065
0.43233
0.924442
-0.332875
0.695533
0.426709
0.957464
-0.104735
-0.957105
-0.347719
-0.0544392
0.930851
-0.637095
0.0625177
0.774841
-0.513049
-0.259021
-0.415597
0.631991
0.684603
0.831146
0.775038
0.260521
-0.026756
-0.963649
0.221882
-0.269372
-0.717132
-0.402649
-0.102163
0.728498
-0.652718
0.307155
-0.616248
-0.912875
-0.892569
0.982037
-0.138745
-0.467428
-0.92519
0.85975
0.325549
0.253436
-0.280506
0.469278
0.594591
-0.169495
-0.453011
0.860735
0.0246592
0.629386
-0.506062
0.429724
-0.660893
0.226324
0.0896675
-0.472805
-0.645108
-0.323709
-0.911258
0.509917
-0.848185
-0.57878
-0.00885562
0.754662
-0.729073
0.824658
-0.0234541
-0.464207
-0.614343
-0.399053
0.678088
0.776995
-0.949212
-0.475243
0.824368
-0.591176
-0.945164
0.339341
0.634442
0.855126
0.630781
-0.467467
0.794909
0.274
-0.131062
-0.455764
-0.720911
0.571609
-0.331569
-0.912049
0.822966
-0.912506
-0.759447
-0.372646
0.506765
0.890875
0.349636
0.9065
0.0256741
0.321502
-0.193037
-0.318366
-0.474486
0.610607
0.201974
-0.0729532
0.814722
0.372445
0.085461
0.588213
0.735827
-0.159084
-0.325451
-0.0298388
-0.546246
0.00573486
0.86407
-0.842161
0.511619
-0.204011
-0.831388
-0.216715
-0.272498
-0.758183
0.0464172
-0.643966
0.441704
-0.789268
-0.593157
-0.879045
0.968434
0.054361
-0.455192
-0.645414
0.235633
-0.427823
0.294937
0.651698
0.870549
-0.0369529
-0.739121
0.712882
0.117318
0.277881
-0.224409
-0.50315
0.119837
0.93854
0.801421
0.220098
-0.398583
-0.168265
0.745857
-0.403859
0.900452
-0.282054
-0.19263
0.073886
0.715088
-0.709395
-0.935849
0.362886
-0.0448662
0.436982
-0.184648
-0.523497
0.881351
-0.553148
0.190585
-0.664213
0.0109824
0.970016
0.254196
0.980839
0.427828
0.81957
-0.659215
-0.0666016
0.980268
-0.201635
-0.950801
-0.626349
0.396544
-0.00724195
-0.862303
-0.862178
0.288922
-0.335164
-0.0747905
0.22289
-0.488858
-0.808542
-0.544829
-0.742585
-0.838793
-0.0180991
-0.804002
-0.0778503
-0.392794
0.939417
0.381932
-0.731322
0.957603
-0.314971
-0.784265
-0.793313
-0.161684
0.548595
-0.0206454
0.558105
0.362607
-0.384955
-0.251497
-0.358776
0.714036
0.179577
-0.617579
-0.316964
0.612894
-0.580161
0.441655
0.686233
-0.122437
-0.295096
0.946795
0.916327
-0.221791
0.667188
-0.330368
-0.604126
-0.427878
-0.183555
0.60248
0.642256
0.617854
0.313538
0.522623
-0.406791
-0.514639
-0.866811
-0.0214122
0.34105
-0.210678
0.881795
-0.713176
0.418858
0.178417
-0.609432
0.028868
0.0496189
-0.251846
0.0772044
0.211926
0.778449
0.0718685
0.0389796
0.59611
0.965049
0.812986
-0.470289
0.541085
-0.453251
-0.390342
-0.954839
-0.788998
-0.510673
-0.433401
-0.0798049
-0.856677
-0.278655
-0.21255
-0.679776
0.0213808
-0.448043
0.841558
0.915102
-0.0875335
-0.537268
-0.873738
0.125812
-0.343109
-0.777474
-0.506113
0.74095
-0.260437
0.136441
0.407942
-0.671049
-0.890812
0.880216
-0.109551
0.119903
-0.364521
0.233748
0.682423
-0.499544
-0.195784
0.204544
-0.605628
-0.255713
-0.433453
-0.3514
-0.689328
-0.468618
-0.137315
0.536975
0.582703
-0.36203
-0.412225
-0.607028
-0.0722491
-0.150998
-0.62075
0.987616
0.992547
-0.89598
0.834356
-0.215618
-0.710814
-0.210756
-0.59566
-0.975077
0.46891
0.441681
0.127136
0.207699
0.182914
-0.248565
0.609195
0.870433
0.287991
-0.295323
-0.243828
0.822835
0.500962
-0.415523
0.103494
0.147578
-0.909804
0.802398
-0.432388
-0.872023
-0.272301
0.253971
-0.80465
-0.916884
0.486653
-0.348313
0.717483
-0.304975
-0.321547
0.362856
-0.403982
-0.913832
-0.33409
0.791889
-0.494931
-0.626128
-0.434045
0.527877
0.778058
0.472578
0.906759
0.324432
0.54843
0.0797146
-0.33381
0.414209
0.468491
0.406458
0.0305101
-0.773035
0.506054
-0.50187
-0.0144531
0.848453
0.920755
0.718011
0.588535
0.249808
-0.00680691
-0.181078
0.135476
-0.273985
0.510437
-0.17892
0.0713244
-0.68258
0.638816
-0.374075
-0.416236
-0.543357
-0.228014
0.376968
-0.314651
-0.58949
0.281203
0.723597
0.330883
0.571551
-0.852059
-0.202917
0.39716
-0.940842
0.335834
-0.596588
0.571559
-0.1815
0.144423
-0.0488628
0.144627
-0.438523
0.111628
0.299419
0.27588
0.55145
0.305047
0.607996
-0.142877
-0.548507
0.198961
-0.510475
-0.026406
-0.974768
-0.73253
0.614343
0.209696
-0.799793
0.10823
0.465891
-0.444326
-0.895594
0.0226113
0.222538
-0.436217
0.999482
-0.508922
-0.536096
0.262503
0.832566
-0.295148
0.794877
0.770276
0.332971
0.782384
-0.394392
0.720447
-0.0655942
0.0378299
-0.780032
-0.840706
0.418815
0.0248342
-0.685168
0.374586
0.825618
0.652606
-0.0652472
-0.863333
0.155095
0.406424
-0.0616461
-0.0163555
-0.293164
0.114608
0.916907
-0.699543
-0.971437
0.268686
-0.853792
-0.559321
-0.680421
-0.0119702
0.324243
0.950212
-0.672259
0.884778
-0.308214
-0.0081626
-0.022453
-0.131117
0.174861
-0.572499
0.348868
-0.189134
-0.467884
-0.010736
0.470297
-0.911813
0.198618
-0.485807
0.179804
-0.342256
-0.989517
0.414751
0.732566
-0.85987
-0.496206
-0.61301
-0.478968
-0.947871
-0.579041
0.052899
0.381415
0.888831
-0.525361
-0.963264
-0.0873158
-0.205732
0.326676
-0.472599
-0.774619
-0.407596
0.944031
-0.73279
-0.963007
0.102567
-0.162205
-0.612217
-0.364417
-0.617423
-0.857041
0.263076
0.177785
0.590682
0.91652
0.887864
-0.364584
0.842886
0.93578
0.122233
-0.350118
0.198474
-0.720201
0.296713
-0.816843
0.805951
-0.227301
0.168209
0.834407
0.55257
0.795299
0.337211
-0.585904
0.485408
0.768514
0.398228
0.477117
0.167385
0.0812509
-0.58313
-0.290446
0.0602395
-0.155586
0.754271
0.446977
-0.150223
-0.751872
-0.61651
0.587022
-0.599188
0.775241
-0.465299
0.867836
0.703053
0.267663
-0.378509
0.841542
-0.884063
0.674282
0.0466036
0.553599
0.990567
0.69472
-0.25196
-0.147698
0.150446
0.658432
0.148773
-0.788853
0.659925
0.345118
0.134878
-0.0894447
0.364405
0.71403
-0.585296
0.128427
-0.0952943
0.102408
0.736791
0.59763
0.460166
-0.789699
0.454065
-0.156317
0.164117
0.855976
-0.0734344
-0.700556
0.411624
0.253239
-0.779003
-0.979482
0.549396
0.740705
0.701107
-0.581048
0.0389599
-0.223615
-0.923868
0.799642
0.196056
-0.247988
-0.0448821
-0.951143
-0.680801
-0.819151
-0.494622
-0.802507
0.845215
-0.359536
-0.943101
0.0560752
0.488159
-0.693416
0.828164
-0.0565198
0.234459
0.435417
-0.35995
-0.419681
-0.867849
-0.483458
-0.245991
-0.704843
-0.60072
-0.634729
0.387918
-0.899247
-0.392333
0.791041
0.895014
-0.900309
-0.0549139
0.40371
-0.897842
-0.218108
0.183662
0.289124
0.337002
-0.172511
0.155187
-0.228131
-0.447416
0.301204
0.482908
-0.820694
-0.371082
0.36853
-0.248455
-0.370809
0.155271
0.46969
0.797524
-0.384765
-0.936254
-0.0527127
-0.368868
0.272639
-0.663273
0.933102
0.873167
-0.378482
-0.349357
-0.840705
-0.256237
-0.493795
0.771486
-0.272972
0.287378
-0.151705
0.0384645
0.102844
-0.572975
0.896273
-0.373943
0.488891
-0.0618125
-0.463789
0.0633512
-0.108953
-0.971404
-0.805974
-0.0823526
0.598064
0.737873
-0.438034
-0.75126
-0.0464176
-0.596148
0.0637233
-0.382246
0.424882
0.570114
0.167298
0.05714
-0.495877
-0.977303
-0.272905
0.655654
0.41293
-0.696435
0.544635
-0.0603742
0.816628
-0.70967
-0.113442
-0.516836
-0.981663
0.971714
-0.55034
