0
0
0.364898
-0.0873069
0.334546
-0.750356
0.753341
-0.0156043
-0.466909
0.393461
0.205252
0.0438467
-0.447526
-0.875829
-0.783697
0.477256
-0.281325
-0.672791
-0.47054
0.616011
0.131146
0.669732
-0.394093
0.317826
0.373997
0.162792
-0.0947703
-0.108853
0.303766
-0.575135
0.541183
-0.251451
0.555762
-0.358321
-0.266573
0.927858
0.906981
-0.353356
-0.708548
-0.0685289
-0.443314
-0.559699
0.161722
-0.905646
-0.833504
0.18705
-0.540407
-0.677351
-0.745879
-0.541167
-0.100866
-0.379542
-0.215443
-0.675641
0.0615912
-0.237513
-0.990092
0.127213
-0.342656
-0.592386
-0.455077
0.358126
0.547337
-0.441098
0.373621
-0.532868
-0.821203
-0.0621731
0.402367
0.0464567
-0.225846
0.434348
-0.0410616
-0.19357
-0.662173
-0.26271
-0.311519
-0.192394
-0.541852
-0.491423
-0.348868
-0.915952
-0.140255
0.343282
0.587113
0.232088
-0.617927
0.301268
0.565989
-0.812957
0.0958693
-0.826349
-0.890836
-0.326097
-0.628317
0.443861
0.0137759
-0.571511
0.56126
0.53054
-0.459421
-0.710471
-0.0113503
-0.941516
0.122686
-0.414332
-0.38593
0.0142321
-0.260096
-0.421353
0.283882
0.728654
-0.343256
-0.855859
-0.833778
-0.111208
-0.12544
-0.563528
0.326498
0.678543
-0.232699
-0.606823
-0.0216759
0.432863
-0.27352
0.645863
0.676431
-0.0355533
0.714096
0.200381
-0.807205
0.555391
-0.25171
0.529632
0.305905
0.861242
-0.8241
-0.370242
0.660488
-0.706671
0.260663
-0.295448
-0.0389485
-0.786721
0.421568
0.0597589
-0.918071
0.06317
0.486617
0.197894
0.0756841
0.491477
-0.201458
-0.653132
0.674161
-0.365754
0.243632
-0.644188
-0.000774977
0.547794
-0.404653
0.491641
0.273996
-0.0668721
-0.563778
-0.172031
-0.632913
0.0727113
-0.376102
0.705995
-0.202528
0.71962
-0.619765
-0.172163
0.235962
0.304536
0.65355
-0.495222
0.0935613
-0.732082
0.451701
-0.390367
0.229793
-0.823186
0.454842
0.303841
0.24779
0.467425
-0.560743
-0.462838
-0.758927
0.498632
0.591953
-0.75699
0.143223
-0.664818
0.580459
-0.284327
0.182061
-0.807086
0.118978
-0.0455546
0.677036
0.634425
0.0568706
0.997298
0.96234
0.0169582
0.471472
-0.292493
-0.627445
-0.375714
0.0101386
0.492469
-0.175686
-0.376355
-0.165922
0.317426
-0.0586846
-0.933052
0.228314
0.184355
-0.0774326
-0.55286
0.808629
0.392114
0.620428
-0.205117
0.722714
0.374631
0.251214
0.279969
-0.269013
0.316553
-0.689083
-0.307645
-0.162559
0.18695
-0.617582
-0.263483
0.376239
0.638104
-0.445398
-0.202743
-0.785024
-0.531393
0.840363
0.184622
-0.280892
0.86777
-0.505874
-0.733947
-0.171897
-0.0274433
0.161924
0.87739
-0.550337
-0.628307
0.327067
0.31139
0.44971
0.15382
-0.36158
0.145613
-0.0230033
0.349766
0.344799
0.928061
-0.760917
0.323948
0.473685
-0.0304314
0.165231
0.281484
0.514206
0.536944
0.465004
-0.394655
0.205864
-0.759232
0.29876
0.608801
0.885123
0.0538008
-0.0246731
0.213941
-0.072946
0.425753
-0.682244
0.6838
0.292601
-0.784776
0.804307
0.288463
-0.666121
-0.500046
0.423057
-0.637071
-0.320871
0.768245
0.553022
-0.70816
0.338638
0.284438
0.113418
0.771193
-0.346542
0.119557
-0.207944
0.340405
-0.212444
0.461252
0.512463
-0.570554
0.050684
-0.905637
-0.174426
0.282031
-0.050718
-0.501061
-0.00749503
-0.408395
0.783342
-0.389122
0.168481
0.0747434
5.30053e-05
0.53694
0.0257355
-0.30815
-0.478426
0.223675
-0.571575
-0.648383
-0.747695
0.627713
0.164653
-0.291076
-0.533833
-0.0407079
-0.120589
0.722924
-0.395876
-0.590269
0.217982
-0.769828
0.0609043
0.278309
0.0375983
-0.625812
0.809874
0.32012
0.911126
0.0947511
-0.0349866
0.787837
0.391429
-0.0648144
-0.60957
0.748562
0.668737
-0.652456
0.955004
0.184392
-0.274773
0.0218635
0.0866779
0.560478
0.30904
0.197145
-0.376749
-0.0760127
-0.260404
-0.806243
0.672354
-0.0196383
-0.685841
0.0357545
0.732002
-0.367843
0.345621
0.60967
0.412417
-0.614347
0.589467
-0.584378
-0.329242
-0.754893
0.548024
-0.471726
0.787856
0.502375
0.120322
-0.893104
-0.381534
-0.193004
0.588714
0.355088
0.703968
0.416909
-0.156632
0.40758
-0.564334
-0.268679
-0.749367
0.0189939
-0.622532
0.743516
-0.769361
-0.112418
0.567107
0.398898
-0.0272567
-0.540171
-0.60688
0.269529
-0.912
0.114799
0.202795
-0.395613
-0.345201
0.12881
-0.429467
-0.754277
0.0238057
0.105586
0.220385
-0.76569
-0.374526
-0.164981
0.193133
-0.22612
-0.139578
-0.780955
-0.0150689
0.969487
0.582805
0.324943
0.251158
-0.600767
-0.562953
0.544803
0.425721
0.1687
0.316416
0.773321
0.098264
-0.0545007
-0.655267
-0.555885
0.100687
0.256831
-0.425531
-0.251837
0.9195
-0.289604
0.655874
-0.689506
0.635659
0.598868
0.777118
0.488436
0.628969
0.640291
0.0729592
-0.447264
-0.387446
0.54606
-0.0173458
0.712007
-0.784467
-0.416792
-0.512673
-0.600105
0.124144
0.443988
0.0493343
-0.131151
-0.561094
0.424599
0.13145
-0.803298
-0.186633
-0.569926
-0.571034
-0.0436
-0.128289
0.763337
0.187935
-0.779918
0.583216
0.281113
-0.851038
-0.0321537
0.0757536
0.0695713
0.817218
-0.481816
-0.412156
0.686395
0.967507
0.0146035
-0.0467572
-0.253415
-0.322986
-0.850729
0.391419
-0.771683
0.419482
-0.571321
-0.585924
0.510707
0.764122
-0.309958
-0.160687
-0.297011
0.24942
-0.820399
0.396741
-0.243521
-0.399329
-0.2822
-0.477872
0.246079
-0.818202
0.341338
0.00697103
-0.77725
-0.665871
-0.352318
-0.634519
-0.733112
0.225602
-0.493281
-0.0849371
-0.409388
0.0516288
0.828789
-0.0727132
-0.165678
0.230878
-0.4405
0.667178
0.100344
0.0749513
0.759757
0.350942
0.488144
0.309961
-0.581103
-0.0809092
-0.203013
-0.00899435
-0.0128552
-0.407844
0.875733
0.771554
0.635678
0.642583
-0.441447
-0.580196
0.325099
-0.571686
-0.415899
-0.654663
0.164743
0.0469961
0.155946
-0.597393
-0.517853
-0.111886
-0.463789
0.449934
-0.0182775
0.763718
-0.556903
-0.362938
0.156982
-0.76503
0.338697
-0.0936155
-0.18136
-0.318921
-0.181694
-0.738597
-0.303385
-0.460367
-0.722017
-0.644653
0.0872553
-0.295002
0.723904
0.345917
0.0428284
0.687481
-0.230259
-0.925496
0.316694
0.311052
0.686872
-0.410776
-0.376995
-0.706297
0.190626
-0.900339
0.3807
0.316808
-0.614501
0.834479
0.227216
0.187784
0.485903
0.0912364
0.313933
0.286599
0.400473
0.0149738
0.96785
0.195067
-0.231673
0.281854
-0.396764
-0.317207
-0.802642
0.591967
-0.472746
0.395418
0.562739
-0.787586
-0.344406
0.287249
0.696091
0.498733
-0.459127
-0.434745
-0.0374092
0.462699
0.109207
-0.428352
-0.104821
0.0521509
0.555523
-0.15998
0.97863
0.0693296
0.541395
0.258474
0.368795
-0.374942
-0.608372
-0.163895
-0.753445
-0.732075
0.122984
-0.664379
0.554292
-0.274443
-0.560416
0.454129
0.794885
-0.134983
0.6907
-0.231125
0.449769
0.251173
0.190177
0.723242
-0.453976
0.765245
0.592775
0.283476
-0.251689
0.141042
0.781957
-0.320875
0.66636
-0.579624
-0.587082
0.0525526
-0.840657
0.0923463
-0.975725
0.8469
-0.0246724
-0.150321
0.0217995
0.608881
-0.351123
-0.232206
-0.310235
-0.646263
-0.146181
0.37957
-0.171817
-0.250373
-0.374258
-0.256808
-0.200254
-0.985413
-0.0188691
-0.0323858
-0.167398
0.397413
-0.778177
0.934991
0.30712
-0.582166
-0.551207
-0.116062
-0.702717
0.0154946
-0.552341
0.330518
-0.935338
-0.242458
0.804046
0.355253
-0.502777
0.187725
0.111064
-0.438026
-0.506397
-0.660131
-0.666341
0.544933
-0.304031
0.813678
0.0127143
0.266083
0.37951
0.374511
-0.0604165
-0.209724
0.832033
-0.0445055
0.649691
-0.129962
0.343576
-0.779554
-0.0923219
0.152738
0.016159
-0.82218
0.32507
-0.974761
-0.0400718
0.383648
-0.258882
-0.933674
-0.137011
0.291077
0.524285
-0.342529
-0.575619
-0.79593
-0.55123
-0.0614041
-0.47572
-0.325894
0.157896
0.515354
0.109297
0.480844
-0.673342
-0.467066
-0.368117
0.959614
-0.247674
-0.34915
0.658344
0.243121
0.929109
0.581474
0.254488
-0.259617
0.797757
-0.840441
0.402231
-0.694045
0.185326
-0.0196004
0.213444
0.79823
0.578971
0.866582
0.280309
0.918979
0.39233
0.577657
0.251213
-0.464657
-0.219349
-0.0935888
-0.450871
-0.422565
-0.795905
0.397158
0.824049
0.380203
0.826411
-0.107301
-0.772395
0.698979
0.228651
-0.504661
0.84088
-0.476081
0.568034
0.394445
0.0464177
-0.683432
0.43612
-0.448036
0.540867
0.381747
-0.817004
0.380039
0.876446
-0.503908
-0.340554
0.26701
-0.942616
0.0855345
-0.821173
0.626143
-0.638758
-0.0962486
0.796786
0.137341
-0.684159
0.626774
0.0400236
0.764693
-0.456669
0.92395
0.14506
-0.163276
0.396336
0.831576
0.396465
0.821441
0.421317
0.299244
0.363669
0.220981
0.372087
0.193527
0.769043
-0.479539
0.167908
0.599392
0.721869
0.0855375
0.788585
0.739588
0.502092
0.351435
0.23198
0.533198
0.242147
0.0554361
0.605178
-0.503814
-0.463471
0.154216
0.877147
0.466021
-0.530157
-0.496637
-0.022123
0.78473
-0.605539
-0.611325
-0.119949
0.497883
0.140645
-0.278204
-0.792468
0.0239932
-0.997984
0.246201
-0.693059
-0.719936
0.116783
0.333286
-0.109331
-0.0706859
-0.0127704
-0.168121
0.9331
0.434447
-0.803806
-0.706247
-0.12513
0.918526
0.255868
0.297879
-0.226251
-0.0397367
0.786122
0.464754
-0.136614
-0.261744
-0.650172
0.451363
-0.0964674
-0.085679
-0.234932
0.671691
0.235784
0.589475
-0.793791
0.525211
0.754304
0.112694
0.0381058
0.344264
0.740188
0.00133578
0.696036
-0.128659
0.454817
-0.209122
-0.043757
0.423857
0.351958
0.175077
0.114805
0.789463
0.377933
-0.938295
-0.278849
-0.810506
-0.0161485
-0.0485525
-0.371386
0.610651
0.352574
-0.123116
-0.134475
-0.511072
0.091009
0.100462
0.865235
0.130558
0.704483
-0.796792
-0.540013
0.502621
0.700832
0.172874
-0.664097
0.333595
-0.264894
0.490036
-0.699813
-0.521865
-0.447658
0.0375262
-0.704693
-0.742817
-0.0768653
0.340322
0.131322
-0.441818
0.104097
0.58441
-0.577342
0.355018
0.373503
-0.491465
0.189112
-0.593404
-0.77772
0.881817
-0.166747
0.744089
0.210529
-0.510648
-0.41253
0.113231
0.39842
0.231449
0.474964
-0.510186
-0.56135
0.0275766
0.022068
-0.592944
0.0156602
-0.524148
0.161782
-0.0687371
-0.393155
0.274715
0.475221
-0.154754
0.347116
0.625095
0.37463
-0.445524
-0.867649
0.794242
0.210934
0.491918
-0.579511
-0.329191
0.175301
-0.891405
0.39862
-0.0457831
-0.923476
0.467022
-0.292002
0.263921
0.405478
0.596003
-0.59216
0.181216
-0.896502
0.531588
0.240339
0.526229
0.0706259
-0.440618
0.762585
0.676146
-0.31146
0.574429
-0.635585
-0.640682
0.495973
-0.690529
0.394834
-0.0808001
-0.812254
0.68604
-0.488753
-0.116754
-0.321203
-0.126992
0.884022
-0.584059
-0.517037
0.149381
0.0092142
0.88046
0.158526
-0.39794
0.368485
-0.43166
-0.141343
0.120572
-0.24762
0.256834
-0.17865
0.337176
0.215624
0.584109
-0.0361419
-0.988293
-0.0569162
-0.491219
-0.336869
-0.644046
0.522692
0.285794
-0.515739
-0.250855
0.538363
-0.815619
-0.348999
0.495837
0.0460555
0.140809
-0.521092
0.412758
0.0238814
0.202445
0.87949
0.833744
-0.287418
-0.648124
0.339624
0.178203
0.0813248
0.43746
-0.646022
-0.20728
-0.929774
-0.647958
0.132967
0.442809
0.6333
-0.00393983
0.430958
0.309001
0.282883
0.183022
0.468504
-0.223731
-0.594745
0.00908113
0.999834
0.463594
-0.827477
0.118859
0.155537
0.420161
0.448052
0.254825
0.179814
0.486457
-0.319313
-0.215188
-0.688151
0.0471236
0.28
0.471404
0.147262
-0.219499
0.478786
0.0279031
-0.424386
0.773822
-0.554336
-0.364268
-0.66415
-0.0958658
-0.763437
0.0621929
-0.967604
-0.0965062
-0.413043
0.62076
-0.455345
-0.54848
0.772155
0.824574
0.255356
0.631221
-0.486515
-0.474009
0.221431
-0.240314
-0.191161
0.506094
-0.416494
-0.273296
0.0984786
-0.022595
0.047501
0.525991
-0.540988
0.665913
0.716294
-0.286695
-0.0965153
0.0956546
-0.562589
-0.61009
-0.792022
0.33301
0.384759
0.101053
-0.251316
0.347831
-0.235446
0.347704
0.0515477
0.169797
-0.153924
-0.290005
0.00824079
-0.00716425
0.520537
0.908284
0.0713934
0.383754
-0.101519
-0.0574123
-0.439622
0.487659
0.427385
0.332161
0.934891
0.828323
0.370689
0.144576
0.983116
-0.060255
-0.0374122
0.146372
-0.64947
0.78685
-0.00988762
0.350802
0.700828
-0.436507
-0.35471
-0.122725
-0.521503
-0.00660086
0.478772
0.953035
0.251863
0.628903
-0.56288
-0.0331922
-0.38103
-0.520163
-0.76188
0.705028
0.0422307
0.294093
0.513974
-0.0768541
0.775854
-0.676345
0.103019
-0.258936
0.721849
-0.630983
-0.566798
-0.792338
0.105107
-0.407002
0.304668
0.616537
-0.443003
0.495786
-0.608011
0.174809
0.391784
0.49689
0.373477
0.937871
0.29365
-0.0675868
0.0792207
-0.209772
0.829188
0.430279
0.860669
-0.616477
-0.459951
-0.0992973
0.945868
0.327802
-0.421127
0.596923
-0.67441
0.535079
-0.400623
0.0679949
0.957101
-0.747627
-0.185045
-0.174385
0.205665
0.880076
-0.17219
0.572812
-0.454492
0.887167
0.196439
0.701249
0.646072
0.445453
-0.146967
0.894663
-0.264359
0.122625
-0.204218
0.0213422
0.525536
0.172478
0.293466
0.440433
-0.847494
0.672572
0.0928502
0.16077
-0.28697
0.611601
-0.0686789
0.0589124
0.303746
0.69008
-0.35177
0.451433
-0.889508
-0.432014
-0.341143
0.0312234
-0.496437
0.422936
-0.391069
-0.351033
0.911084
0.478532
-0.367867
-0.29812
-0.544824
0.114785
-0.373888
-0.518555
-0.739316
-0.794542
-0.460278
0.382875
-0.602531
0.707424
-0.448011
-0.59806
-0.450096
0.666975
-0.232896
-0.0334972
-0.17534
-0.216004
0.337549
-0.536103
-0.680365
0.814878
0.193991
-0.374114
-0.0180207
0.411198
0.130387
0.511186
0.848297
0.802971
-0.294414
0.267355
0.0484774
0.644408
0.665112
-0.514286
-0.206327
-0.685231
-0.452015
0.746429
-0.191253
0.23973
0.308555
0.269632
-0.93237
-0.769305
-0.130665
-0.571459
0.342894
-0.304399
-0.155706
-0.575083
0.262627
-0.194997
0.810591
-0.941255
0.0164146
0.19594
0.160405
0.31611
-0.154218
-0.0640187
0.469441
0.314156
0.465269
-0.42957
0.479509
-0.00344457
0.958894
0.552768
-0.324246
0.518599
0.16628
-0.261784
0.951922
0.431431
-0.565896
0.343795
0.380658
0.748203
-0.159115
-0.537636
-0.499398
0.0391601
0.9801
0.271466
0.464846
0.845504
0.320933
0.21685
-0.444138
-0.843688
-0.0699176
0.877962
-0.302917
-0.848142
0.109608
-0.201932
0.88709
0.414367
0.226792
-0.231199
-0.00461405
-0.00741679
0.308135
-0.685496
-0.598633
-0.426875
0.401471
-0.0682483
0.6089
0.344199
-0.185132
0.346058
-0.840073
-0.270246
0.233573
-0.365894
0.00957226
0.536155
0.665132
-0.245662
0.820968
-0.117318
0.77724
-0.127912
-0.479015
-0.0573964
-0.648501
0.231198
-0.583233
0.180117
0.228374
-0.00910275
-0.557256
0.036271
-0.383598
-0.0320989
-0.40278
0.280994
0.0113789
0.102289
-0.922243
0.637304
0.117761
-0.532702
0.252121
-0.756189
-0.207187
0.218566
-0.184548
-0.106791
0.377288
0.254561
-0.821323
0.845417
0.0562818
-0.0451054
-0.613462
-0.654519
0.228118
-0.0165332
-0.963407
-0.472523
0.804062
-0.637563
-0.506764
-0.606321
0.279376
0.00493447
-0.105774
-0.96748
-0.138701
-0.339782
0.584877
0.434688
0.890504
0.349391
0.741072
0.403675
-0.0294514
-0.480707
0.578584
0.700752
0.323615
-0.435969
-0.0505928
-0.303534
-0.454876
-0.197123
-0.734375
-0.381414
-0.136743
0.460358
0.350848
-0.372706
-0.899013
-0.442442
0.302944
0.0373184
0.500696
0.109388
-0.942105
-0.0242707
0.442254
-0.338581
-0.805984
0.510959
-0.357102
0.329346
0.269935
0.642646
-0.249842
-0.810534
0.397837
0.379733
0.610985
-0.0155288
0.769541
-0.744026
-0.0447796
-0.0405389
-0.594859
0.0868391
-0.732372
-0.285056
0.34919
-0.169104
0.4615
-0.506279
0.429423
0.0242825
-0.507493
-0.239865
0.906873
-0.256063
-0.494871
0.171634
0.155053
0.200232
0.56751
-0.254489
0.667687
0.112417
0.572122
0.382534
-0.267119
0.708014
-0.528642
0.0998384
0.218236
-0.879968
-0.423025
0.106938
0.273672
-0.901569
0.138054
-0.730565
0.260355
0.648378
-0.749193
-0.589332
-0.709725
0.517829
-0.855442
-0.572905
0.299056
-0.0627615
-0.0333886
0.626905
-0.0408499
-0.290253
0.171356
0.254257
-0.535612
-0.0561238
0.260097
-0.657583
0.592421
-0.895245
0.196364
0.588836
0.0357048
0.628132
-0.0433404
0.541753
0.231791
0.143356
0.59203
0.548669
0.473313
0.401946
0.477273
0.106959
-0.424377
0.213461
-0.253652
0.429319
0.50667
0.441117
-0.342196
0.920265
-0.124367
0.0128043
-0.92083
0.727479
-0.504458
-0.118055
-0.278963
0.111282
0.420673
-0.777222
-0.266603
-0.698896
0.674034
0.823921
0.228786
0.624087
0.604308
0.0321957
0.239177
0.50578
-0.706598
-0.380633
-0.401782
0.630567
0.190152
-0.113332
0.0456211
-0.0350251
0.678938
0.488161
-0.200935
-0.405611
-0.680805
-0.885358
0.417867
-0.0302296
-0.601041
0.261488
0.336843
0.151087
0.150295
-0.567293
0.268387
0.701938
0.610996
-0.445659
0.188208
-0.317053
-0.349733
0.0977435
-0.323906
-0.165384
-0.703628
0.656439
-0.121153
0.120648
0.992511
0.694366
0.0597892
-0.20861
0.143574
-0.41321
0.348499
-0.209535
-0.844902
0.241452
0.594247
0.202099
0.379119
0.0771571
-0.807116
-0.675253
-0.50081
0.334743
-0.311504
0.499966
-0.237675
0.711273
-0.381229
0.065982
-0.921017
0.519523
-0.349841
-0.437441
0.116139
-0.942809
-0.123496
0.00872686
-0.150651
-0.263196
0.286848
-0.731949
-0.508307
0.0083149
0.00833321
-0.131829
-0.782214
-0.932865
0.0588634
0.74433
0.60783
0.378645
0.0121651
-0.266372
-0.144135
-0.117986
-0.121137
-0.261693
0.838058
0.61056
0.0863334
0.896309
-0.00849983
-0.152635
-0.662437
-0.610258
0.606078
-0.476489
-0.554644
0.640978
0.748799
-0.728559
-0.471431
0.634112
0.399854
-0.533464
0.153067
-0.406183
0.00122497
0.0882739
0.387273
-0.926681
-0.185623
-0.449215
-0.459915
0.415256
0.345937
0.00231873
0.911768
-0.436505
-0.0788594
-0.305254
0.139109
-0.304509
0.669685
0.127485
-0.780612
-0.0895495
0.683134
0.209138
0.131135
-0.270244
0.792166
-0.461851
-0.604792
0.229923
-0.312165
-0.326858
-0.445043
-0.404111
0.176499
-0.304825
0.524356
-0.129148
-0.428616
-0.125639
0.790512
-0.501057
0.0809231
0.257422
0.148024
-0.337578
-0.810905
0.239521
-0.218674
-0.00918589
0.431868
0.35011
0.622752
-0.52792
-0.290427
0.23874
-0.40308
-0.703494
0.258016
0.689885
-0.209816
0.832568
-0.536287
-0.467373
0.117416
0.506957
-0.0375414
0.0387716
0.805383
0.015199
0.646033
-0.18232
-0.5927
-0.202549
-0.410163
0.273984
0.698862
-0.0620851
0.567624
0.284886
-0.610334
-0.753085
-0.37892
0.876328
-0.16149
0.10428
0.66496
0.752966
0.617812
0.460652
-0.447632
0.537901
0.275083
0.674201
-0.20778
-0.51107
-0.235444
0.541474
-0.715628
-0.16326
0.244756
-0.519839
-0.628374
0.295788
0.86135
-0.0967939
-0.103673
0.0218855
0.639927
0.642053
0.486327
-0.187489
0.320332
-0.514372
0.747894
-0.260857
-0.733997
-0.672424
0.241486
0.33994
0.880996
0.204063
0.186697
0.4099
0.821893
0.789445
-0.112474
-0.353961
0.426985
0.307981
0.666909
0.0803135
-0.148317
-0.970209
0.150606
0.962825
0.218164
-0.680033
0.268366
0.500124
0.315259
-0.463575
-0.230795
-0.381402
-0.87264
-0.0908042
0.906274
0.17464
-0.769821
0.555466
0.263639
-0.738102
-0.540436
0.171986
-0.00436632
0.448288
-0.140657
-0.132526
-0.369888
-0.193766
-0.569289
-0.0862244
-0.943155
-0.310128
-0.225637
0.887682
-0.366771
-0.880959
0.036002
-0.863954
-0.341133
0.468615
0.830227
-0.867172
-0.443209
-0.298958
0.394462
-0.889828
-0.266197
-0.178911
-0.0387032
-0.18607
0.971058
0.71506
0.0839235
0.457233
0.541961
0.0665557
-0.142838
-0.249359
-0.33334
0.304398
-0.566061
0.649984
-0.554734
0.331617
-0.434438
-0.246574
0.301299
0.505776
0.240144
0.675573
0.160185
0.179643
0.15266
0.602439
-0.483008
0.673173
-0.402604
0.165144
0.611393
-0.602178
0.210259
0.0660461
-0.833999
-0.336675
-0.752758
-0.386995
0.0603297
0.176678
0.595632
0.777111
0.418485
-0.252484
0.478112
-0.23087
-0.625524
0.497378
0.557265
0.474224
-0.759183
-0.886857
-0.036153
0.14079
0.0160645
-0.221139
-0.76012
-0.556567
0.28464
-0.432728
0.293391
-0.288907
0.847036
-0.77387
-0.350295
0.073143
-0.59552
0.239145
0.75091
-0.044301
-0.807279
-0.654315
0.171039
-0.151513
0.688841
0.479731
-0.110767
-0.108775
0.111907
-0.366661
-0.0765608
0.247599
-0.264489
0.123372
0.551461
-0.657549
0.542485
-0.101867
-0.15916
