0
0
0.980761
-0.790069
0.327355
0.801532
0.0798655
0.0750628
-0.913243
0.208144
0.480649
0.0830576
0.871552
0.979035
0.841479
-0.822082
-0.750309
0.556503
-0.93978
0.850956
0.566105
0.136436
-0.784776
-0.378744
-0.238322
-0.651159
-0.782882
0.716909
0.889849
0.526669
-0.240246
-0.189093
0.293836
0.535237
0.703365
-0.125574
-0.603397
0.216698
-0.0405413
-0.988169
0.267726
0.35986
0.347629
0.102586
-0.603766
0.692647
-0.191312
-0.85007
0.225424
0.257153
0.796215
-0.408712
0.231081
0.0480983
-0.238506
-0.0406278
-0.105622
-0.21637
-0.0897825
0.615707
0.320814
-0.445349
0.178405
0.813817
-0.886824
0.100789
-0.581288
-0.931716
0.368772
-0.932997
-0.612561
-0.675189
-0.480742
0.376848
-0.466095
-0.352248
0.727955
0.784526
0.372032
-0.715896
0.0732719
0.240374
0.625914
-0.460975
0.793653
-0.862456
0.708012
0.435941
-0.262615
-0.277817
0.0972524
0.0417367
-0.556618
0.820302
-0.646605
-0.922351
-0.748329
-0.705827
-0.726561
0.179301
-0.997046
-0.792356
0.240421
0.821981
0.913886
-0.982231
0.379265
0.832942
0.127787
-0.635834
0.0729776
0.51249
-0.194745
0.745658
-0.626203
0.630032
0.619604
-0.302928
-0.115946
-0.321274
-0.196727
-0.839558
-0.291504
0.109183
-0.112897
-0.94925
-0.540594
-0.635257
0.939066
0.178582
0.533106
-0.999684
0.370674
0.886495
0.36913
0.732463
0.958727
0.427186
-0.970783
0.717304
0.302584
-0.7996
-0.720842
-0.261056
0.1659
-0.0615755
0.578116
0.335125
0.635531
-0.595281
0.535647
-0.653356
0.787967
-0.230984
0.0915892
0.48268
-0.353506
0.244662
-0.791405
-0.932801
0.847431
0.0684021
0.595397
-0.799092
-0.56598
-0.265192
-0.62919
0.616702
0.654914
-0.714609
-0.51309
-0.352943
0.0337662
0.276403
-0.341908
0.396183
0.500802
0.23388
0.930545
0.226327
-0.716507
-0.936732
0.540357
-0.31535
0.492695
-0.163982
0.811889
0.789923
-0.342745
0.261761
0.479771
-0.844207
-0.423471
-0.81296
-0.811765
-0.985868
0.600459
-0.284728
-0.655378
0.367324
0.135173
-0.472016
0.730795
0.945277
-0.391865
-0.412466
-0.403264
0.865061
0.0317356
0.833834
0.497685
-0.739794
-0.496893
-0.309341
0.492487
-0.539027
0.612941
-0.52612
0.0684848
0.582781
-0.330769
0.792221
-0.811342
0.811603
0.605964
0.00619052
-0.99815
-0.182302
-0.843373
-0.636743
0.929736
-0.857523
-0.892121
0.764324
-0.41941
0.249243
-0.666289
0.0738131
0.336875
0.48721
-0.358653
-0.448889
0.497712
-0.0020144
0.271138
0.79757
0.120337
0.852381
0.51982
0.19114
-0.449122
0.624536
-0.509601
-0.915661
0.654318
0.331535
0.953504
-0.518375
0.208448
-0.867098
0.131067
-0.930091
-0.121692
0.597993
0.123316
-0.117072
-0.828505
0.923904
-0.477082
0.824913
0.454608
0.72482
-0.0844379
-0.031174
0.567043
-0.963182
-0.0171618
-0.84932
-0.312037
0.925131
-0.879745
0.624998
-0.785427
0.870634
0.796279
-0.21668
0.463372
0.48986
0.814518
0.645794
0.850787
0.560563
0.705214
-0.406431
0.262208
-0.39586
0.92446
0.676513
0.575923
-0.0997724
0.0729744
-0.950137
0.45608
0.675242
-0.638796
-0.913785
-0.463391
-0.304776
0.287259
0.722878
0.536763
0.60866
-0.563565
-0.186908
0.349321
-0.847085
0.896878
0.962074
-0.532533
0.422771
-0.278585
0.95076
-0.999859
0.131096
0.750902
0.121486
0.638706
-0.227023
-0.56295
0.222409
-0.305174
0.884217
0.909677
0.837633
-0.343328
0.0655569
0.918105
-0.364364
-0.709109
0.239601
-0.678716
0.563219
0.501768
0.0579288
0.418609
0.933131
0.448579
-0.861831
-0.134961
0.800502
0.281225
0.855716
-0.474732
-0.138134
0.977017
0.742283
0.555418
0.0551272
-0.468435
-0.358291
0.947106
-0.540051
-0.0213461
-0.300667
-0.215647
0.109614
-0.0481255
0.949286
0.177461
0.441758
-0.981779
-0.476239
0.488359
-0.519904
0.628805
-0.233671
-0.267633
0.179271
0.830415
0.356028
-0.556611
-0.713391
-0.682081
-0.937416
0.617528
-0.699434
0.925418
0.850896
-0.530995
-0.434152
0.918657
0.931615
0.0130792
0.184395
0.746228
-0.914226
0.798003
0.445684
0.806555
0.0580771
-0.642009
0.540128
0.228675
0.196008
0.96203
0.155549
-0.0102336
0.793719
0.685276
0.515319
-0.639877
-0.615562
-0.155763
-0.942563
0.913376
0.685732
0.959064
-0.65879
0.635806
0.421107
0.448845
-0.637676
0.919215
-0.306542
0.984052
-0.697971
-0.362527
0.775723
0.383241
0.991637
0.658988
-0.0273019
-0.636708
-0.715882
-0.46083
-0.833584
-0.989692
0.939386
-0.476388
-0.285971
0.883455
0.908717
-0.977321
-0.245028
-0.654401
0.118818
-0.324008
-0.229038
0.492696
0.750788
-0.424422
-0.962442
0.00252471
0.463884
0.653064
-0.554115
0.865008
0.948271
0.579627
0.142316
0.627975
-0.695592
-0.372469
0.295314
0.18001
-0.487385
-0.0510246
-0.86062
0.855558
-0.512226
0.116595
0.552119
0.727516
0.620106
-0.474917
-0.946349
0.153222
-0.419542
0.974348
0.310336
0.178293
-0.00264276
0.745826
0.410368
0.460154
-0.548246
0.22876
0.366704
-0.910348
0.439319
-0.095932
-0.508163
0.371604
-0.0587234
0.864836
-0.969952
0.861456
-0.590372
-0.0173209
-0.997861
0.0442181
-0.272988
0.236289
-0.661639
0.169141
0.233714
0.801706
0.0263389
0.327155
-0.678501
0.390715
-0.64209
0.435267
-0.516074
-0.294879
0.231835
-0.87519
0.453702
-0.334078
-0.426663
-0.170777
-0.662351
0.409549
-0.783974
0.84435
0.455513
0.587416
0.101514
-0.588179
-0.064732
0.529034
-0.0253038
0.826528
0.168997
-0.714349
0.631726
0.15484
0.0853992
0.449741
0.575021
0.139741
0.534615
0.401733
0.176362
-0.374577
0.291256
-0.158233
-0.8507
-0.822357
0.407284
0.0321417
0.867708
-0.576334
-0.567569
0.625386
0.594136
-0.929333
0.218392
0.562827
-0.550817
0.247093
0.180689
-0.37691
-0.662284
0.205808
-0.721832
0.842082
0.721397
0.445177
-0.463164
-0.350378
-0.24656
-0.686324
0.0714045
0.578162
-0.581175
0.371697
0.107964
-0.640674
-0.792186
0.969782
0.205605
0.367362
-0.031389
-0.765253
-0.194341
-0.912789
-0.849931
0.224158
-0.598299
0.523169
0.245862
0.947066
-0.00369164
-0.078023
0.375868
-0.61906
0.64968
-0.189124
-0.682571
-0.593183
0.271338
0.963596
-0.356282
0.520798
0.0353091
-0.480989
0.229534
0.388909
-0.599789
-0.654359
-0.522401
-0.409519
0.683076
0.374461
-0.248927
-0.500816
-0.0429166
0.725161
-0.771706
0.780851
-0.275765
0.50231
0.407551
-0.99518
-0.34322
-0.82754
0.0671996
-0.711878
-0.950701
-0.466238
0.851672
-0.378342
0.00984371
0.102459
-0.176986
0.268734
0.858691
0.176392
0.610745
-0.761541
0.283138
0.697936
0.415455
-0.11877
-0.182341
0.855095
0.637848
0.573517
-0.387262
0.850788
0.744947
0.345504
0.154768
0.580291
-0.617251
0.608869
0.382685
-0.00589897
0.190389
-0.886856
0.561538
0.0661063
-0.778904
0.709773
-0.961174
-0.710093
0.225262
-0.365374
-0.306819
0.660345
0.187491
0.171396
0.309995
-0.0187445
-0.416413
-0.685342
-0.680626
0.0401135
-0.337322
-0.959514
0.757477
-0.476157
0.46106
0.866954
-0.274129
-0.299836
0.552944
-0.416137
-0.895315
0.180866
0.159647
-0.393196
0.947618
-0.601818
0.0655688
-0.300044
0.0153376
-0.43671
0.929536
0.800635
0.710351
-0.846175
-0.379504
0.620332
-0.587405
-0.697135
-0.634863
0.0812163
0.0763074
-0.957459
-0.684184
0.0139606
-0.422945
0.372198
0.728674
0.766501
-0.785517
0.338665
0.842081
0.19108
-0.566529
0.128075
-0.268913
0.936662
0.73314
0.723916
-0.209034
-0.203831
0.14502
0.962134
-0.455811
-0.336399
-0.450076
0.176343
-0.135535
0.915054
-0.212037
-0.661345
-0.344196
0.336896
-0.596905
-0.808407
-0.985362
0.550716
0.876666
0.691886
0.762878
0.875158
0.367392
-0.0816595
0.209042
-0.316068
-0.530812
0.122188
0.0268569
-0.977959
-0.699411
-0.400245
0.284294
0.496577
-0.999227
0.248057
0.579464
-0.443526
0.0165852
0.434176
0.611354
-0.760154
0.541921
-0.300852
-0.373843
0.357799
0.0611262
0.469188
-0.1327
-0.928328
-0.547957
-0.754466
-0.423013
0.920989
0.330053
0.859248
0.824641
0.757044
0.778645
-0.916299
0.147968
-0.173061
-0.391825
0.0885525
0.759821
-0.404857
0.271717
-0.939867
0.852832
0.027198
-0.89714
0.0740129
-0.317969
-0.170931
-0.933749
-0.980268
0.668285
-0.0589269
-0.621382
0.48835
0.588158
-0.468766
-0.884637
-0.258787
-0.512203
-0.974938
-0.506242
-0.930754
0.00552001
0.509183
-0.358044
0.70007
0.708322
0.774626
0.987534
-0.106866
-0.53748
0.551093
-0.0875716
-0.999749
0.314822
-0.929933
0.919093
-0.600272
-0.144401
-0.485229
0.603024
-0.166072
-0.233299
0.426087
-0.232785
0.241553
-0.921155
-0.156229
0.205562
0.581358
0.258554
-0.743391
-0.966626
-0.933777
-0.154027
0.985422
0.12803
-0.290173
0.246478
0.984477
-0.611037
-0.663639
0.693375
-0.787816
0.946712
-0.484885
-0.332267
0.407952
-0.31221
0.189442
-0.524878
0.921541
0.545503
0.630063
-0.601308
-0.692023
0.143761
-0.877676
0.0499981
0.866289
0.907906
-0.433403
-0.186172
-0.132838
0.207178
-0.563219
0.186384
0.204701
0.908345
0.543793
-0.0955216
-0.174568
0.444572
-0.598906
-0.425389
0.870732
-0.419819
0.404918
0.233981
-0.219217
-0.550067
-0.751411
0.744788
0.0757006
0.374213
0.241633
-0.369984
-0.903028
-0.71844
-0.866219
0.212654
-0.66565
0.658611
-0.377709
0.955781
-0.600006
-0.873604
0.962958
-0.0727698
0.111385
0.622596
0.701924
0.523939
0.533211
-0.328647
-0.335635
-0.424908
0.0162846
-0.514682
-0.154082
-0.1537
-0.0636036
-0.635204
0.613289
0.073559
-0.390227
0.804926
-0.68764
-0.941397
0.284637
-0.583579
-0.0508771
-0.352182
-0.146106
-0.810356
-0.300715
0.217188
0.43338
0.912248
-0.726563
0.987709
0.318282
-0.420206
0.81742
0.043135
-0.425998
0.301644
0.0949819
0.822296
0.998268
-0.77698
0.312132
0.667327
-0.477769
-0.356747
0.377821
-0.931217
0.821861
-0.737394
-0.619211
0.75195
0.719188
0.571804
-0.66198
0.13582
0.803682
0.96628
0.840803
-0.86063
-0.938011
-0.799507
0.432829
0.156259
0.390003
0.95148
0.883826
0.613039
-0.440763
-0.461979
0.498984
0.550046
0.392145
-0.337412
-0.0531754
-0.0172025
-0.586241
0.138111
-0.60403
-0.805859
-0.480993
0.248642
0.860755
-0.0365225
-0.347747
-0.456409
-0.498329
-0.277188
0.759267
0.785369
-0.216125
-0.989544
0.905135
0.395727
-0.617579
-0.960693
0.376551
0.74898
0.691017
-0.643427
0.0681871
0.464283
0.38176
0.212762
-0.294704
-0.680759
-0.38813
0.00305816
-0.663654
0.973948
-0.739798
-0.442198
0.329789
-0.263327
0.279334
-0.725558
-0.0584083
-0.776213
0.156161
0.957519
-0.965656
-0.396697
0.240186
-0.401258
-0.275641
-0.480913
-0.977768
-0.142755
0.724857
0.415089
-0.856879
-0.118412
-0.663973
-0.875321
-0.965218
-0.228367
0.345527
-0.704828
0.309328
0.822682
-0.218836
0.237589
0.321137
0.799271
0.935316
-0.00860772
0.744703
-0.202011
0.156745
0.765065
0.984492
-0.780682
0.550331
0.533625
-0.131824
-0.620568
0.480771
-0.6902
0.391611
-0.309861
0.860038
0.899022
0.545225
0.462621
0.526529
0.702169
-0.217906
0.419268
0.0110813
0.302676
0.116732
0.672086
-0.206327
0.0405908
-0.97415
-0.94232
0.953709
0.75302
-0.542264
0.478186
0.325852
-0.0697542
-0.490574
-0.138642
-0.547583
0.849222
-0.664126
0.473067
0.966245
0.53527
-0.490004
0.690484
0.0357334
-0.070977
-0.258835
0.125838
-0.374153
-0.221687
-0.0877076
0.983296
0.211128
-0.887934
0.685802
0.811058
0.304292
-0.139654
0.259464
0.617432
-0.966576
0.849161
0.743374
-0.975066
0.613992
0.150726
-0.723909
0.881124
0.471593
0.159442
-0.417739
0.212727
0.0796759
0.50859
-0.189953
-0.159499
-0.488204
0.434903
-0.125435
0.933952
-0.0821412
-0.657711
0.643956
-0.252005
-0.369792
0.683119
-0.00304491
0.63386
0.715219
0.506585
0.625391
0.0382121
-0.594209
0.0367572
0.340921
-0.120694
0.526801
0.283151
0.270867
-0.961544
0.514622
-0.347841
-0.673927
-0.572557
-0.55232
0.803169
0.484605
0.0848287
0.0387449
-0.471788
-0.317909
0.65925
-0.153521
0.444678
0.784726
-0.543458
-0.403992
-0.369374
0.0734636
0.23148
-0.350008
0.0544397
-0.382986
0.929858
0.731811
0.129768
-0.244421
0.602573
0.487373
-0.169688
0.611062
-0.326117
0.662695
-0.294722
0.794755
0.715115
0.85897
-0.710926
-0.35581
0.832368
0.612388
-0.0137784
-0.695789
-0.81194
-0.806911
0.465426
0.330944
0.807456
0.264337
0.77505
-0.571075
-0.00242055
-0.123526
-0.317377
0.513833
0.444705
0.239759
-0.143419
0.758256
-0.571643
0.753268
0.914193
-0.380535
0.814989
0.512277
-0.267154
0.794734
-0.953987
-0.45584
0.656103
0.387144
-0.261351
-0.292503
0.176388
-0.724947
0.745091
0.702246
-0.927355
0.227875
0.868143
0.623209
-0.0641484
0.193382
0.134436
-0.204686
-0.917967
0.718983
-0.847493
-0.446916
0.275508
-0.904911
0.0883924
0.740146
-0.240706
-0.405063
0.745492
0.529148
-0.550763
0.764326
-0.625677
0.790919
-0.647196
0.455859
-0.509413
0.984243
0.605298
-0.117669
0.2236
-0.850447
0.226084
0.218654
0.451365
0.988366
0.0230393
0.68982
-0.193395
-0.451731
0.183811
-0.237128
-0.058598
0.923729
-0.737432
-0.588098
0.215875
0.861467
0.929938
0.16678
-0.101139
-0.28378
-0.479028
-0.31256
-0.575296
-0.91443
0.785823
0.698886
-0.637863
0.208053
0.527123
0.818674
-0.933152
0.0966412
-0.527795
0.677979
-0.535557
-0.123571
-0.13184
-0.753759
-0.441059
-0.37755
0.80036
-0.768087
-0.204461
-0.846912
0.283541
-0.73022
-0.0484174
-0.168071
-0.255961
0.413226
0.923646
-0.266249
-0.753595
-0.96098
0.802835
0.0649825
-0.446308
0.584675
0.688137
-0.283815
-0.190385
0.340997
-0.832293
0.192069
-0.0983016
-0.0865498
0.280384
-0.811646
-0.434092
-0.588784
0.653269
0.427909
0.680791
0.616375
-0.0815737
-0.359928
0.181658
-0.59518
0.768567
-0.957778
0.576041
-0.547001
0.136907
-0.0993539
-0.395323
0.827649
0.461315
-0.742628
-0.256265
0.690361
0.328732
-0.361764
0.130452
-0.467092
0.56375
-0.51873
-0.41858
-0.543685
0.705691
-0.338689
0.0314647
0.437286
-0.984063
0.352586
0.15923
0.485569
0.691531
-0.958774
-0.882478
0.231209
0.962746
-0.653131
-0.849363
-0.688348
-0.269442
-0.987967
0.671572
0.781572
-0.0605955
-0.764907
0.584866
-0.849206
-0.919691
-0.926772
0.337541
-0.715748
0.580123
0.349245
-0.5668
0.938478
-0.802967
-0.191734
-0.542063
0.838019
-0.432187
0.483798
0.478421
-0.107587
-0.33007
0.0283484
-0.43363
-0.508662
0.906574
0.47673
-0.907478
-0.46826
-0.147044
-0.615402
-0.654907
-0.326153
-0.394048
-0.443457
0.323588
-0.95413
0.261856
0.584306
-0.637227
-0.000743549
-0.0240995
0.274095
0.689208
0.0724045
-0.61542
-0.860316
-0.645113
0.401998
0.614769
-0.761846
0.950818
-0.511754
-0.473003
0.268195
-0.405991
-0.792967
-0.905851
-0.652122
-0.500041
0.596651
-0.557355
0.0370593
-0.361917
0.925975
-0.172692
-0.425654
-0.638992
-0.0745621
-0.316669
0.00253943
-0.132918
-0.731904
-0.0735917
0.847189
-0.125101
-0.522747
-0.900443
0.903301
-0.933321
-0.60527
-0.680996
-0.111315
0.407983
0.044003
-0.28757
0.544674
0.608284
-0.384249
0.524692
0.529653
0.995783
-0.480438
0.0206764
0.978415
0.27963
-0.097011
0.856214
-0.19623
-0.191623
0.15906
-0.101081
0.150603
-0.039532
-0.841458
-0.40357
-0.850971
-0.706407
0.870321
0.246014
0.766808
0.0379727
0.740504
0.985718
-0.181597
0.372144
-0.84493
-0.144628
0.879522
-0.433862
-0.33234
0.104608
0.74645
-0.738304
0.100845
0.81249
-0.152867
0.218988
-0.867067
-0.293334
0.689411
0.214359
0.969258
0.104712
0.660252
0.477337
-0.959536
-0.957822
0.1786
-0.492193
0.144613
0.902669
-0.804334
0.590112
0.245721
-0.952757
0.0833659
0.482476
0.294715
-0.399606
-0.23101
-0.121267
-0.174987
-0.138618
-0.750465
-0.111372
-0.0338301
-0.670706
0.240987
0.611742
0.0763035
0.324083
-0.56944
-0.781632
-0.065372
0.0809112
-0.305587
0.698935
0.218777
-0.0437146
0.665939
0.230063
0.638757
0.696353
-0.992965
-0.774314
0.993156
0.732857
0.475895
-0.516983
0.255727
0.923138
0.640482
0.582746
-0.888549
0.308353
-0.953532
-0.857916
-0.69221
0.697401
0.485231
0.132005
-0.961804
0.544069
-0.660433
-0.376266
-0.772482
-0.154665
0.221752
0.192519
0.110681
-0.642177
-0.0170705
0.874117
0.909672
0.116698
-0.26951
-0.361264
-0.124816
-0.0360628
0.611986
0.108313
0.448181
0.272074
-0.162737
0.00871906
-0.118373
0.445232
-0.84721
0.0165188
0.650558
0.234559
0.900527
-0.610266
0.907845
0.453696
-0.624087
-0.191499
-0.310597
0.203133
-0.0616256
-0.996757
-0.650704
0.0405368
0.0403732
0.559885
0.715769
-0.777536
0.10645
-0.827327
0.976229
0.165143
-0.502382
-0.436126
-0.238449
0.0720887
-0.945764
0.977848
-0.613573
-0.700148
0.254094
0.925967
-0.950326
-0.227699
0.368351
-0.280126
0.416721
0.402223
0.428131
-0.805042
0.736088
-0.282895
0.44222
0.864767
0.591073
0.661511
-0.635965
-0.230205
0.221766
0.7171
0.543532
-0.677293
-0.283525
-0.864611
0.856675
-0.498167
-0.861175
0.891464
-0.566882
0.501001
0.39397
-0.499882
-0.744705
0.0787651
-0.729761
-0.0660422
0.367736
-0.0515622
0.519744
-0.200413
0.89861
0.350423
-0.838749
-0.805806
0.116363
-0.361493
0.202706
0.275968
-0.811482
0.0310161
0.651669
-0.216974
-0.404224
0.496944
-0.359744
0.8493
-0.463778
0.0643536
0.54249
-0.46507
0.333094
-0.540532
-0.587264
0.217998
-0.511497
0.197523
0.342118
-0.313017
0.161783
0.40816
-0.25256
-0.593593
-0.781682
0.655575
0.0210797
-0.994558
0.937503
-0.052621
-0.615881
-0.438764
-0.552287
-0.608118
-0.823233
-0.601854
0.440925
0.700191
0.228952
-0.490985
-0.550646
-0.950423
0.155388
-0.498635
0.520696
0.808834
-0.581047
-0.348833
0.309716
0.805813
-0.150141
0.504484
-0.277
0.72025
0.427827
-0.181412
0.63658
-0.814412
0.709464
0.25924
0.51636
0.0967058
-0.43904
-0.0956501
0.674653
-0.999283
-0.671391
-0.131905
-0.0810139
0.74767
0.62286
0.257228
-0.601198
0.810158
-0.382745
0.839652
0.989715
0.413979
0.461278
-0.44133
0.159945
-0.767266
0.767776
0.438475
0.499613
0.379019
-0.258103
0.773447
0.739461
-0.86561
0.411132
-0.89239
-0.406087
0.391265
0.943574
-0.737666
0.772825
-0.720443
0.712423
-0.82978
0.820183
0.306494
-0.54594
0.139718
-0.897988
0.203493
0.895887
-0.964883
-0.824461
0.935899
-0.740527
0.398289
-0.676451
-0.342789
0.835777
-0.655029
-0.179563
-0.667483
0.892235
-0.593281
-0.636229
-0.432213
0.873622
0.366542
0.30224
-0.624288
-0.0703531
-0.41326
-0.373452
-0.663352
0.112739
-0.541796
-0.257018
0.804345
-0.323495
-0.712455
-0.17472
-0.606175
-0.971705
-0.0957708
0.914271
-0.167731
-0.254442
0.850852
0.299752
0.436918
0.91738
0.920699
-0.11436
0.390597
-0.342691
0.606871
-0.61535
-0.24175
0.852613
0.75018
-0.558738
0.348641
-0.533148
-0.485713
-0.869686
-0.797807
0.811871
0.168897
-0.673228
0.64836
0.806748
-0.323111
-0.803626
-0.219996
-0.667994
-0.06189
-0.569415
-0.44501
-0.539528
-0.152721
0.721507
-0.163267
0.398698
0.54216
0.984251
-0.0676615
-0.399261
0.594401
0.89483
0.153161
-0.119575
0.35281
0.201506
-0.198811
0.830439
-0.966076
0.403529
0.95467
-0.788396
-0.577934
0.971645
-0.776277
0.314941
-0.391263
-0.22524
-0.484865
-0.232028
0.0361453
0.342225
0.689796
0.231579
0.689082
0.225571
-0.239744
-0.273761
-0.311874
0.421744
-0.00263227
-0.64894
-0.255496
0.975462
-0.928413
-0.467159
0.793206
0.105365
-0.234075
0.145412
0.242905
0.481223
0.648762
0.323457
-0.476951
0.885523
-0.864112
-0.803983
-0.930376
-0.728155
-0.429348
0.0701005
0.992639
-0.886758
-0.984039
-0.973562
-0.0809002
0.545796
-0.642011
0.681419
0.0857631
0.857676
0.646098
0.706524
0.0144159
0.498187
0.624995
-0.188047
-0.292706
0.173049
0.974486
0.939922
0.550582
-0.455226
0.977311
0.59379
-0.190184
-0.630606
-0.719039
-0.38586
0.359223
-0.0684747
-0.583717
-0.897587
-0.896844
-0.565527
-0.877197
-0.912755
0.217998
-0.434935
0.244987
-0.733916
-0.759398
-0.967531
0.0648385
-0.0657369
0.468413
0.897861
0.54213
0.693924
0.526292
-0.0137204
0.0961313
0.324106
0.152871
0.559736
-0.138492
0.0793233
0.0128354
-0.658068
-0.400881
-0.600498
-0.325393
0.159283
0.999755
-0.743654
0.956506
-0.515508
-0.333417
0.628229
-0.83488
-0.198356
-0.452573
-0.356929
-0.878954
0.0834867
0.0362645
-0.2057
-0.489654
0.430257
-0.721432
0.889472
0.948096
