0
0
0.156156
-0.853501
0.235304
-0.299083
0.180144
-0.227805
0.198103
0.469635
0.209897
-0.306758
0.0218606
0.221576
0.619467
-0.631483
0.708355
-0.681931
0.686702
0.254083
0.223778
-0.56584
-0.568602
-0.00873064
-0.812067
0.240209
0.92214
0.189218
0.0603786
-0.170135
-0.735974
-0.614401
0.567176
-0.413513
0.653722
0.421248
-0.610467
0.14297
-0.545115
-0.192851
-0.477008
0.258653
-0.563229
0.357598
-0.680352
-0.223433
0.366402
0.630128
0.524118
-0.135862
0.463297
0.476096
0.993094
0.0864598
0.682076
0.56885
-0.859668
0.275076
0.186594
0.804318
-0.104305
-0.537989
0.0642626
0.989533
0.134098
-0.969422
0.85792
-0.108029
-0.0167023
-0.107398
-0.0887361
0.845826
0.42077
0.183784
-0.563379
-0.680764
0.901322
0.108359
0.535128
0.64435
0.642666
-0.483521
0.0452146
0.771105
0.451869
-0.356663
-0.465021
-0.852692
0.497042
-0.384831
0.141109
0.26122
-0.321347
-0.392064
-0.000657978
0.44591
0.799101
0.0744618
0.074611
0.280862
0.714033
0.199478
0.989919
-0.100755
0.447605
0.114328
0.108369
0.147728
-0.757169
0.477539
-0.802567
-0.256254
-0.817959
0.230932
0.657982
-0.641906
-0.481575
-0.824945
0.379224
0.206226
-0.0378568
0.60721
0.149432
-0.066934
-0.307948
0.157657
-0.351959
0.536747
-0.253323
-0.90457
-0.353628
0.665655
0.0115065
0.232329
0.257728
-0.288474
0.352585
0.39748
0.33198
0.368351
-0.200318
0.229789
-0.0802352
-0.929163
0.217637
0.366713
-0.764194
-0.466723
-0.086952
-0.682827
0.912616
0.053597
-0.0187766
-0.477216
0.843929
0.169043
0.669199
0.277504
-0.960331
0.0178355
0.0714324
0.781488
-0.65471
0.683598
-0.848943
0.0153506
-0.292855
-0.830762
-0.848597
0.306215
0.0877031
0.366162
0.0497594
0.759044
0.295567
-0.256759
0.807299
-0.109476
-0.362662
-0.505059
-0.425089
-0.793223
-0.535636
-0.606058
-0.575828
-0.397221
-0.336092
-0.933891
0.015482
-0.838748
-0.327543
0.7484
-0.0245594
-0.449165
-0.59311
-0.255864
0.528109
-0.703478
-0.608403
-0.779442
0.194229
-0.392757
0.67723
-0.664451
-0.920314
-0.224961
-0.00555522
0.522469
-0.301911
-0.615021
0.00777893
0.288948
0.567082
-0.0608874
0.285848
-0.530905
0.103866
-0.500319
0.114277
-0.797175
0.293315
-0.599815
-0.518031
-0.046296
-0.475142
-0.0950013
0.309288
-0.821495
0.248702
-0.520322
0.417568
0.855108
0.344008
0.458823
-0.553824
0.722617
-0.544112
0.541883
-0.0622047
0.497064
-0.3649
-0.253852
-0.189452
0.114616
0.764285
-0.242802
0.24779
0.938984
0.0748217
0.78524
0.707782
-0.325863
0.162147
-0.774432
0.151165
-0.866546
0.089654
0.272883
0.243289
0.763565
-0.391003
0.475506
0.249938
-0.680716
-0.0384693
0.725764
0.766652
0.296042
-0.162629
0.362026
0.119834
-0.34899
0.408169
0.165282
-0.939526
0.0982734
0.672872
-0.711037
-0.917426
-0.325325
-0.444062
0.886855
0.855575
-0.00648726
0.496408
0.0720789
-0.692321
-0.587142
0.155829
0.832767
-0.719622
0.264601
0.271088
-0.442795
-0.129666
0.888904
0.518925
0.135311
-0.486343
-0.432851
-0.583918
-0.705219
0.711505
-0.460151
0.69851
-0.382908
0.32857
-0.291593
0.811733
-0.134066
0.450913
0.652343
0.0690286
-0.53588
0.724943
-0.285151
0.538393
0.291871
-0.0645393
-0.465436
-0.113159
-0.0739453
0.14237
0.118191
0.729608
-0.617884
0.0925874
-0.985919
0.394027
0.0591292
0.0121544
-0.0873017
0.525673
0.274435
0.486428
0.536112
-0.157838
0.400445
0.469523
-0.590145
0.76567
0.162178
-0.314545
0.612584
0.212203
0.153237
-0.757856
-0.437219
0.212941
-0.360862
-0.816304
0.0476116
0.486945
0.0239093
-0.602012
0.0980695
-0.500036
0.781288
0.268232
-0.176338
0.105542
0.154484
0.509459
-0.850267
-0.39957
0.720949
-0.404211
-0.104979
0.685126
-0.17743
0.329858
0.469049
0.222749
-0.575877
0.968922
0.119618
-0.238556
0.334556
-0.525161
0.0231424
0.781678
0.264796
-0.770992
-0.289022
-0.981269
0.090162
0.453878
-0.284824
0.600089
-0.556287
0.544434
-0.21433
0.0218752
0.798808
0.66265
-0.546452
0.661369
-0.584152
-0.462331
-0.408952
-0.623282
0.61493
0.384977
-0.0183746
0.694934
0.0196901
-0.30369
-0.577839
0.572834
-0.00236049
0.140303
0.287041
-0.26258
0.730232
-0.726732
0.330891
-0.687931
0.0669488
-0.172676
0.31415
-0.480335
-0.617843
0.167098
-0.569044
-0.446555
0.182702
-0.927808
-0.131118
-0.838739
0.456341
-0.206855
0.253538
-0.110192
0.516019
-0.855655
0.307457
-0.0164996
-0.402409
0.770258
-0.380994
-0.231044
-0.180078
-0.187747
-0.831012
-0.666941
0.718034
-0.685984
-0.664465
0.0203702
-0.387785
-0.567863
-0.119759
0.117198
-0.877896
-0.357501
0.496918
-0.455758
0.729956
-0.331158
-0.486824
-0.738238
-0.278331
0.556475
0.262088
-0.725646
-0.151581
-0.849589
-0.338092
-0.227292
0.65259
-0.119043
0.436803
-0.147271
-0.480363
0.625252
0.486324
0.280403
-0.922932
0.477137
0.37065
0.322992
0.35727
-0.789011
-0.054679
-0.667665
-0.0760926
-0.357666
0.198084
-0.315201
0.498218
0.559943
-0.543874
-0.421256
0.526543
-0.505162
0.157256
0.35534
0.094305
0.0105296
-0.530773
0.0800367
-0.873962
-0.27471
-0.56941
-0.561123
0.204978
-0.0678057
0.742905
0.666979
-0.406213
0.690238
-0.591818
-0.602452
-0.646752
0.892113
-0.0319568
-0.907717
-0.00455629
-0.0109924
0.262782
-0.187548
0.80767
0.432998
-0.731593
-0.754239
0.649238
0.653795
-0.654396
-0.435263
0.486824
0.188054
-0.292171
0.345521
0.286377
0.157429
0.656507
-0.30814
-0.561037
0.310259
0.79303
0.931617
0.149728
-0.0794155
0.378562
0.26459
0.870023
0.503285
0.378863
0.339829
-0.519025
0.386178
-0.538409
-0.340207
0.197546
0.349041
0.294516
0.407207
0.529874
0.0488995
-0.270232
0.758361
0.0713519
0.478559
-0.488703
-0.537603
0.502136
0.310777
-0.629259
-0.696249
0.214926
-0.743727
0.512514
0.108169
-0.891011
0.84984
-0.0425718
0.274476
0.892179
-0.651996
-0.499805
0.105344
-0.921908
-0.0609554
0.311775
-0.332953
0.0330508
-0.47143
-0.858482
0.631444
0.318197
-0.457068
-0.809884
-0.100265
-0.787496
0.424688
0.323003
0.181485
-0.614021
-0.482679
-0.486358
-0.321407
-0.225352
-0.712303
-0.319093
-0.343267
0.217646
-0.113764
-0.964661
0.982132
-0.128191
-0.543525
0.691005
-0.159237
-0.13816
-0.217136
0.2427
-0.0356581
-0.334004
-0.11718
-0.221668
-0.867181
0.278634
0.648232
-0.696699
-0.122556
-0.662662
-0.153051
-0.923502
-0.797335
-0.583223
-0.7734
0.0517814
0.447176
0.394333
-0.890526
0.396518
0.887884
0.211755
0.0993478
0.696656
-0.827995
-0.163877
-0.158945
-0.714428
0.440238
0.691733
0.278958
0.163217
0.407586
-0.516706
0.0474638
-0.139107
0.215621
0.928139
-0.115433
-0.103482
-0.266699
0.766006
-0.48114
-0.749952
-0.545813
0.339304
0.807628
0.0449246
-0.148406
-0.2104
-0.976406
-0.0429455
0.894824
0.267095
0.651023
-0.151324
-0.196248
-0.517945
0.728345
0.399742
-0.326519
-0.180947
-0.520936
0.557715
-0.101463
0.0383304
0.481018
0.478746
0.135365
-0.359237
0.540184
0.0191296
-0.941855
-0.0754404
-0.901155
-0.405194
0.211408
-0.74237
0.458972
-0.420015
0.21893
-0.119631
-0.195072
-0.483818
-0.0682514
-0.364049
0.639916
-0.0460173
0.225938
-0.753968
-0.922817
-0.0323836
-0.150359
-0.141918
0.505967
-0.301922
0.347939
0.357505
0.111472
-0.472655
-0.505038
-0.0528144
0.880544
0.000790288
-0.916056
-0.3277
-0.845954
0.387455
0.860109
-0.101144
-0.153959
-0.647079
0.647869
-0.0192909
-0.789093
-0.19509
0.403438
-0.0376172
0.138761
-0.0531965
-0.700275
-0.383777
0.403068
-0.187846
-0.382935
-0.302363
-0.253062
-0.235839
0.148916
-0.981735
0.618014
0.639781
0.0418946
-0.488999
0.542239
0.313468
0.47916
-0.486702
-0.147816
-0.101936
-0.280781
-0.42271
0.851505
-0.0349066
-0.348374
-0.686172
-0.899563
-0.0768702
-0.696883
0.600352
0.310476
0.00497181
0.144241
0.924962
0.318706
-0.883363
0.217688
-0.170664
-0.608911
-0.493681
0.0476627
0.191347
0.915538
0.204356
0.386523
0.846393
-0.017057
0.764467
0.258148
-0.40302
0.594367
0.284175
-0.488531
0.380406
0.348578
0.485529
-0.0608216
0.335643
0.101964
0.920675
-0.215875
0.380067
-0.110634
-0.384216
0.296533
0.153582
-0.648747
-0.618801
-0.109399
-0.115517
0.95799
0.0265846
-0.576825
0.538017
0.462334
-0.649156
0.326095
-0.452195
-0.586471
0.723557
0.168599
0.302375
-0.181041
-0.487292
0.444183
0.635466
0.543819
0.189267
-0.0731487
0.536992
-0.666035
-0.647201
0.636218
0.426799
-0.400842
0.593893
-0.557232
0.307773
-0.71547
0.617652
0.439039
0.494784
0.866403
0.432408
0.701757
0.17514
-0.895698
0.0514933
0.923676
-0.329064
0.233801
-0.952887
-0.928918
0.00506865
0.489865
-0.370251
0.189524
-0.79823
-0.438002
0.139603
0.0924897
-0.981889
0.138536
0.174125
-0.544376
0.245292
-0.0435217
0.839117
-0.538442
0.741346
0.723235
0.388153
-0.0504264
0.383267
-0.0116681
-0.934324
0.668224
0.297367
-0.0704499
-0.47133
-0.369453
-0.459825
0.791301
-0.291
-0.535731
0.760049
0.149996
-0.904229
0.158074
-0.8944
0.357329
-0.641571
0.557966
-0.387302
0.515944
0.173338
-0.840287
0.279381
-0.176885
0.495368
0.136939
-0.557394
0.554185
-0.568896
-0.0225368
-0.243084
-0.000511494
-0.336912
0.0197573
-0.559289
0.0971033
-0.527943
-0.745804
0.00252694
-0.253968
0.131628
0.019389
-0.831717
-0.391006
-0.518051
0.0459947
0.291538
0.294065
-0.562958
0.045644
-0.908124
0.787904
-0.0802839
-0.422223
-0.767981
0.0691139
0.59875
0.268167
0.643383
0.419015
0.171577
-0.825733
0.00626889
0.0974533
-0.688119
0.817701
0.481912
0.0108286
0.498845
-0.437451
-0.694298
-0.676271
0.297391
0.0312485
0.441656
0.619393
-0.301303
-0.886985
0.0378935
0.647472
0.203997
-0.25389
0.849849
0.553738
-0.759241
-0.134126
-0.884468
-0.346636
-0.0950519
0.057721
-0.718633
0.568482
-0.123039
-0.88228
-0.217146
-0.214222
-0.43839
0.459501
-0.858764
-0.428598
0.647888
0.192943
0.338975
0.602278
-0.73934
-0.933871
0.0672491
0.4979
-0.275874
0.298269
0.209571
-0.733221
-0.641176
-0.552752
-0.114827
-0.708807
-0.645098
0.630903
0.0580515
-0.276285
-0.477305
0.144604
-0.276875
0.591467
0.71879
0.7516
-0.653953
-0.182284
-0.641182
-0.194294
0.8303
-0.348905
0.597831
0.316621
-0.322132
0.550402
0.351546
0.0826147
0.715398
0.787429
-0.14017
-0.738001
-0.423688
-0.745821
0.358567
-0.343925
-0.128153
0.860839
0.407447
0.594468
-0.454825
-0.163202
-0.296784
-0.0804063
0.310334
-0.126453
-0.218838
0.796589
0.0349952
0.449714
0.776269
-0.429647
0.226138
-0.351046
-0.189317
-0.693412
0.529206
0.0142255
0.503841
0.428584
-0.399859
0.257019
0.143127
-0.0275988
-0.716983
-0.825894
-0.421352
0.824106
-0.307153
-0.0144057
0.567101
0.517246
0.147918
0.882772
-0.0321244
0.107397
0.287445
-0.302657
-0.927306
0.280618
0.674014
0.192261
-0.747577
0.1398
0.721577
-0.0744921
0.0122269
0.786847
-0.558007
0.232021
-0.840865
0.588443
-0.581264
-0.449444
-0.00326209
0.239206
0.866919
0.802942
0.290727
-0.358192
-0.473576
-0.22956
0.324695
0.228132
-0.449141
-0.633789
0.651167
-0.549026
-0.221755
-0.264966
-0.26446
-0.265613
-0.878499
0.32764
0.666395
0.651264
0.149607
0.327198
0.861973
0.293641
0.624146
0.209603
-0.872605
0.535515
-0.529227
0.714633
-0.194505
-0.408076
0.148056
0.780003
0.519801
0.788051
-0.390637
0.928287
0.231377
-0.411848
0.835539
0.0689602
-0.492076
0.877431
-0.0690279
0.0281799
0.114105
0.748229
-0.296274
-0.0971655
-0.477321
-0.418396
-0.370391
-0.633856
-0.553501
0.578987
-0.208049
0.75603
-0.626078
0.994065
-0.0491209
-0.114594
0.676211
-0.977642
-0.00507111
0.681142
-0.195257
0.375126
0.821908
-0.470635
-0.0300494
-0.245074
-0.271557
-0.481876
-0.768621
-0.589698
0.0110164
-0.0954328
-0.46565
0.752936
0.324185
-0.522292
0.588197
0.0194632
-0.232971
0.614087
-0.500399
0.501104
0.066713
-0.389384
0.752459
0.549874
0.711732
-0.484628
-0.761343
-0.73375
-0.155108
-0.762661
0.0489244
-0.817985
-0.175479
0.375596
-0.439266
-0.319413
-0.0563388
-0.471951
0.721122
0.0220475
-0.0220526
-0.567147
0.342843
-0.0207723
-0.816892
-0.905766
-0.299459
-0.286535
-0.620022
-0.283736
-0.778089
-0.680559
0.354414
-0.171306
-0.63035
-0.341143
0.748766
0.474771
0.253705
-0.591421
-0.582649
-0.0148301
0.152906
0.542625
-0.487729
-0.714748
0.621652
-0.0744142
0.809675
0.782988
0.443843
0.596749
-0.742041
-0.229769
0.782761
0.404413
0.0844601
-0.0649971
0.145149
0.682843
-0.553883
-0.889357
-0.35162
0.37899
-0.728973
-0.295317
0.17839
-0.175756
0.16865
-0.224822
-0.366245
-0.717865
-0.669843
-0.398816
-0.446648
0.342398
0.00999334
-0.178644
-0.811777
-0.0947078
0.557799
0.227642
0.868264
-0.314912
-0.695998
-0.56
-0.522896
0.04105
-0.297035
0.357031
-0.343802
-0.305083
0.752173
-0.243111
-0.902202
-0.0295151
0.733471
0.511141
-0.477915
-0.552586
-0.509201
-0.594694
0.755312
0.618194
0.0357127
-0.147088
0.699386
-0.424899
0.0731389
-0.510004
0.793597
-0.872322
0.049663
0.824558
0.554612
-0.263329
0.888153
0.461527
0.386384
0.0967963
-0.43134
0.419259
0.341072
-0.345812
0.191254
-0.0794065
0.486072
-0.872456
0.067702
-0.499042
0.20119
0.710151
-0.184005
0.0964295
-0.641343
0.127415
0.949543
0.0172448
0.726833
-0.312653
-0.808587
0.100986
0.655232
0.372001
-0.732244
-0.701367
0.387237
-0.821826
-0.41809
0.635074
-0.0661271
-0.0297416
0.383542
-0.287705
-0.52467
0.399599
-0.785205
-0.203295
-0.040406
0.026875
0.14826
0.1663
0.745109
0.379808
0.667257
0.808668
0.158695
-0.650052
0.311141
-0.4594
0.779175
-0.524283
0.765944
0.433202
-0.446919
-0.605614
0.144047
-0.549703
-0.725579
0.523534
0.782174
-0.919774
-0.149439
-0.0535295
0.462248
-0.704117
0.367586
0.864168
-0.13433
-0.490309
0.557389
-0.685721
-0.00200236
-0.279402
0.0435141
0.545599
0.592923
0.82013
-0.489969
0.047358
0.165735
0.0464255
-0.497119
-0.024982
-0.333898
0.200784
-0.224523
-0.0543171
0.623901
-0.178118
0.531274
-0.0881303
0.765825
-0.498362
0.00760912
0.447842
0.822067
0.73615
0.658454
-0.362553
0.528918
-0.931409
-0.243538
0.556227
-0.160764
0.273739
-0.746373
0.474487
-0.46531
-0.467022
-0.493454
-0.666307
-0.00836611
0.589316
-0.688836
0.010888
0.972467
-0.253815
0.880279
-0.176833
-0.394005
-0.519481
-0.653696
-0.848921
0.10035
0.232959
0.659012
0.35774
-0.364419
0.770212
0.225658
0.15264
0.0609638
-0.048353
0.239773
0.451052
0.555628
0.676675
-0.0913946
-0.0236338
0.931026
-0.581517
-0.781121
-0.327766
-0.284001
-0.98605
0.136526
-0.687928
-0.69983
-0.0355159
0.951333
0.112146
-0.220103
0.0335295
-0.95747
-0.351362
0.0406174
-0.541873
0.79612
-0.747452
0.457171
0.677275
0.419141
-0.113033
-0.779191
-0.819808
-0.506156
-0.495316
0.667201
0.244591
0.582199
0.441798
-0.7311
0.433015
-0.525555
0.184314
0.398562
0.0657637
-0.577472
0.159672
0.286873
0.0179737
-0.500079
0.483108
-0.251079
0.724313
-0.202959
0.476193
0.688357
-0.250873
-0.168227
0.769696
0.440704
0.715637
-0.566445
0.757207
-0.50919
-0.911661
-0.295252
0.170007
-0.538512
-0.547067
0.803529
-0.22626
0.0568083
-0.140145
0.734523
-0.5194
-0.401792
0.220851
0.317682
0.425111
0.203559
0.871231
0.158037
0.631587
0.710976
0.535131
0.165623
0.194212
-0.35892
0.776719
0.357772
-0.515809
-0.340632
0.0516079
0.791715
0.7423
-0.199465
0.198394
-0.969367
-0.10383
0.85059
-0.411725
0.555442
-0.670089
-0.424368
-0.648099
-0.268496
-0.660692
-0.330689
-0.426622
0.483521
0.16051
0.515218
0.284715
0.914794
-0.271221
-0.0134814
-0.648651
-0.0709633
-0.348301
0.0936554
0.831431
0.0826975
0.696915
-0.504631
0.0746518
-0.605708
-0.593552
0.569533
0.314659
0.399069
0.000272766
0.481114
0.00180743
0.455126
0.0531066
0.762325
-0.331858
-0.48279
-0.371783
0.824035
0.577361
-0.761772
-0.466742
-0.0604142
0.82762
-0.334129
-0.31979
0.73785
0.561885
-0.284854
-0.0466259
0.255484
0.315898
-0.869418
-0.203547
0.0514531
0.32529
-0.1151
-0.806674
-0.249658
0.388904
0.34105
-0.854418
0.194318
-0.337836
0.257194
0.215819
0.495318
-0.290629
-0.174409
0.638461
-0.500744
-0.281768
-0.00281569
0.570739
0.330275
-0.192457
-0.717919
0.525266
0.0887283
0.228544
0.552806
-0.0724509
0.686493
0.471285
0.59437
-0.750236
-0.228095
-0.433091
-0.487474
0.314806
-0.382306
0.469115
-0.0264176
-0.465126
-0.429401
0.0923899
0.785609
-0.312061
0.696436
-0.124257
0.79732
-0.200855
0.219159
-0.24108
-0.642014
-0.793634
-0.549479
0.236239
0.376782
0.981215
-0.014443
0.318157
0.142333
0.784348
0.280715
0.830194
-0.238522
0.615304
0.272639
-0.436873
-0.481933
-0.444937
-0.677733
-0.23697
-0.143974
-0.721956
0.175407
0.24184
0.159285
0.691528
-0.529433
0.249217
0.0841142
-0.443689
-0.0199707
-0.379597
0.481459
-0.962004
-0.243919
-0.225426
-0.190302
0.304259
0.0169713
0.748121
0.488682
-0.610104
0.0573351
-0.580906
0.649297
0.651377
0.593541
-0.0923151
-0.490602
0.258357
-0.218941
-0.263934
0.0997336
-0.777472
0.288823
-0.111449
0.789759
-0.043812
0.0305824
0.282863
0.428141
-0.686204
0.599162
-0.0411278
-0.330601
0.278257
0.284414
0.615629
-0.168853
-0.410999
-0.851399
0.158818
0.816223
-0.828508
-0.529732
-0.836883
-0.347386
-0.269081
0.527992
-0.281132
-0.691351
0.130627
0.0237137
-0.110268
0.0270088
0.524918
-0.000963745
0.179271
0.651466
0.261125
0.504757
-0.517578
-0.518357
-0.0928703
-0.381219
-0.683784
0.462424
-0.190225
-0.908341
-0.091009
0.181893
-0.240909
0.692854
-0.0420866
0.862967
0.383202
0.811728
-0.158997
-0.785958
0.977147
-0.149441
-0.891916
0.107871
0.5512
0.588954
0.147027
-0.129722
0.91568
0.168594
-0.318035
-0.252762
-0.360633
-0.422734
-0.402398
0.344902
-0.279304
0.320586
-0.854576
0.0593165
0.169478
-0.13191
0.51771
0.0332394
0.345275
0.343528
0.286034
-0.389433
0.367559
-0.771293
-0.0557999
0.448377
-0.481616
-0.610238
-0.284671
0.457122
0.846555
-0.00943708
0.78073
0.0943994
-0.64027
-0.676656
-0.286895
0.0790976
-0.899461
-0.347711
0.498208
-0.424957
0.519357
-0.0709868
-0.757504
-0.647423
0.769308
0.259786
0.128445
-0.600099
-0.556414
-0.709911
-0.780898
0.0844782
0.177473
0.392415
-0.346661
0.440983
0.00045079
0.263694
-0.0721654
0.292904
-0.338461
0.0228936
0.480747
-0.816268
0.758674
0.41339
-0.0460254
-0.4666
-0.442704
0.634652
0.539072
0.639035
0.626115
-0.0132804
-0.488079
-0.353636
0.316781
0.798129
-0.916319
0.164775
-0.773116
-0.191106
0.491681
-0.722513
0.255047
-0.647236
0.242197
0.577735
0.329839
-0.921648
-0.326918
-0.647276
-0.529607
0.17187
-0.384744
-0.619417
-0.487961
-0.0999439
-0.338965
0.387038
-0.370016
-0.885841
0.360178
-0.418793
0.305519
-0.375083
0.0476599
0.470169
-0.81328
0.331694
0.16889
-0.719379
0.0110435
0.886876
0.114983
-0.689165
0.159334
0.823161
0.154855
-0.274993
-0.942622
0.306918
-0.722347
0.196965
-0.23526
-0.681474
-0.844117
0.171274
0.143888
-0.0586836
-0.175863
0.876211
0.45969
0.197019
-0.458304
0.665574
0.276396
-0.137905
-0.305659
0.753921
0.582247
0.115752
-0.682673
-0.116964
0.715074
0.648148
0.525117
-0.815797
0.0257814
-0.231109
0.0114393
0.908452
0.515991
0.456287
0.597264
0.574941
-0.249951
0.752444
-0.291846
-0.701303
-0.626753
0.456269
0.85809
0.206917
-0.182328
-0.730427
0.249746
-0.150824
-0.0489232
-0.910664
-0.0183069
-0.725953
-0.583815
-0.594867
0.84086
-0.0715416
0.222366
-0.195764
0.106429
-0.0718407
0.902557
0.232878
0.455243
0.443637
-0.550065
0.612389
0.410183
0.481459
0.77245
0.0661943
0.0265498
0.514373
0.507536
-0.612575
0.339108
0.939051
-0.613851
0.638565
-0.430356
-0.848312
0.629189
0.338962
-0.286804
0.753744
-0.846486
0.140331
0.605483
0.631192
0.917996
0.106331
0.799126
-0.182933
0.714004
0.466052
0.219755
0.938389
-0.029712
-0.0314852
0.0103729
0.90562
0.25684
-0.812311
-0.891736
-0.109024
0.0474129
0.47724
-0.371631
-0.36985
-0.689989
-0.14643
0.302648
0.474967
0.12551
-0.187775
-0.89449
-0.409001
-0.581202
0.228721
0.63886
0.344358
0.819325
0.199141
-0.130313
0.121237
0.0970564
-0.829725
-0.707105
-0.163481
-0.507839
-0.604617
0.959901
-0.0759152
0.197152
-0.0176951
0.215318
0.744942
-0.908423
-0.363079
0.760788
0.361813
