0
0
0.421284
-0.581238
0.255462
-0.410064
0.652085
0.0360581
0.581819
-0.707372
-0.282106
-0.353879
-0.999111
0.178182
0.949856
0.377436
-0.09345
-0.0139633
0.721964
0.861761
-0.170096
0.39154
0.575675
0.378701
0.15298
-0.151934
-0.409188
0.895374
-0.448894
0.0204968
0.0854066
0.720869
-0.611205
0.177699
0.00158714
-0.338333
-0.597999
-0.432671
-0.878406
-0.517025
-0.0558971
0.77713
-0.034602
-0.827425
-0.33378
0.503524
-0.714094
-0.058938
-0.552021
-0.915305
0.010554
-0.0078622
-0.29877
-0.458953
-0.867111
0.676225
-0.0382291
-0.36231
-0.543844
0.0317233
-0.846445
0.0734166
-0.433506
-0.537919
-0.564353
-0.514396
-0.726381
-0.798307
-0.162844
0.698398
-0.921995
0.889532
-0.378138
-0.422415
-0.849788
-0.994037
-0.358687
0.657831
-0.950407
0.788436
0.0872222
-0.857321
0.106594
-0.133811
0.397926
0.76605
0.914408
-0.88123
-0.0288247
0.901038
0.529592
0.760932
0.668476
-0.685729
0.350609
-0.22747
0.830709
0.886705
-0.193767
-0.914737
-0.748015
0.615594
-0.407008
-0.500393
0.318164
0.710111
-0.670269
-0.557326
0.0291137
-0.0360382
-0.366535
-0.107827
-0.117235
-0.501352
-0.393989
0.193075
-0.664658
0.723147
-0.249771
0.273356
-0.694938
-0.0441104
-0.0818041
-0.476495
-0.913913
-0.744665
0.196223
-0.0992951
-0.340587
-0.113865
-0.333868
0.74861
-0.973685
0.4161
-0.57625
0.772298
-0.714354
0.0726887
0.404627
-0.739283
0.112694
-0.891397
-0.183218
0.105391
0.159268
0.738839
-0.0371788
-0.718945
0.507283
-0.651967
-0.42635
-0.525373
0.993144
0.911469
0.756842
-0.443177
-0.715138
-0.768948
-0.703903
-0.860589
0.352872
0.514619
0.0944411
-0.0660223
0.845463
-0.00901311
-0.32897
0.519689
0.653858
-0.136104
-0.70571
-0.47537
-0.336481
-0.47226
-0.988099
-0.0432646
-0.376597
-0.0252757
-0.708244
0.932786
0.350868
0.388841
0.572076
0.893719
-0.265238
-0.443474
0.871606
-0.26477
-0.391915
0.956943
0.820443
-0.335288
-0.016095
0.957306
-0.224944
-0.664471
0.2849
-0.415203
-0.575067
-0.418352
-0.0811612
0.269205
-0.457853
-0.983587
-0.318666
0.451189
0.424421
-0.614959
-0.0480778
-0.432023
0.699579
0.201615
-0.326972
0.647724
-0.0575913
0.821811
-0.383859
0.615339
0.781022
-0.272824
-0.047686
-0.926053
0.243212
0.0152586
-0.199499
-0.020876
0.143862
0.853357
0.564563
-0.852548
-0.135663
-0.49507
-0.199974
-0.708229
-0.0034209
-0.404217
-0.361806
-0.300609
-0.835585
0.0148111
0.270311
0.301663
-0.310483
0.623743
0.889167
0.164345
-0.27109
0.59326
-0.746194
-0.510915
0.160245
0.741871
-0.181846
0.723382
0.381738
-0.356411
0.668279
0.461202
-0.588538
0.614849
0.392683
-0.0577033
-0.104979
-0.734486
0.654451
-0.868297
-0.78024
-0.752086
0.0844434
-0.612898
-0.35226
-0.57284
0.576301
0.673127
0.48706
0.907268
-0.0980943
-0.33063
0.198136
-0.446804
0.587552
0.780622
-0.767886
-0.731191
0.393919
-0.137807
0.319265
-0.606573
-0.460933
0.470882
-0.251271
0.194781
-0.359118
0.849259
0.399691
-0.664864
-0.513077
0.724569
0.0514251
0.57809
-0.91746
-0.421796
-0.663938
0.220186
0.763667
0.781443
0.180781
0.0597759
-0.749057
0.44676
-0.599689
-0.795397
0.814505
-0.424899
-0.357771
-0.00703915
0.510511
0.187451
-0.644433
0.34239
-0.752203
-0.125144
-0.655993
-0.703868
0.118029
-0.298166
-0.909144
0.46404
0.687422
0.630716
-0.872011
-0.328767
-0.422782
-0.817991
-0.734582
0.936221
-0.204351
-0.719755
-0.542207
-0.420765
-0.802188
-0.286166
-0.668096
-0.762483
0.994224
-0.721091
-0.950123
0.191831
0.633666
0.920062
-0.393407
0.805906
0.282701
0.479786
0.101028
-0.264457
-0.26824
0.0215192
-0.988336
0.856112
-0.255564
-0.0587026
-0.594295
-0.285122
-0.949177
-0.321041
-0.336935
0.201211
0.633622
-0.176377
0.250239
0.657396
-0.684016
-0.998195
0.362414
-0.770898
0.944739
-0.834059
-0.63069
-0.968298
-0.766944
-0.420035
0.733477
-0.989972
-0.669305
0.872505
0.864029
0.912117
0.0382876
-0.230878
0.345999
0.639217
-0.169233
0.530342
-0.00766677
0.550384
-0.479536
0.132056
0.709157
0.844461
0.714344
-0.569044
-0.0659593
-0.889105
0.0366749
-0.871084
-0.163231
0.857854
0.789013
0.587399
-0.221308
0.457686
-0.716566
0.731426
0.492238
0.668307
-0.132137
-0.747757
-0.427283
-0.209004
-0.323796
0.11766
0.229812
0.829485
0.447022
0.0900879
0.309068
0.583499
0.0454352
-0.404035
-0.503759
-0.0589513
0.638656
0.308833
-0.958586
0.62459
0.17793
-0.781837
0.294165
0.503926
0.99852
-0.999256
0.963818
-0.608775
0.665551
0.626385
-0.159585
0.397287
0.087249
0.656753
-0.314804
-0.385197
-0.985593
0.345804
0.295315
0.281148
-0.39339
0.941109
0.507806
-0.138914
0.238469
0.310229
-0.413147
0.185878
-0.937254
-0.625862
-0.876292
0.866473
-0.378245
-0.70577
0.352974
-0.318379
0.60124
0.165376
-0.61956
-0.629344
-0.821112
0.354451
-0.626646
0.724947
-0.306107
-0.68493
0.246614
-0.97675
-0.221144
-0.275111
-0.419799
0.0485965
-0.102614
-0.0896557
0.148637
0.518026
-0.508053
-0.531864
-0.775338
0.175728
-0.358897
-0.201136
0.56892
0.840492
0.721622
0.565284
-0.689858
0.696585
0.750839
0.472182
-0.489956
-0.625274
-0.232587
-0.93854
0.46808
0.127314
0.601173
-0.13627
-0.709356
0.541574
0.908037
0.228543
-0.551689
-0.980088
-0.603397
0.570251
0.398678
0.596729
-0.696269
-0.472636
0.101556
-0.941927
-0.194886
-0.429352
-0.485817
0.0859032
-0.794894
-0.302647
0.305747
0.555034
-0.522688
0.698666
0.708241
0.784001
-0.864485
0.417772
-0.571176
-0.925872
0.618128
0.3573
-0.684962
-0.509151
0.0584103
0.884428
0.967293
0.910402
-0.284005
0.486783
0.115462
-0.866313
0.211972
-0.253993
-0.934305
-0.447793
0.223809
0.74817
0.10678
-0.0945328
-0.0140742
-0.171152
-0.120799
-0.385703
0.664531
-0.665524
0.172681
-0.0504894
-0.716719
0.742547
-0.0538453
-0.268741
-0.744533
-0.166184
0.0428459
-0.432928
-0.220859
-0.373931
-0.802547
-0.790711
-0.825206
-0.0214937
0.245888
0.71036
0.668904
-0.0558245
-0.318914
-0.681982
0.8932
0.0593461
-0.274955
-0.5541
-0.0679331
-0.937253
-0.547764
-0.563996
0.651474
-0.982878
-0.608698
-0.245654
0.636292
-0.834458
0.108893
0.204129
0.286351
-0.398404
-0.973217
0.231649
0.54763
-0.723708
-0.550593
0.853491
0.653895
0.197694
0.195247
-0.31546
-0.614156
0.41025
0.385724
0.433778
-0.613757
0.200617
0.748458
0.325212
-0.868133
0.924985
0.0597644
0.923945
-0.500406
0.397845
-0.861916
-0.528912
-0.23329
0.0839441
0.285003
0.122817
0.995791
0.877142
-0.998519
0.907552
0.327949
0.810304
0.208106
-0.175252
-0.909435
-0.605902
-0.580114
0.446226
0.614487
0.470623
0.448411
-0.161607
-0.810829
0.144535
0.487938
0.709169
-0.733214
-0.619837
0.292984
0.25306
-0.897911
-0.0894541
0.3566
0.932638
0.901515
0.548231
-0.995605
0.239427
-0.15684
0.746364
-0.91555
-0.992349
0.787064
0.507801
-0.329813
-0.162535
0.611869
0.257928
0.54694
0.0933904
-0.367903
-0.818889
0.607955
-0.54593
-0.777348
0.790149
0.293499
0.0206136
-0.591329
0.298628
-0.395572
-0.780072
-0.541581
-0.0367007
0.198068
0.927198
0.772322
-0.729044
0.0367917
-0.852405
0.922247
0.161869
-0.56362
-0.914565
-0.722504
0.317251
-0.861341
0.966643
0.891084
0.181606
-0.931598
-0.508963
-0.732592
-0.210439
0.488434
-0.343925
0.567062
0.451342
0.0173802
0.856505
0.267344
-0.64547
-0.770954
0.185377
-0.925441
-0.189213
0.903892
-0.841799
-0.731979
0.611224
0.331939
-0.816369
-0.226385
0.125606
-0.428598
-0.857864
-0.730657
-0.908317
0.357487
-0.969251
0.925214
0.156976
0.173499
-0.707374
-0.969041
0.446934
-0.484977
-0.650234
0.394045
-0.73379
0.525976
0.037945
0.915168
-0.928598
-0.263613
0.845654
-0.863934
-0.222343
-0.762683
0.21693
0.196311
0.0327636
-0.542657
0.952375
-0.387525
-0.276704
0.477776
-0.7214
0.915891
-0.418737
-0.199188
-0.182458
0.525524
-0.401883
0.518911
-0.845647
0.829025
-0.954024
0.870876
0.973626
-0.996066
-0.46417
0.415884
-0.766376
-0.444243
0.713099
0.418597
-0.424672
-0.953666
-0.768263
0.0853913
-0.101364
-0.848944
-0.870788
-0.11927
-0.981917
-0.735432
-0.857591
-0.0697934
-0.287931
0.930742
-0.197412
0.270401
-0.675232
0.813788
-0.204979
0.694454
0.111236
-0.409351
0.459673
0.235828
0.733884
-0.418009
-0.704089
-0.358499
-0.825482
0.818137
-0.755061
-0.0609278
0.689402
0.408747
0.304354
-0.477586
-0.777388
0.0745463
0.488332
0.000663303
-0.346971
-0.384846
0.184082
0.0326093
0.861171
-0.867179
0.321034
0.897969
0.411771
0.0674184
0.559366
-0.998851
-0.795223
0.408155
-0.0734755
0.525068
-0.180941
0.745184
-0.576295
0.499756
0.333704
-0.8332
0.0591718
0.701022
0.167496
-0.76295
-0.964969
0.55094
0.595409
-0.586711
-0.525506
-0.758768
-0.67134
0.447306
0.119274
-0.548415
0.601909
0.600789
-0.443025
-0.540387
-0.960295
-0.262113
0.444695
0.303262
0.24597
-0.346295
0.129304
-0.775937
-0.0313797
-0.471925
-0.597331
-0.741301
0.737034
0.643704
-0.162331
-0.460412
0.300898
-0.648755
0.0549247
0.114816
-0.415139
0.481401
0.0723684
0.859383
-0.28975
0.482744
0.986779
-0.403765
-0.334489
-0.221978
0.606617
0.448702
-0.0103466
-0.736245
-0.929658
0.836556
-0.803234
-0.958996
-0.0797784
-0.196961
0.78247
-0.433636
-0.891759
-0.893875
0.0836862
0.623525
-0.973804
0.435421
0.65713
-0.693856
0.660415
0.971945
-0.109848
0.146492
0.941259
-0.7839
-0.157158
-0.0478134
0.85963
0.927097
0.472192
0.101533
-0.263822
-0.969405
-0.954527
-0.148847
-0.388919
-0.47798
-0.375024
-0.15983
0.0293599
0.766083
-0.803635
-0.0337758
0.350379
-0.837131
-0.117557
0.165461
-0.416265
-0.527097
-0.191814
-0.0708303
0.136091
0.497443
0.301381
0.489161
0.844684
-0.525109
-0.578249
-0.863734
0.30866
-0.38522
0.194945
0.00165907
0.774766
-0.468793
0.232587
-0.455068
0.614216
0.0850534
-0.0274117
0.47065
0.180853
0.961654
0.84683
0.186759
0.818572
0.859827
-0.475983
0.0833066
0.208894
0.0445596
0.661134
0.194707
0.142723
-0.806562
-0.675385
0.593877
0.0871458
-0.733442
0.396499
-0.384977
-0.0840953
-0.6888
0.20075
0.394711
0.739475
0.46763
0.0342438
-0.0535316
0.610547
-0.732701
0.890646
-0.265233
0.818116
0.396125
-0.186019
-0.00637035
0.717006
0.793909
-0.320386
-0.505332
0.393305
-0.64544
-0.456443
0.969038
0.989787
-0.194075
0.175779
0.0220448
-0.466314
0.905086
-0.723336
-0.00516017
0.439358
-0.226681
0.761838
0.784306
0.761714
0.728306
0.737615
0.400186
-0.448721
0.773867
-0.640855
0.867801
0.850831
-0.775964
-0.649569
-0.188653
0.187124
-0.96537
0.0287213
0.770484
-0.836097
0.682003
0.277242
-0.611598
0.879148
0.25567
0.763208
0.868077
0.475362
-0.308401
-0.372352
-0.106575
-0.737749
0.0277145
-0.760776
-0.698648
0.569636
-0.111356
-0.723993
0.856269
-0.282049
-0.642189
0.804489
0.619782
0.864031
-0.186805
0.776757
-0.821012
0.284938
0.197259
0.328456
-0.514627
0.437774
-0.375141
0.938325
0.00647402
0.835258
-0.187884
0.93243
-0.544257
-0.331766
0.66731
0.657463
0.0399738
-0.842558
-0.825991
-0.688921
-0.000984551
-0.873537
0.0305733
0.328361
-0.0489495
0.834527
0.489583
-0.6339
-0.131508
0.169212
0.52377
0.0161934
-0.93142
0.46671
0.950517
0.897469
0.745339
-0.86927
0.207585
0.766759
-0.38205
-0.241341
0.277064
0.0334744
0.842338
0.370966
0.27682
0.599874
0.182685
-0.851246
-0.294477
-0.513363
-0.381441
0.929285
-0.485255
-0.0983019
-0.602952
-0.488788
0.389712
0.43723
0.800556
0.00345808
0.0621312
0.907995
-0.00775976
0.311942
-0.71801
0.971305
-0.941094
-0.834964
0.419674
-0.0772722
0.0491012
0.612225
-0.800118
0.455118
-0.948191
-0.556159
0.878893
0.0990795
-0.0679642
-0.080024
-0.648622
0.155198
0.529038
0.255398
-0.432579
0.663532
0.437046
0.142834
0.218124
-0.463473
0.882338
-0.536851
-0.335007
0.284566
-0.69747
0.291728
-0.0386466
-0.879319
-0.648709
0.766492
0.309938
0.32815
-0.433352
0.425662
-0.760197
-0.38515
0.856677
0.0536738
-0.0752182
0.989275
0.875868
-0.383619
0.667726
-0.257227
-0.407521
0.551186
0.351754
0.246271
0.377572
-0.96378
0.468367
-0.773673
-0.416548
-0.731999
-0.0045939
0.931801
0.805349
-0.663885
-0.386727
-0.622585
-0.137951
0.242762
0.26517
0.638527
0.788495
-0.475272
-0.0840061
0.471376
-0.691055
-0.818262
-0.842271
0.63895
-0.591919
0.368902
-0.227127
-0.574115
0.961051
0.739689
0.156301
0.588458
0.999939
0.859114
0.939653
-0.658105
-0.746469
-0.20934
-0.978518
0.859353
0.515729
-0.334375
0.937876
0.464182
0.156056
-0.278668
-0.470546
-0.520185
0.902857
-0.702567
0.390693
-0.658288
-0.323615
-0.228945
-0.0132268
-0.26838
0.363306
-0.525133
0.327975
-0.732883
-0.479546
-0.724267
-0.0555009
0.473189
-0.836444
0.0849183
0.876718
-0.958311
-0.539039
-0.597419
0.992804
0.240923
0.67615
0.236363
0.385743
-0.280347
0.198842
-0.611774
0.0393303
0.384366
-0.349449
0.325272
0.970123
-0.607616
0.466697
0.560592
0.157681
0.62127
0.476494
-0.051325
-0.0786471
-0.0380063
0.653669
-0.981136
0.493597
-0.0274944
-0.667747
-0.291073
-0.855783
0.900917
0.0238941
-0.217518
-0.722713
0.215627
-0.932625
-0.25945
0.476448
-0.782462
-0.789266
0.53619
0.407601
-0.752946
-0.8975
0.811384
-0.102215
-0.23669
-0.7754
0.876025
0.159837
0.103329
-0.757826
0.201976
0.473783
0.226918
-0.442517
-0.614177
-0.769392
0.57591
-0.324802
-0.871853
0.117979
-0.0870738
0.996656
0.569439
-0.0210482
0.28411
0.618073
-0.499386
0.710512
-0.0407155
-0.0261881
0.0745299
-0.938687
0.51616
-0.618333
-0.347421
0.940115
0.171813
0.918541
0.340136
0.539928
0.275744
-0.749558
-0.435154
-0.55945
-0.564963
-0.0658697
0.831562
-0.437951
-0.209838
-0.0190758
-0.983644
-0.190617
-0.636651
0.891183
0.975263
-0.172999
0.102466
-0.263048
0.365258
0.449811
-0.542895
0.71904
-0.916934
-0.652736
0.54478
0.940487
0.779972
0.235047
-0.224253
0.0877252
-0.365393
0.332998
-0.740101
0.0218537
-0.737707
-0.452624
0.232474
-0.90882
0.919613
-0.47469
0.593127
0.258568
0.661631
-0.438967
0.481757
0.765266
0.462491
-0.675899
-0.668537
0.805664
0.53709
-0.405711
-0.130567
-0.628592
0.552521
-0.447137
-0.252924
-0.749855
-0.172978
-0.746544
0.558278
0.973574
0.32543
0.353947
-0.0809779
-0.24423
0.296329
0.469747
0.673305
0.826617
-0.404371
0.999694
-0.871155
-0.680385
-0.866351
0.910811
0.579029
-0.333498
0.850116
-0.79742
0.981075
-0.938171
0.0744177
-0.520383
0.904659
0.779767
-0.592842
0.59681
0.541525
0.599965
-0.518674
-0.85593
0.585307
-0.0322354
-0.550663
0.221567
0.289177
0.0498234
-0.973252
-0.732768
-0.154988
-0.644283
-0.200348
-0.694338
0.806639
0.403601
-0.396036
0.362973
-0.63791
-0.070963
0.459552
0.784751
-0.984733
0.133914
-0.752677
-0.745683
0.892698
-0.786564
0.024092
-0.146806
0.754672
-0.366363
-0.837809
-0.754317
-0.148123
-0.569889
-0.241181
-0.451177
-0.2497
0.610002
-0.264851
-0.369234
-0.567434
-0.0597994
-0.540668
-0.816679
0.291432
0.360966
-0.388252
-0.0112012
0.300777
0.716531
-0.0432133
0.265558
0.517479
-0.551652
0.113762
0.0965061
-0.286449
-0.707683
0.507014
-0.439114
-0.870344
0.638515
-0.497944
0.596754
0.504833
0.463363
-0.92352
-0.135003
-0.707816
0.90681
0.101217
0.858473
-0.238376
-0.781596
0.304809
-0.0994494
0.526482
0.974159
-0.453681
-0.265826
-0.127123
0.0807866
0.392375
-0.579365
-0.193411
-0.348274
-0.140459
-0.856417
-0.20383
-0.689712
-0.753178
-0.26457
0.862405
0.0446265
0.407988
0.457324
-0.655997
0.927526
-0.406916
0.801982
-0.0195344
0.16079
-0.0842223
-0.0282073
0.774341
0.627432
0.68693
-0.479317
-0.978752
0.638916
0.725634
-0.36603
0.64089
-0.942589
-0.850493
0.558012
0.41342
-0.557178
0.845702
-0.482822
0.158251
0.625166
-0.148138
-0.589571
-0.994094
0.769693
-0.373693
-0.46209
0.962411
-0.28157
-0.221551
-0.801887
-0.183369
-0.450219
0.630644
-0.498985
0.682674
-0.868641
-0.536202
-0.66411
0.891279
0.943345
0.186336
-0.261143
-0.110356
-0.584466
0.241485
-0.494833
0.901689
-0.307754
-0.195849
-0.724227
-0.518052
-0.725463
0.936029
0.143846
-0.118607
0.234003
0.952126
0.235386
0.365353
-0.563578
-0.631949
0.753834
0.379453
-0.13945
0.532809
-0.242204
-0.136277
-0.751228
0.751168
-0.0273762
-0.523197
-0.424968
0.993831
-0.340142
0.0483671
-0.359991
-0.769848
-0.179625
-0.897076
0.118051
0.566777
-0.761306
0.427101
-0.500191
-0.124422
0.418402
0.616134
-0.669744
0.814619
-0.416111
0.0377994
0.311633
0.991447
-0.456694
0.846824
0.694646
0.242365
-0.626257
-0.59755
-0.907412
-0.58322
0.14817
-0.0272297
-0.214231
-0.0493138
0.580846
0.16882
0.583082
-0.00325627
-0.32642
-0.670624
0.602647
-0.883793
-0.941164
-0.274952
-0.00957848
0.563446
0.552688
-0.647049
-0.661147
0.0110944
-0.734689
0.143565
0.229169
0.448194
0.647465
-0.521628
-0.313048
0.647983
-0.123982
0.648458
-0.80463
-0.740668
-0.483801
0.24826
-0.0833597
-0.569945
0.876837
-0.587116
0.704039
0.554027
-0.807702
-0.0677132
0.217852
-0.199283
0.286958
-0.490456
0.373222
-0.487945
-0.481673
0.0155537
0.100682
0.471747
-0.272312
-0.731548
-0.297647
0.618075
0.214459
0.399848
-0.822225
-0.605571
0.398343
-0.00517214
0.166725
0.366803
0.853666
0.710674
-0.507772
0.121797
-0.139865
-0.266015
-0.0542748
0.312345
-0.107941
-0.658912
0.164543
0.91179
-0.39111
-0.975724
-0.153576
-0.40634
0.749568
-0.283944
-0.481212
-0.613687
0.412915
-0.176543
-0.522647
0.665685
0.00550659
0.364335
0.347743
0.354071
0.388493
-0.617734
-0.408596
0.614746
-0.946857
-0.9127
0.634074
0.250843
0.0290228
-0.0228879
-0.544784
-0.702652
0.155403
-0.0675819
-0.350978
0.396702
-0.180477
-0.855881
0.829252
0.85016
-0.202547
0.367627
-0.959085
0.389835
-0.836422
-0.821492
0.0107306
-0.409644
-0.382567
-0.277244
0.447744
-0.282562
0.399433
-0.206951
0.319863
0.685027
0.215141
-0.54428
0.923288
0.381186
0.940863
-0.147103
0.702557
-0.762628
-0.394899
-0.950348
0.825676
-0.201361
-0.933283
0.850696
-0.803759
0.99502
-0.792105
0.154099
0.470838
-0.578743
-0.299308
0.643262
-0.0202495
-0.812838
-0.29827
-0.92429
-0.973462
-0.845216
0.746504
0.99719
0.282301
0.816977
0.145498
0.191153
0.335127
-0.518283
0.887723
-0.146005
0.0557571
0.0118779
-0.964716
-0.739946
0.538929
-0.29495
0.858702
-0.0339476
-0.815705
0.99608
-0.729173
-0.48582
-0.844765
0.105315
-0.910733
-0.281268
-0.0297572
0.454471
-0.4797
0.0789053
-0.0973033
0.281398
-0.62838
0.420551
-0.474886
0.936885
-0.9977
0.992458
0.439442
0.226376
0.499264
-0.313864
-0.682053
0.568548
0.713294
0.65522
0.689276
-0.674165
0.643834
0.413989
-0.980708
-0.0731658
0.177181
-0.137519
0.0594959
0.853844
0.801831
0.933216
0.702468
-0.589288
-0.67258
-0.0496494
0.00189295
-0.157691
0.937596
-0.816492
-0.731265
-0.679615
0.653999
0.0938614
-0.225577
0.548409
-0.376223
-0.391071
-0.161501
-0.400806
0.764208
0.940982
-0.605293
-0.400976
-0.742019
0.609131
-0.0754781
0.31824
0.474938
-0.605067
0.56247
-0.14898
0.297812
0.711434
-0.979133
-0.77349
-0.144154
-0.0930182
-0.777774
0.136017
0.984239
-0.0537056
0.0240305
0.549213
-0.723115
-0.771314
-0.242217
0.51205
-0.971882
0.783214
-0.346853
-0.427007
-0.964656
-0.565094
-0.629297
-0.899283
-0.984185
0.959479
0.143408
0.010908
0.167046
0.174293
0.181629
-0.486864
-0.801434
-0.104471
-0.169465
0.140569
-0.110803
-0.85794
0.517996
-0.0752127
0.583294
-0.0662716
0.0733578
-0.327668
0.600517
-0.13412
-0.440529
0.491625
-0.0706217
0.524373
0.279885
0.301814
-0.155255
-0.469503
0.143842
-0.162457
0.484828
0.254361
-0.481965
0.334686
0.986818
0.61999
0.721065
0.0914782
0.8357
0.123197
0.0945356
-0.860521
-0.279091
-0.868243
0.70319
0.367225
0.926621
-0.454735
0.279235
0.000639521
0.753068
-0.977049
-0.164208
-0.385167
-0.164298
0.781487
0.538548
0.590735
0.407551
0.132839
0.929055
0.281028
0.443118
-0.897289
-0.978228
-0.672752
-0.600851
-0.483589
0.412446
0.223121
0.0388116
-0.954052
0.829364
-0.943838
0.165717
0.19819
0.408483
0.723215
0.597123
-0.309441
-0.860808
0.00429258
0.716943
-0.162967
-0.727532
0.574935
0.486662
-0.00126229
-0.70947
0.0188357
-0.0621986
0.768614
