0
0
-0.288464
-0.568548
-0.564645
-0.601596
-0.250728
0.446312
-0.229631
-0.70059
-0.102341
0.610869
-0.380369
0.316112
-0.378187
0.350375
-0.430395
0.139228
-0.693116
0.331542
-0.104598
0.722081
0.281645
-0.450756
-0.043976
-0.270314
-0.891075
0.0653258
-0.854506
-0.0517225
-0.584681
-0.704642
-0.324381
-0.924968
-0.826934
-0.490087
0.811747
0.398952
0.450675
-0.818569
-0.52321
0.250778
0.175747
-0.834731
0.410983
0.0490936
0.160584
0.928265
0.385005
-0.818237
0.853592
-0.201809
-0.0493998
0.333381
-0.504483
-0.316426
-0.195789
0.37529
-0.282295
-0.125867
-0.493429
-0.748657
-0.427255
0.414436
0.57207
0.472189
-0.377631
0.78753
0.00223638
-0.760621
0.660868
-0.537175
0.137433
0.446457
0.549115
0.148641
0.0665189
-0.318356
0.49628
0.204903
0.663872
0.358691
0.805149
0.0791169
-0.0385702
0.656648
-0.58329
-0.264719
-0.374983
-0.731565
0.106563
-0.560088
0.776642
-0.541614
-0.203154
-0.886445
0.271606
0.113038
0.63174
0.123983
0.0993201
0.657271
-0.198885
-0.232491
0.118936
0.759562
-0.444329
-0.821298
0.553399
-0.656692
-0.317513
0.824587
-0.550479
0.571892
0.331455
0.0358496
-0.143954
0.294919
0.312156
0.70159
0.019578
0.308163
-0.880056
-0.0656725
0.101522
0.473226
0.227128
0.707017
0.782972
-0.512581
0.499245
-0.461834
-0.0318917
-0.0593546
-0.270865
-0.661984
-0.620654
-0.773856
-0.842578
0.240376
-0.717156
0.144861
0.504162
0.519227
0.790591
0.0978103
-0.35597
0.842052
0.190437
-0.728331
0.185735
-0.768806
-0.414422
0.511889
-0.0623962
0.309042
0.173135
0.779875
0.455932
-0.875697
-0.56367
0.325797
-0.600819
0.355362
-0.664404
0.232787
-0.0126626
-0.813494
0.689191
0.687092
0.501688
-0.465256
0.820618
-0.00598474
-0.238772
-0.178982
0.347717
0.307121
0.771983
0.469671
-0.20035
0.22249
-0.324998
-0.476862
0.320451
-0.0285035
-0.301713
-0.575036
0.0447066
-0.923266
-0.145757
-0.483571
0.702943
-0.206765
-0.235268
-0.681722
0.357429
0.632626
-0.706323
-0.401667
-0.646724
0.0748902
-0.545644
-0.613995
0.536313
0.212955
0.566687
-0.169777
-0.40924
-0.839639
-0.182302
-0.363579
-0.170025
-0.964776
0.0718946
0.15616
0.88519
-0.0538885
0.0121168
-0.758274
-0.173381
0.541138
0.455984
0.506
-0.518117
0.814267
-0.297324
0.442024
0.343554
-0.572874
-0.248163
0.710672
-0.674436
-0.199137
-0.0410019
-0.298919
-0.144342
-0.239305
-0.744576
-0.537458
-0.847132
-0.41224
0.23493
0.533963
-0.915359
-0.0027832
0.404846
0.733794
0.76772
-0.588286
-0.774886
-0.0384621
-0.20254
0.361324
0.22085
0.934306
-0.0229202
0.303716
0.0593211
0.187581
-0.226043
-0.35769
-0.719014
0.463079
0.397385
-0.252515
-0.902491
-0.387769
-0.0150947
-0.326581
0.0669035
-0.695997
-0.841218
-0.518904
0.0980607
-0.917314
-0.305083
-0.65266
0.979241
-0.113697
0.0606432
-0.64274
-0.488286
0.177995
0.095309
-0.125691
-0.526878
0.803737
0.104367
0.561286
-0.218531
0.804381
-0.133027
0.596414
0.697093
0.604163
-0.214218
-0.684247
0.260038
-0.758708
-0.563089
0.510572
0.739557
-0.358614
-0.117878
0.261553
0.295204
0.617629
-0.376338
0.164666
-0.675238
-0.697748
0.0563628
-0.20927
0.509145
0.854163
-0.666397
-0.719442
0.1278
-0.75118
-0.690607
-0.680155
-0.0949495
0.134919
-0.159328
0.00195586
-0.318062
-0.708499
-0.201297
0.479932
-0.160088
-0.459509
0.199274
-0.501954
-0.100575
-0.0828204
-0.791319
-0.103425
0.941959
0.145326
-0.0372289
-0.541117
-0.796154
0.376992
0.130749
0.145038
0.527248
0.502654
0.735181
0.109596
-0.332615
0.102034
0.956475
-0.128898
-0.602613
0.659917
0.249773
0.871722
0.634405
0.0788967
0.180931
-0.480931
-0.609829
-0.68017
-0.594467
0.651897
-0.253282
0.395785
-0.380739
-0.906346
0.538376
0.470472
0.455208
0.338489
0.714431
-0.277627
0.326911
0.504068
0.0274854
-0.426605
-0.564708
-0.322281
-0.939554
0.0246902
0.96083
0.129663
0.524264
0.277904
-0.256712
-0.678921
0.724787
-0.242642
0.0265464
-0.863127
-0.432609
-0.130059
-0.545292
0.699507
-0.6505
0.449699
-0.478539
-0.125107
0.49019
0.190205
0.108206
-0.250057
-0.707356
-0.478408
-0.153363
-0.772734
-0.190241
0.560173
-0.750378
0.0519975
0.801737
0.280847
0.677434
-0.479561
-0.605046
0.16968
-0.522262
0.696267
0.582522
-0.27033
0.288688
-0.871332
-0.0439736
-0.119922
-0.892127
-0.285126
0.301443
-0.32481
0.319939
-0.787762
0.921982
-0.35842
-0.352192
-0.711323
-0.592742
-0.769016
0.162391
0.607991
0.381351
0.105105
-0.101555
-0.214481
-0.700577
0.0593561
-0.0720539
-0.27405
0.738258
-0.565172
0.670278
0.684894
0.339745
-0.106563
-0.520314
-0.0974449
0.806544
0.00635213
0.409691
-0.0136346
-0.184915
0.167011
0.273575
0.0515491
0.0110709
-0.860245
0.0074255
-0.758958
0.772592
0.156652
-0.323663
0.130551
-0.1821
-0.61737
-0.477615
-0.192118
0.879065
0.34077
-0.757886
0.231106
0.188614
0.870881
-0.406753
0.395126
0.335072
-0.490589
-0.405677
0.160897
0.764338
-0.0744931
-0.0227138
0.0662407
0.0410366
-0.930441
-0.573963
-0.36171
0.575847
0.687145
0.276391
-0.12445
-0.528162
0.773304
0.065199
-0.11438
0.380427
0.142471
0.542355
-0.809378
-0.400335
-0.564943
-0.00223053
-0.0296823
0.632337
-0.185
-0.31644
-0.656259
0.224767
-0.188385
0.421916
-0.216373
0.504925
-0.754381
-0.255902
-0.375095
0.494896
0.179767
0.197959
0.647006
0.446223
-0.57387
0.487509
0.465389
-0.840484
-0.108782
-0.288549
-0.122543
-0.769549
0.496867
-0.458942
-0.00696053
0.697821
-0.442388
-0.185799
-0.0067704
-0.342151
-0.688709
-0.175217
0.0538037
0.801587
-0.130937
0.395042
-0.243178
-0.701728
0.606404
0.0819741
-0.267163
0.320967
-0.203524
0.910821
-0.00464811
-0.247826
0.932531
0.335924
-0.343042
-0.448223
-0.0390607
0.818945
0.434073
-0.438721
0.713019
0.64555
-0.101461
0.0344859
0.914684
-0.332583
-0.497865
0.612904
-0.287043
-0.0168087
-0.843225
-0.529772
-0.839948
0.0244329
0.625819
0.954577
-0.237643
0.233294
-0.0683707
0.348657
0.155564
-0.86438
0.289206
0.542518
0.252768
-0.104481
-0.0900429
-0.698273
-0.245048
-0.26948
-0.304675
-0.593881
0.169787
0.720835
-0.395114
0.264268
0.69681
-0.864753
-0.371443
0.521171
0.800182
-0.0999689
0.437253
-0.229946
0.565813
-0.851467
-0.363495
-0.233848
-0.447856
-0.378038
-0.0731072
-0.510361
-0.361824
-0.311834
0.274283
-0.0917141
-0.386734
-0.609856
0.0676436
-0.140751
0.0277783
0.389603
0.148108
0.422391
-0.486243
-0.313847
-0.914308
-0.899822
-0.0785322
0.0664265
0.242396
-0.893508
0.283771
-0.806796
0.493987
0.43439
0.500343
-0.583093
0.558038
0.852251
0.3547
-0.0625449
0.527087
-0.0210746
-0.94263
-0.442973
-0.852731
0.410769
-0.694546
0.0492456
0.323037
-0.177681
0.491053
0.372842
0.246303
0.00243729
0.302166
-0.496681
-0.572999
0.979271
0.0572677
0.419169
0.00486227
0.599334
-0.779675
-0.529228
0.821778
0.673337
0.284162
-0.660631
-0.111076
-0.525183
0.581775
-0.604975
0.609781
-0.269117
-0.663712
0.503273
-0.762787
0.125945
-0.131519
-0.854555
0.446074
-0.267669
0.51727
-0.403989
-0.0748829
-0.818708
-0.273428
-0.310744
-0.46172
-0.871827
0.249325
0.300627
-0.181964
0.464852
0.155044
0.140737
-0.547074
0.00879328
0.364251
0.613575
0.77273
-0.313333
-0.91633
0.281214
0.649333
-0.445864
-0.135654
-0.587134
-0.686692
-0.567313
-0.0994013
0.294941
-0.775565
0.131271
0.777604
-0.729105
-0.436033
0.363965
0.337232
0.886539
-0.172618
-0.654557
0.327265
-0.104869
-0.562599
0.0376992
-0.943
0.279632
0.606177
-0.00980573
-0.628419
-0.50358
0.507591
-0.052168
-0.684774
-0.450173
-0.479548
-0.571742
0.0209488
0.387607
0.178559
-0.226758
0.589669
-0.495497
-0.584205
-0.169956
0.365711
-0.317675
-0.533586
0.048328
0.829975
-0.82376
0.0234259
-0.878603
-0.437907
0.0917715
-0.082165
0.615751
0.713714
0.543689
-0.19237
-0.215796
-0.801932
-0.239838
0.13496
-0.0670994
0.2421
-0.355186
-0.0603376
0.724416
-0.486699
-0.89265
-0.421723
-0.571399
-0.0563752
-0.285671
-0.911455
0.439936
-0.0319365
-0.122655
-0.618474
-0.0401971
0.491278
-0.698414
-0.238531
0.254516
-0.391992
-0.620673
-0.251972
0.412758
0.286171
0.301476
-0.564253
-0.161134
-0.588098
-0.255229
-0.411849
0.51817
0.102696
0.914733
-0.210695
0.374211
0.772471
0.296527
0.728316
-0.40371
-0.701586
0.195346
0.113432
-0.0235937
0.703465
-0.193787
-0.539284
-0.2676
-0.641009
0.462519
0.776717
-0.260638
0.469148
0.41277
-0.378222
0.93265
-0.309042
0.758674
-0.54461
0.774492
-0.389163
0.76217
0.263635
0.537437
-0.765149
-0.119778
-0.481604
-0.344997
-0.370441
0.759604
0.543128
0.860185
0.350786
-0.770141
0.319892
-0.750542
0.23798
0.226173
0.294193
0.907162
0.361684
-0.298649
-0.440195
0.0465779
-0.179052
-0.381008
0.902058
-0.19625
0.533752
0.531329
-0.390698
0.104623
-0.218938
0.219701
-0.117463
-0.252028
-0.554766
0.507629
-0.506239
0.802019
-0.502748
0.216015
0.17576
0.360663
-0.383902
0.159965
0.438806
-0.0447423
-0.0826831
0.729848
0.416033
0.0353879
0.751202
0.717928
-0.313376
-0.75203
0.30492
-0.0477837
0.343865
0.198136
-0.567492
-0.328545
-0.470126
-0.626548
0.198099
-0.210798
-0.359838
-0.703703
-0.00890829
0.82638
-0.51397
-0.406842
-0.168773
0.366872
0.640592
0.000429879
0.783509
-0.792417
0.329862
-0.360134
-0.0623803
-0.549242
0.443191
0.47658
-0.602636
-0.180306
-0.347363
0.0514959
-0.60752
0.170422
-0.20428
-0.720951
0.607677
-0.55696
-0.262899
0.293504
-0.806647
-0.823205
0.00909316
0.228323
0.918142
0.934728
-0.131451
-0.189886
0.422936
-0.209255
-0.844046
0.470388
-0.228059
-0.185656
-0.230955
0.297248
-0.831545
-0.142994
-0.20032
-0.0200856
-0.587203
-0.687443
-0.578697
-0.00176942
-0.217289
-0.0488344
-0.132917
-0.333237
-0.0923979
0.874672
-0.202737
-0.512905
-0.85205
0.235997
0.601823
0.115481
-0.188418
-0.380247
0.119602
-0.313161
0.788009
0.640059
0.509536
0.111358
-0.00118978
-0.532154
-0.622694
0.107469
-0.741902
-0.48937
0.54229
0.67654
-0.279718
-0.529227
-0.665195
-0.37892
-0.671416
0.178629
0.357011
0.718666
-0.0698311
0.161399
0.228587
-0.407982
0.462687
-0.201708
0.949386
0.490212
0.12583
0.0757675
0.570979
-0.289895
-0.74537
-0.675421
-0.713322
-0.302907
-0.566746
0.202806
0.128614
0.639239
-0.116362
0.741862
0.298173
-0.0941577
0.412363
0.719874
-0.67936
-0.162148
0.633526
0.159172
0.62924
-0.65195
-0.705284
0.413195
0.896577
-0.383798
0.707229
-0.648196
0.713623
0.222738
-0.0474029
0.672445
0.151141
0.236288
-0.0275432
0.715395
0.2565
-0.256132
0.21982
-0.925346
-0.368544
0.398569
-0.0135866
-0.512778
0.356225
0.0361809
-0.393764
0.613584
0.172209
0.540752
0.648688
-0.271848
-0.838972
-0.739179
0.305087
0.0185976
0.925542
0.217854
-0.526411
-0.0653411
-0.352181
0.291502
0.534183
-0.0354147
-0.287386
0.766608
0.198855
0.422076
-0.0422876
0.609634
-0.782585
-0.615298
0.0856092
0.372995
-0.727931
0.242503
-0.790261
-0.968112
-0.219494
0.227448
-0.644754
-0.0365228
-0.264357
-0.0374818
-0.54114
0.331401
-0.202069
-0.421563
0.500913
0.145667
-0.938554
0.925557
0.232554
0.939756
-0.259263
0.539248
-0.424046
0.723559
-0.553084
-0.202095
-0.62208
0.753593
0.220978
0.0616058
0.904524
0.129801
0.969762
-0.522846
0.327153
-0.039169
-0.184154
0.0717588
-0.774569
0.480325
0.655491
-0.625253
-0.630723
-0.718821
-0.490562
-0.369437
-0.615064
0.619002
0.2578
-0.000205009
0.161153
0.791877
0.466143
0.261998
0.365419
-0.848976
0.516861
0.294706
0.0222172
-0.90786
-0.213282
-0.83874
0.105334
-0.855086
0.0910243
0.621963
0.473289
-0.324153
-0.162383
0.426898
0.709359
0.112987
-0.925054
-0.395921
-0.420557
0.893846
-0.200629
0.234822
0.943792
-0.653151
0.608271
-0.533325
-0.13157
0.287478
-0.37407
0.978381
-0.0800041
0.0237966
0.064614
-0.672885
-0.249423
-0.380993
-0.231999
0.174824
-0.431286
0.61261
-0.664083
0.601794
0.64142
0.184077
-0.0784404
0.194285
-0.825629
0.510723
0.404675
0.0530791
0.592378
0.604311
0.260919
0.876582
-0.0308548
-0.339276
0.109927
-0.0274726
-0.700169
0.292547
0.0894414
-0.35036
-0.905354
0.374542
-0.166206
0.237072
0.828727
-0.195933
-0.671037
-0.391438
-0.0558171
-0.486134
0.390439
0.0106826
0.772496
-0.0621197
-0.160402
-0.132647
0.114876
-0.613995
-0.307967
-0.768078
-0.47046
-0.0460351
0.611507
-0.527544
0.267861
-0.496187
0.484033
-0.486596
-0.0658826
-0.245053
-0.887897
0.0788805
-0.630766
0.831888
-0.176427
-0.292904
-0.256758
0.655781
0.442006
-0.329903
-0.734792
0.365557
-0.285127
-0.461555
0.113056
0.0754773
-0.716113
-0.539295
0.517122
-0.251914
0.723013
0.0081402
-0.87038
-0.94457
0.162695
-0.157163
-0.944568
0.344834
0.0673856
-0.021676
-0.331596
-0.201976
-0.0717327
-0.655189
0.730387
-0.589977
-0.564184
0.679272
-0.444242
0.0901767
-0.552837
-0.767402
-0.192184
-0.10367
-0.939843
-0.78535
0.0460243
-0.0668021
0.381187
-0.77052
-0.574016
0.479207
0.16923
0.306961
-0.510039
-0.549636
-0.663751
-0.570346
0.232599
-0.510968
0.274412
0.443642
0.791876
0.149544
-0.885026
0.492517
-0.194648
-0.427246
-0.593133
-0.0767495
0.274969
0.265144
-0.864953
0.0520668
0.52458
-0.834708
0.0591861
0.122049
-0.806711
0.117716
-0.250361
0.764636
0.432744
-0.623317
0.166435
0.541472
-0.54085
0.107519
-0.628085
-0.00754949
0.173695
0.347306
0.310015
-0.59983
-0.75156
-0.29241
-0.470205
0.0982898
-0.70133
0.875024
-0.272773
0.582788
-0.0486675
0.931184
-0.045538
0.105711
-0.981862
-0.381791
0.354144
-0.0765868
0.232159
0.280826
-0.222157
0.267695
-0.194979
-0.380951
0.207117
0.0109316
-0.189403
0.421562
0.760712
0.982869
-0.157209
-0.352188
-0.031987
-0.678696
0.22809
-0.486782
0.389751
0.199072
-0.0238712
0.744725
0.539242
-0.00591198
-0.426825
0.917814
0.195021
0.266966
-0.261083
0.833138
0.452163
0.571606
-0.160438
0.675748
-0.501026
-0.129523
-0.826009
0.087092
-0.56674
0.062386
0.325282
0.903145
0.145455
0.142772
-0.480665
0.0318909
0.374024
0.425732
-0.839239
-0.109406
0.741807
0.233951
0.0827952
-0.236845
-0.325707
0.172961
0.00687496
-0.218434
0.675159
0.9269
-0.231778
-0.729436
0.331497
-0.657204
0.385999
-0.392874
-0.701935
0.509175
0.387741
0.268616
-0.119761
0.385494
-0.0543837
0.700841
-0.280392
0.217567
0.0764329
0.950087
0.00349588
-0.172803
0.782417
-0.0375799
0.480532
0.512666
-0.769868
-0.802206
-0.231166
-0.834732
0.0286068
-0.680629
0.187751
0.663515
0.615034
-0.517055
-0.289454
0.52062
-0.296661
-0.325267
-0.837409
0.0251599
0.16071
-0.0142904
0.306567
0.333877
0.248968
0.568229
-0.594519
-0.0391056
-0.418801
-0.18863
-0.556711
-0.447609
0.832578
-0.600649
0.106308
-0.308005
-0.202291
-0.621092
-0.694891
0.58156
0.437726
0.592299
-0.299887
0.582535
-0.021472
-0.748543
0.340606
-0.406503
0.736522
-0.187796
0.921341
-0.170437
0.224895
-0.576012
0.191797
-0.0544272
-0.158998
0.383577
0.88931
-0.73948
0.49477
-0.377457
0.443891
-0.0520546
-0.200764
0.0766636
0.32697
-0.402869
-0.251018
0.670154
-0.374318
-0.97006
-0.122782
0.358472
-0.106355
0.0724197
-0.330289
-0.148499
-0.744809
-0.784917
0.222008
-0.546007
0.199427
-0.143794
-0.794143
0.803489
0.378758
-0.520303
-0.480673
-0.0342305
0.560506
0.524279
0.331637
-0.40085
0.50513
0.55439
-0.693714
0.47661
-0.8714
-0.364473
0.442348
-0.0906517
0.362783
0.462369
0.323979
0.251423
0.591889
0.192541
0.0711736
-0.0283643
0.0938447
-0.00984456
-0.43939
-0.379442
-0.335279
-0.148745
0.981895
0.641436
0.585361
0.293751
-0.354203
-0.893383
0.275725
0.665288
-0.28137
-0.154281
-0.834541
0.565013
0.620912
-0.336385
0.354867
0.580422
0.0637229
0.0509506
-0.648456
-0.753134
-0.30785
-0.355493
0.907633
0.2625
-0.542547
-0.410083
-0.409543
-0.383255
-0.36365
-0.411673
0.502285
-0.739539
-0.514283
-0.521491
-0.120131
0.198768
-0.0600141
0.17754
-0.757033
-0.0124867
-0.535768
-0.423511
0.269209
0.743329
0.602665
-0.460297
0.299732
0.949663
-0.193782
-0.465453
-0.33708
-0.75859
0.0707579
0.692621
-0.0350479
0.60799
0.612601
0.193028
0.830203
-0.186549
-0.49255
0.985389
-0.113576
-0.0105482
0.708655
0.0971157
0.942655
0.645077
0.518121
0.490345
0.228548
0.255646
0.414019
0.769005
0.119361
0.135395
0.0411002
0.375765
-0.165807
0.490899
-0.177554
-0.566221
0.243344
-0.639457
-0.0649306
0.239016
-0.532197
-0.273681
-0.59819
0.0515055
-0.278987
0.717231
-0.641851
-0.436621
-0.395808
-0.449284
-0.709415
0.0677929
0.0915263
0.406307
-0.626522
-0.843835
0.076451
-0.152081
0.591286
-0.347637
0.891341
-0.361739
-0.00323717
-0.821083
0.441321
-0.0163379
0.5999
-0.778275
0.521587
-0.599867
-0.308018
0.793891
0.0312921
-0.748881
0.474965
0.939459
-0.257072
-0.0399783
0.335759
0.190485
-0.34195
0.533104
-0.667323
-0.352554
-0.778204
0.530323
-0.768554
0.149334
0.732305
0.289789
0.614555
0.356637
0.678517
-0.551949
-0.0113564
0.0406795
0.657715
-0.48681
-0.488998
-0.263719
0.0420633
-0.436123
-0.53758
-0.650684
-0.727394
0.74072
0.337593
0.641178
-0.672248
-0.0410663
-0.396314
-0.392337
0.891761
0.316904
-0.455655
0.602455
-0.733319
-0.519022
0.344393
-0.740707
-0.0441547
0.935916
0.33726
0.683763
-0.632347
0.528299
-0.187388
-0.401482
0.163779
-0.723868
0.393396
-0.52644
-0.145009
0.0233641
-0.392183
0.229
0.231179
-0.816112
-0.323683
0.840526
-0.355436
0.500445
0.188039
-0.710517
-0.670569
-0.0602152
0.949676
-0.354658
-0.547105
-0.403192
0.628456
0.89533
-0.142962
-0.0418479
-0.347894
-0.470657
0.0155594
-0.561919
0.422425
0.758488
-0.282287
-0.271286
0.314528
0.014551
-0.279117
0.371274
-0.735046
0.652149
0.167057
0.069777
0.738044
-0.394061
-0.474691
0.753808
0.618753
0.252988
0.13676
-0.626124
-0.321885
-0.306025
-0.684539
-0.444966
0.879792
0.937463
-0.126975
-0.396268
-0.893296
-0.110576
0.421665
-0.604921
0.0686006
0.23786
0.302549
-0.827047
0.485842
0.0905053
-0.420397
0.932405
0.214715
0.428986
-0.737969
-0.149462
-0.749295
-0.591356
-0.437192
-0.380236
0.832298
-0.312467
0.509608
0.247576
0.18056
-0.960262
-0.186333
0.536876
0.621168
-0.521389
-0.0489159
0.800248
-0.403596
0.584156
0.715849
0.902182
-0.309772
-0.93094
0.34053
0.131847
-0.296319
-0.742542
-0.168876
0.271391
0.79213
-0.471109
-0.880696
-0.160656
-0.759122
-0.688571
-0.614038
-0.388968
0.494822
-0.0467446
-0.776705
-0.867769
0.294439
-0.175692
-0.421141
-0.224703
0.407107
0.935305
0.0888396
0.0806542
0.862446
0.5077
-0.0514272
-0.512437
0.324853
-0.038955
-0.132695
0.11652
0.603461
-0.152804
-0.112964
-0.766141
-0.148502
-0.473354
0.109215
0.0522968
-0.106977
0.362975
-0.117412
0.451719
-0.749602
-0.610162
0.309737
-0.588315
0.0726757
0.032881
0.21378
0.527126
0.211742
-0.831357
0.308662
-0.448822
0.682218
-0.437346
-0.101886
0.775655
0.604519
-0.505598
-0.392002
-0.90063
0.0961433
0.485815
0.710571
-0.305107
-0.680813
0.285332
0.872324
-0.264326
-0.542377
0.400403
0.160215
0.363436
0.283313
0.964126
-0.0603256
-0.932649
-0.311936
0.521106
0.0844392
0.136637
0.675859
0.917921
-0.172755
0.213143
-0.665237
-0.0271681
0.924516
-0.00895498
0.654499
-0.550585
-0.16719
0.667262
0.083501
0.00679811
-0.709771
-0.178033
0.596605
0.0282877
0.161091
0.319908
0.472843
0.503395
0.356979
-0.481308
0.500328
0.75116
-0.56229
0.405559
-0.57165
0.524453
-0.46958
-0.443987
0.670947
0.341532
0.233007
-0.780629
0.120583
-0.264439
-0.297355
-0.573352
-0.366852
-0.853064
-0.316259
0.285238
-0.448092
-0.127472
0.0303038
0.399727
0.60119
0.492985
0.75934
-0.601738
0.44046
0.312732
0.0673658
0.173926
0.0689186
0.301407
-0.296337
0.568021
-0.491272
0.979863
0.036495
-0.0742633
0.816228
0.447981
0.131185
0.200622
-0.370674
0.340575
0.0607806
0.374143
-0.261983
-0.00118601
-0.9966
0.511324
-0.753084
-0.165897
0.268993
-0.329774
-0.726613
-0.360709
-0.722459
-0.165488
0.552777
-0.305861
0.442541
-0.800987
-0.50297
0.171217
0.256591
0.562452
-0.0950293
0.521037
-0.651141
0.134324
0.600485
0.851867
0.522895
0.359737
-0.889253
0.593067
0.802384
-0.454873
0.248328
-0.922759
0.217592
0.469115
-0.13967
-0.527252
-0.280088
0
0
0.0907433
0.00452157
-0.0871812
0.00469099
-0.175745
0.00235035
0.181978
0.00499922
-0.267374
0.00380119
0.272055
0.00653923
-0.35332
-0.00568565
0.35946
-0.0087155
-0.445622
-0.00319769



